       142:    177060.000000           1            4.1710   
       143:    177090.000000           1            4.0844   
       144:    177120.000000           1            4.0967   
       145:    177150.000000           1            4.1102   
       146:    177180.000000           1            4.1261   
       147:    177210.000000           1            4.1219   
       148:    177240.000000           1            4.1082   
       149:    177270.000000           1            4.1204   
       150:    177300.000000           1            4.1171   
       151:    177330.000000           1            4.1262   
       152:    177360.000000           1            4.1459   
       153:    177390.000000           1            4.1679   
       154:    177420.000000           1            4.1894   
       155:    177450.000000           1            4.2230   
       156:    177480.000000           1            4.2568   
       157:    177510.000000           1            4.2785   
       158:    177540.000000           1            4.2942   
       159:    177570.000000           1            4.3016   
       160:    177600.000000           1            4.3107   
       161:    177630.000000           1            4.3294   
       162:    177660.000000           1            4.3493   
       163:    177690.000000           1            4.3561   
       164:    177720.000000           1            4.3559   
       165:    177750.000000           1            4.3539   
       166:    177780.000000           1            4.3386   
       167:    177810.000000           1            4.3179   
       168:    177840.000000           1            4.2954   
       169:    177870.000000           1            4.2802   
       170:    177900.000000           1            4.2687   
       171:    177930.000000           1            4.2792   
       172:    177960.000000           1            4.2908   
       173:    177990.000000           1            4.2984   
       174:    178020.000000           1            4.3115   
       175:    178050.000000           1            4.3222   
       176:    178080.000000           1            4.3329   
       177:    178110.000000           1            4.3440   
       178:    178140.000000           1            4.3555   
       179:    178170.000000           1            4.3600   
       180:    178200.000000           1            4.3684   
       181:    178230.000000           1            4.3713   
       182:    178260.000000           1            4.3689   
       183:    178290.000000           1            4.3717   
       184:    178320.000000           1            4.3798   
       185:    178350.000000           1            4.3788   
       186:    178380.000000           1            4.3775   
       187:    178410.000000           1            4.3805   
       188:    178440.000000           1            4.3859   
       189:    178470.000000           1            4.3912   
       190:    178500.000000           1            4.3903   
       191:    178530.000000           1            4.3867   
       192:    178560.000000           1            4.3790   
       193:    178590.000000           1            4.3726   
       194:    178620.000000           1            4.3738   
       195:    178650.000000           1            4.3754   
       196:    178680.000000           1            4.3829   
       197:    178710.000000           1            4.3936   
       198:    178740.000000           1            4.3998   
       199:    178770.000000           1            4.3923   
       200:    178800.000000           1            4.3825   
       201:    178830.000000           1            4.3742   
       202:    178860.000000           1            4.3683   
       203:    178890.000000           1            4.3537   
       204:    178920.000000           1            4.3363   
       205:    178950.000000           1            4.3133   
       206:    178980.000000           1            4.2881   
       207:    179010.000000           1            4.2762   
       208:    179040.000000           1            4.2801   
       209:    179070.000000           1            4.2942   
       210:    179100.000000           1            4.3177   
       211:    179130.000000           1            4.3469   
       212:    179160.000000           1            4.3793   
       213:    179190.000000           1            4.4087   
       214:    179220.000000           1            4.4391   
       215:    179250.000000           1            4.4693   
       216:    179280.000000           1            4.5030   
       217:    179310.000000           1            4.5281   
       218:    179340.000000           1            4.5474   
       219:    179370.000000           1            4.5657   
       220:    179400.000000           1            4.5850   
       221:    179430.000000           1            4.5982   
       222:    179460.000000           1            4.6068   
       223:    179490.000000           1            4.6058   
       224:    179520.000000           1            4.5858   
       225:    179550.000000           1            4.5542   
       226:    179580.000000           1            4.5176   
       227:    179610.000000           1            4.4804   
       228:    179640.000000           1            4.4484   
       229:    179670.000000           1            4.4235   
       230:    179700.000000           1            4.4113   
       231:    179730.000000           1            4.3993   
       232:    179760.000000           1            4.3838   
       233:    179790.000000           1            4.3739   
       234:    179820.000000           1            4.3729   
       235:    179850.000000           1            4.3809   
       236:    179880.000000           1            4.3931   
       237:    179910.000000           1            4.4123   
       238:    179940.000000           1            4.4278   
       239:    179970.000000           1            4.4414   
       240:    180000.000000           1            4.4523   
       241:    180030.000000           1            4.4574   
       242:    180060.000000           1            4.4564   
       243:    180090.000000           1            4.4480   
       244:    180120.000000           1            4.4388   
       245:    180150.000000           1            4.4236   
       246:    180180.000000           1            4.4079   
       247:    180210.000000           1            4.3924   
       248:    180240.000000           1            4.3710   
       249:    180270.000000           1            4.3541   
       250:    180300.000000           1            4.3336   
       251:    180330.000000           1            4.3040   
       252:    180360.000000           1            4.2616   
       253:    180390.000000           1            4.2201   
       254:    180420.000000           1            4.1859   
       255:    180450.000000           1            4.1630   
       256:    180480.000000           1            4.1506   
       257:    180510.000000           1            4.1444   
       258:    180540.000000           1            4.1440   
       259:    180570.000000           1            4.1458   
       260:    180600.000000           1            4.1413   
       261:    180630.000000           1            4.1344   
       262:    180660.000000           1            4.1321   
       263:    180690.000000           1            4.1330   
       264:    180720.000000           1            4.1378   
       265:    180750.000000           1            4.1411   
       266:    180780.000000           1            4.1467   
       267:    180810.000000           1            4.1532   
       268:    180840.000000           1            4.1560   
       269:    180870.000000           1            4.1626   
       270:    180900.000000           1            4.1708   
       271:    180930.000000           1            4.1760   
       272:    180960.000000           1            4.1818   
       273:    180990.000000           1            4.1839   
       274:    181020.000000           1            4.1794   
       275:    181050.000000           1            4.1724   
       276:    181080.000000           1            4.1659   
       277:    181110.000000           1            4.1566   
       278:    181140.000000           1            4.1501   
       279:    181170.000000           1            4.1483   
       280:    181200.000000           1            4.1451   
       281:    181230.000000           1            4.1379   
       282:    181260.000000           1            4.1274   
       283:    181290.000000           1            4.1084   
       284:    181320.000000           1            4.0853   
       285:    181350.000000           1            4.0681   
       286:    181380.000000           1            4.0535   
       287:    181410.000000           1            4.0381   
       288:    181440.000000           1            4.0184   
       289:    181470.000000           1            4.0004   
       290:    181500.000000           1            3.9858   
       291:    181530.000000           1            3.9723   
       292:    181560.000000           1            3.9580   
       293:    181590.000000           1            3.9463   
       294:    181620.000000           1            3.9386   
       295:    181650.000000           1            3.9353   
       296:    181680.000000           1            3.9323   
       297:    181710.000000           1            3.9297   
       298:    181740.000000           1            3.9264   
       299:    181770.000000           1            3.9202   
       300:    181800.000000           1            3.9120   
       301:    181830.000000           1            3.8966   
       302:    181860.000000           1            3.8818   
       303:    181890.000000           1            3.8720   
       304:    181920.000000           1            3.8678   
       305:    181950.000000           1            3.8672   
       306:    181980.000000           1            3.8618   
       307:    182010.000000           1            3.8524   
       308:    182040.000000           1            3.8457   
       309:    182070.000000           1            3.8363   
       310:    182100.000000           1            3.8340   
       311:    182130.000000           1            3.8395   
       312:    182160.000000           1            3.8433   
       313:    182190.000000           1            3.8483   
       314:    182220.000000           1            3.8549   
       315:    182250.000000           1            3.8680   
       316:    182280.000000           1            3.8769   
       317:    182310.000000           1            3.8816   
       318:    182340.000000           1            3.8789   
       319:    182370.000000           1            3.8660   
       320:    182400.000000           1            3.8497   
       321:    182430.000000           1            3.8376   
       322:    182460.000000           1            3.8293   
       323:    182490.000000           1            3.8195   
       324:    182520.000000           1            3.8148   
       325:    182550.000000           1            3.8035   
       326:    182580.000000           1            3.7915   
       327:    182610.000000           1            3.7862   
       328:    182640.000000           1            3.7786   
       329:    182670.000000           1            3.7693   
       330:    182700.000000           1            3.7637   
       331:    182730.000000           1            3.7656   
       332:    182760.000000           1            3.7659   
       333:    182790.000000           1            3.7669   
       334:    182820.000000           1            3.7602   
       335:    182850.000000           1            3.7512   
       336:    182880.000000           1            3.7386   
       337:    182910.000000           1            3.7310   
       338:    182940.000000           1            3.7245   
       339:    182970.000000           1            3.7145   
       340:    183000.000000           1            3.7069   
       341:    183030.000000           1            3.6964   
       342:    183060.000000           1            3.6837   
       343:    183090.000000           1            3.6772   
       344:    183120.000000           1            3.6723   
       345:    183150.000000           1            3.6636   
       346:    183180.000000           1            3.6560   
       347:    183210.000000           1            3.6538   
       348:    183240.000000           1            3.6552   
       349:    183270.000000           1            3.6588   
       350:    183300.000000           1            3.6600   
       351:    183330.000000           1            3.6599   
       352:    183360.000000           1            3.6592   
       353:    183390.000000           1            3.6548   
       354:    183420.000000           1            3.6483   
       355:    183450.000000           1            3.6461   
       356:    183480.000000           1            3.6376   
       357:    183510.000000           1            3.6295   
       358:    183540.000000           1            3.6231   
       359:    183570.000000           1            3.6216   
       360:    183600.000000           1            3.6204   
       361:    183630.000000           1            3.6215   
       362:    183660.000000           1            3.6203   
       363:    183690.000000           1            3.6208   
       364:    183720.000000           1            3.6192   
       365:    183750.000000           1            3.6167   
       366:    183780.000000           1            3.6155   
       367:    183810.000000           1            3.6119   
       368:    183840.000000           1            3.6045   
       369:    183870.000000           1            3.5977   
       370:    183900.000000           1            3.5905   
       371:    183930.000000           1            3.5825   
       372:    183960.000000           1            3.5709   
       373:    183990.000000           1            3.5590   
       374:    184020.000000           1            3.5486   
       375:    184050.000000           1            3.5419   
       376:    184080.000000           1            3.5403   
       377:    184110.000000           1            3.5346   
       378:    184140.000000           1            3.5288   
       379:    184170.000000           1            3.5298   
       380:    184200.000000           1            3.5343   
       381:    184230.000000           1            3.5418   
       382:    184260.000000           1            3.5551   
       383:    184290.000000           1            3.5682   
       384:    184320.000000           1            3.5750   
       385:    184350.000000           1            3.5770   
       386:    184380.000000           1            3.5731   
       387:    184410.000000           1            3.5617   
       388:    184440.000000           1            3.5473   
       389:    184470.000000           1            3.5327   
       390:    184500.000000           1            3.5204   
       391:    184530.000000           1            3.5114   
       392:    184560.000000           1            3.5094   
       393:    184590.000000           1            3.5048   
       394:    184620.000000           1            3.5037   
       395:    184650.000000           1            3.5104   
       396:    184680.000000           1            3.5272   
       397:    184710.000000           1            3.5455   
       398:    184740.000000           1            3.5607   
       399:    184770.000000           1            3.5779   
       400:    184800.000000           1            3.5980   
       401:    184830.000000           1            3.6104   
       402:    184860.000000           1            3.6141   
       403:    184890.000000           1            3.6115   
       404:    184920.000000           1            3.6042   
       405:    184950.000000           1            3.5905   
       406:    184980.000000           1            3.5766   
       407:    185010.000000           1            3.5611   
       408:    185040.000000           1            3.5444   
       409:    185070.000000           1            3.5322   
       410:    185100.000000           1            3.5239   
       411:    185130.000000           1            3.5144   
       412:    185160.000000           1            3.5051   
       413:    185190.000000           1            3.4994   
       414:    185220.000000           1            3.4969   
       415:    185250.000000           1            3.4945   
       416:    185280.000000           1            3.4919   
       417:    185310.000000           1            3.4937   
       418:    185340.000000           1            3.4969   
       419:    185370.000000           1            3.4948   
       420:    185400.000000           1            3.4931   
       421:    185430.000000           1            3.4888   
       422:    185460.000000           1            3.4850   
       423:    185490.000000           1            3.4787   
       424:    185520.000000           1            3.4694   
       425:    185550.000000           1            3.4624   
       426:    185580.000000           1            3.4553   
       427:    185610.000000           1            3.4479   
       428:    185640.000000           1            3.4440   
       429:    185670.000000           1            3.4401   
       430:    185700.000000           1            3.4363   
       431:    185730.000000           1            3.4333   
       432:    185760.000000           1            3.4275   
       433:    185790.000000           1            3.4190   
       434:    185820.000000           1            3.4079   
       435:    185850.000000           1            3.3947   
       436:    185880.000000           1            3.3828   
       437:    185910.000000           1            3.3725   
       438:    185940.000000           1            3.3653   
       439:    185970.000000           1            3.3564   
       440:    186000.000000           1            3.3486   
       441:    186030.000000           1            3.3392   
       442:    186060.000000           1            3.3314   
       443:    186090.000000           1            3.3232   
       444:    186120.000000           1            3.3140   
       445:    186150.000000           1            3.3044   
       446:    186180.000000           1            3.2957   
       447:    186210.000000           1            3.2876   
       448:    186240.000000           1            3.2805   
       449:    186270.000000           1            3.2701   
       450:    186300.000000           1            3.2629   
       451:    186330.000000           1            3.2598   
       452:    186360.000000           1            3.2590   
       453:    186390.000000           1            3.2586   
       454:    186420.000000           1            3.2552   
       455:    186450.000000           1            3.2515   
       456:    186480.000000           1            3.2472   
       457:    186510.000000           1            3.2427   
       458:    186540.000000           1            3.2394   
       459:    186570.000000           1            3.2352   
       460:    186600.000000           1            3.2289   
       461:    186630.000000           1            3.2240   
       462:    186660.000000           1            3.2193   
       463:    186690.000000           1            3.2142   
       464:    186720.000000           1            3.2084   
       465:    186750.000000           1            3.2028   
       466:    186780.000000           1            3.1967   
       467:    186810.000000           1            3.1897   
       468:    186840.000000           1            3.1837   
       469:    186870.000000           1            3.1780   
       470:    186900.000000           1            3.1741   
       471:    186930.000000           1            3.1677   
       472:    186960.000000           1            3.1635   
       473:    186990.000000           1            3.1610   
       474:    187020.000000           1            3.1591   
       475:    187050.000000           1            3.1583   
       476:    187080.000000           1            3.1548   
       477:    187110.000000           1            3.1487   
       478:    187140.000000           1            3.1452   
       479:    187170.000000           1            3.1418   
       480:    187200.000000           1            3.1370   
       481:    187230.000000           1            3.1324   
       482:    187260.000000           1            3.1296   
       483:    187290.000000           1            3.1290   
       484:    187320.000000           1            3.1291   
       485:    187350.000000           1            3.1308   
       486:    187380.000000           1            3.1356   
       487:    187410.000000           1            3.1411   
       488:    187440.000000           1            3.1447   
       489:    187470.000000           1            3.1468   
       490:    187500.000000           1            3.1464   
       491:    187530.000000           1            3.1444   
       492:    187560.000000           1            3.1410   
       493:    187590.000000           1            3.1376   
       494:    187620.000000           1            3.1290   
       495:    187650.000000           1            3.1234   
       496:    187680.000000           1            3.1197   
       497:    187710.000000           1            3.1154   
       498:    187740.000000           1            3.1102   
       499:    187770.000000           1            3.1063   
       500:    187800.000000           1            3.1049   
       501:    187830.000000           1            3.0986   
       502:    187860.000000           1            3.0872   
       503:    187890.000000           1            3.0776   
       504:    187920.000000           1            3.0722   
       505:    187950.000000           1            3.0667   
       506:    187980.000000           1            3.0593   
       507:    188010.000000           1            3.0516   
       508:    188040.000000           1            3.0456   
       509:    188070.000000           1            3.0369   
       510:    188100.000000           1            3.0276   
       511:    188130.000000           1            3.0233   
       512:    188160.000000           1            3.0252   
       513:    188190.000000           1            3.0259   
       514:    188220.000000           1            3.0233   
       515:    188250.000000           1            3.0199   
       516:    188280.000000           1            3.0177   
       517:    188310.000000           1            3.0119   
       518:    188340.000000           1            3.0034   
       519:    188370.000000           1            2.9924   
       520:    188400.000000           1            2.9817   
       521:    188430.000000           1            2.9735   
       522:    188460.000000           1            2.9699   
       523:    188490.000000           1            2.9666   
       524:    188520.000000           1            2.9606   
       525:    188550.000000           1            2.9562   
       526:    188580.000000           1            2.9533   
       527:    188610.000000           1            2.9486   
       528:    188640.000000           1            2.9432   
       529:    188670.000000           1            2.9344   
       530:    188700.000000           1            2.9270   
       531:    188730.000000           1            2.9177   
       532:    188760.000000           1            2.9101   
       533:    188790.000000           1            2.9063   
       534:    188820.000000           1            2.9014   
       535:    188850.000000           1            2.8904   
       536:    188880.000000           1            2.8768   
       537:    188910.000000           1            2.8660   
       538:    188940.000000           1            2.8594   
       539:    188970.000000           1            2.8553   
       540:    189000.000000           1            2.8519   
       541:    189030.000000           1            2.8498   
       542:    189060.000000           1            2.8465   
       543:    189090.000000           1            2.8435   
       544:    189120.000000           1            2.8442   
       545:    189150.000000           1            2.8413   
       546:    189180.000000           1            2.8389   
       547:    189210.000000           1            2.8382   
       548:    189240.000000           1            2.8351   
       549:    189270.000000           1            2.8318   
       550:    189300.000000           1            2.8307   
       551:    189330.000000           1            2.8286   
       552:    189360.000000           1            2.8280   
       553:    189390.000000           1            2.8303   
       554:    189420.000000           1            2.8314   
       555:    189450.000000           1            2.8315   
       556:    189480.000000           1            2.8305   
       557:    189510.000000           1            2.8292   
       558:    189540.000000           1            2.8276   
       559:    189570.000000           1            2.8261   
       560:    189600.000000           1            2.8206   
       561:    189630.000000           1            2.8165   
       562:    189660.000000           1            2.8128   
       563:    189690.000000           1            2.8089   
       564:    189720.000000           1            2.8040   
       565:    189750.000000           1            2.7979   
       566:    189780.000000           1            2.7930   
       567:    189810.000000           1            2.7912   
       568:    189840.000000           1            2.7875   
       569:    189870.000000           1            2.7829   
       570:    189900.000000           1            2.7826   
       571:    189930.000000           1            2.7841   
       572:    189960.000000           1            2.7834   
       573:    189990.000000           1            2.7788   
       574:    190020.000000           1            2.7731   
       575:    190050.000000           1            2.7676   
       576:    190080.000000           1            2.7605   
       577:    190110.000000           1            2.7573   
       578:    190140.000000           1            2.7562   
       579:    190170.000000           1            2.7547   
       580:    190200.000000           1            2.7568   
       581:    190230.000000           1            2.7555   
       582:    190260.000000           1            2.7518   
       583:    190290.000000           1            2.7485   
       584:    190320.000000           1            2.7463   
       585:    190350.000000           1            2.7456   
       586:    190380.000000           1            2.7476   
       587:    190410.000000           1            2.7504   
       588:    190440.000000           1            2.7503   
       589:    190470.000000           1            2.7510   
       590:    190500.000000           1            2.7531   
       591:    190530.000000           1            2.7550   
       592:    190560.000000           1            2.7603   
       593:    190590.000000           1            2.7676   
       594:    190620.000000           1            2.7760   
       595:    190650.000000           1            2.7866   
       596:    190680.000000           1            2.7951   
       597:    190710.000000           1            2.7982   
       598:    190740.000000           1            2.7988   
       599:    190770.000000           1            2.7974   
       600:    190800.000000           1            2.7939   
       601:    190830.000000           1            2.7873   
       602:    190860.000000           1            2.7791   
       603:    190890.000000           1            2.7708   
       604:    190920.000000           1            2.7600   
       605:    190950.000000           1            2.7497   
       606:    190980.000000           1            2.7385   
       607:    191010.000000           1            2.7308   
       608:    191040.000000           1            2.7267   
       609:    191070.000000           1            2.7256   
       610:    191100.000000           1            2.7271   
       611:    191130.000000           1            2.7297   
       612:    191160.000000           1            2.7332   
       613:    191190.000000           1            2.7363   
       614:    191220.000000           1            2.7373   
       615:    191250.000000           1            2.7373   
       616:    191280.000000           1            2.7390   
       617:    191310.000000           1            2.7398   
       618:    191340.000000           1            2.7405   
       619:    191370.000000           1            2.7446   
       620:    191400.000000           1            2.7490   
       621:    191430.000000           1            2.7525   
       622:    191460.000000           1            2.7548   
       623:    191490.000000           1            2.7541   
       624:    191520.000000           1            2.7497   
       625:    191550.000000           1            2.7445   
       626:    191580.000000           1            2.7421   
       627:    191610.000000           1            2.7392   
       628:    191640.000000           1            2.7359   
       629:    191670.000000           1            2.7346   
       630:    191700.000000           1            2.7345   
       631:    191730.000000           1            2.7345   
       632:    191760.000000           1            2.7356   
       633:    191790.000000           1            2.7380   
       634:    191820.000000           1            2.7395   
       635:    191850.000000           1            2.7373   
       636:    191880.000000           1            2.7338   
       637:    191910.000000           1            2.7286   
       638:    191940.000000           1            2.7244   
       639:    191970.000000           1            2.7228   
       640:    192000.000000           1            2.7215   
       641:    192030.000000           1            2.7197   
       642:    192060.000000           1            2.7203   
       643:    192090.000000           1            2.7208   
       644:    192120.000000           1            2.7195   
       645:    192150.000000           1            2.7158   
       646:    192180.000000           1            2.7126   
       647:    192210.000000           1            2.7092   
       648:    192240.000000           1            2.7073   
       649:    192270.000000           1            2.7066   
       650:    192300.000000           1            2.7076   
       651:    192330.000000           1            2.7125   
       652:    192360.000000           1            2.7182   
       653:    192390.000000           1            2.7226   
       654:    192420.000000           1            2.7281   
       655:    192450.000000           1            2.7350   
       656:    192480.000000           1            2.7402   
       657:    192510.000000           1            2.7413   
       658:    192540.000000           1            2.7417   
       659:    192570.000000           1            2.7416   
       660:    192600.000000           1            2.7423   
       661:    192630.000000           1            2.7413   
       662:    192660.000000           1            2.7377   
       663:    192690.000000           1            2.7323   
       664:    192720.000000           1            2.7281   
       665:    192750.000000           1            2.7247   
       666:    192780.000000           1            2.7199   
       667:    192810.000000           1            2.7174   
       668:    192840.000000           1            2.7169   
       669:    192870.000000           1            2.7168   
       670:    192900.000000           1            2.7203   
       671:    192930.000000           1            2.7272   
       672:    192960.000000           1            2.7355   
       673:    192990.000000           1            2.7422   
       674:    193020.000000           1            2.7465   
       675:    193050.000000           1            2.7498   
       676:    193080.000000           1            2.7483   
       677:    193110.000000           1            2.7459   
       678:    193140.000000           1            2.7452   
       679:    193170.000000           1            2.7444   
       680:    193200.000000           1            2.7425   
       681:    193230.000000           1            2.7408   
       682:    193260.000000           1            2.7416   
       683:    193290.000000           1            2.7418   
       684:    193320.000000           1            2.7404   
       685:    193350.000000           1            2.7389   
       686:    193380.000000           1            2.7377   
       687:    193410.000000           1            2.7407   
       688:    193440.000000           1            2.7450   
       689:    193470.000000           1            2.7453   
       690:    193500.000000           1            2.7448   
       691:    193530.000000           1            2.7441   
       692:    193560.000000           1            2.7440   
       693:    193590.000000           1            2.7430   
       694:    193620.000000           1            2.7409   
       695:    193650.000000           1            2.7363   
       696:    193680.000000           1            2.7307   
       697:    193710.000000           1            2.7254   
       698:    193740.000000           1            2.7203   
       699:    193770.000000           1            2.7174   
       700:    193800.000000           1            2.7145   
       701:    193830.000000           1            2.7112   
       702:    193860.000000           1            2.7091   
       703:    193890.000000           1            2.7057   
       704:    193920.000000           1            2.7018   
       705:    193950.000000           1            2.6992   
       706:    193980.000000           1            2.6960   
       707:    194010.000000           1            2.6942   
       708:    194040.000000           1            2.6947   
       709:    194070.000000           1            2.6944   
       710:    194100.000000           1            2.6937   
       711:    194130.000000           1            2.6915   
       712:    194160.000000           1            2.6875   
       713:    194190.000000           1            2.6862   
       714:    194220.000000           1            2.6860   
       715:    194250.000000           1            2.6837   
       716:    194280.000000           1            2.6801   
       717:    194310.000000           1            2.6770   
       718:    194340.000000           1            2.6734   
       719:    194370.000000           1            2.6709   
       720:    194400.000000           1            2.6690   
       721:    194430.000000           1            2.6686   
       722:    194460.000000           1            2.6694   
       723:    194490.000000           1            2.6722   
       724:    194520.000000           1            2.6734   
       725:    194550.000000           1            2.6727   
       726:    194580.000000           1            2.6720   
       727:    194610.000000           1            2.6699   
       728:    194640.000000           1            2.6666   
       729:    194670.000000           1            2.6644   
       730:    194700.000000           1            2.6625   
       731:    194730.000000           1            2.6610   
       732:    194760.000000           1            2.6593   
       733:    194790.000000           1            2.6562   
       734:    194820.000000           1            2.6541   
       735:    194850.000000           1            2.6559   
       736:    194880.000000           1            2.6599   
       737:    194910.000000           1            2.6633   
       738:    194940.000000           1            2.6645   
       739:    194970.000000           1            2.6643   
       740:    195000.000000           1            2.6625   
       741:    195030.000000           1            2.6583   
       742:    195060.000000           1            2.6551   
       743:    195090.000000           1            2.6522   
       744:    195120.000000           1            2.6519   
       745:    195150.000000           1            2.6515   
       746:    195180.000000           1            2.6511   
       747:    195210.000000           1            2.6531   
       748:    195240.000000           1            2.6574   
       749:    195270.000000           1            2.6588   
       750:    195300.000000           1            2.6557   
       751:    195330.000000           1            2.6517   
       752:    195360.000000           1            2.6480   
       753:    195390.000000           1            2.6440   
       754:    195420.000000           1            2.6414   
       755:    195450.000000           1            2.6370   
       756:    195480.000000           1            2.6360   
       757:    195510.000000           1            2.6371   
       758:    195540.000000           1            2.6394   
       759:    195570.000000           1            2.6415   
       760:    195600.000000           1            2.6428   
       761:    195630.000000           1            2.6440   
       762:    195660.000000           1            2.6436   
       763:    195690.000000           1            2.6419   
       764:    195720.000000           1            2.6395   
       765:    195750.000000           1            2.6368   
       766:    195780.000000           1            2.6317   
       767:    195810.000000           1            2.6264   
       768:    195840.000000           1            2.6232   
       769:    195870.000000           1            2.6226   
       770:    195900.000000           1            2.6259   
       771:    195930.000000           1            2.6299   
       772:    195960.000000           1            2.6325   
       773:    195990.000000           1            2.6356   
       774:    196020.000000           1            2.6379   
       775:    196050.000000           1            2.6394   
       776:    196080.000000           1            2.6395   
       777:    196110.000000           1            2.6393   
       778:    196140.000000           1            2.6393   
       779:    196170.000000           1            2.6400   
       780:    196200.000000           1            2.6420   
       781:    196230.000000           1            2.6429   
       782:    196260.000000           1            2.6418   
       783:    196290.000000           1            2.6402   
       784:    196320.000000           1            2.6382   
       785:    196350.000000           1            2.6372   
       786:    196380.000000           1            2.6356   
       787:    196410.000000           1            2.6326   
       788:    196440.000000           1            2.6284   
       789:    196470.000000           1            2.6252   
       790:    196500.000000           1            2.6212   
       791:    196530.000000           1            2.6196   
       792:    196560.000000           1            2.6209   
       793:    196590.000000           1            2.6236   
       794:    196620.000000           1            2.6267   
       795:    196650.000000           1            2.6303   
       796:    196680.000000           1            2.6328   
       797:    196710.000000           1            2.6338   
       798:    196740.000000           1            2.6327   
       799:    196770.000000           1            2.6311   
       800:    196800.000000           1            2.6288   
       801:    196830.000000           1            2.6274   
       802:    196860.000000           1            2.6275   
       803:    196890.000000           1            2.6298   
       804:    196920.000000           1            2.6339   
       805:    196950.000000           1            2.6357   
       806:    196980.000000           1            2.6359   
       807:    197010.000000           1            2.6355   
       808:    197040.000000           1            2.6353   
       809:    197070.000000           1            2.6361   
       810:    197100.000000           1            2.6374   
       811:    197130.000000           1            2.6399   
       812:    197160.000000           1            2.6393   
       813:    197190.000000           1            2.6414   
       814:    197220.000000           1            2.6404   
       815:    197250.000000           1            2.6339   
       816:    197280.000000           1            2.6349   
       817:    197310.000000           1            2.6403   
       818:    197340.000000           1            2.6409   
       819:    197370.000000           1            2.6345   
       820:    197400.000000           1            2.6318   
       821:    197430.000000           1            2.6355   
       822:    197460.000000           1            2.6437   
       823:    197490.000000           1            2.6546   
       824:    197520.000000           1            2.6636   
       825:    197550.000000           1            2.6670   
       826:    197580.000000           1            2.6678   
       827:    197610.000000           1            2.6685   
       828:    197640.000000           1            2.6675   
       829:    197670.000000           1            2.6673   
       830:    197700.000000           1            2.6682   
       831:    197730.000000           1            2.6684   
       832:    197760.000000           1            2.6669   
       833:    197790.000000           1            2.6648   
       834:    197820.000000           1            2.6646   
       835:    197850.000000           1            2.6660   
       836:    197880.000000           1            2.6689   
       837:    197910.000000           1            2.6721   
       838:    197940.000000           1            2.6746   
       839:    197970.000000           1            2.6737   
       840:    198000.000000           1            2.6727   
