       829:    197670.000000           1           28.7661   
       830:    197700.000000           1           28.7396   
       831:    197730.000000           1           28.7629   
       832:    197760.000000           1           28.7468   
       833:    197790.000000           1           28.7126   
       834:    197820.000000           1           28.6717   
       835:    197850.000000           1           28.6773   
       836:    197880.000000           1           28.7020   
       837:    197910.000000           1           28.6961   
       838:    197940.000000           1           28.6856   
       839:    197970.000000           1           28.6802   
       840:    198000.000000           1           28.7037   
       841:    198030.000000           1           28.7295   
       842:    198060.000000           1           28.7763   
       843:    198090.000000           1           28.8064   
       844:    198120.000000           1           28.8294   
       845:    198150.000000           1           28.8544   
       846:    198180.000000           1           28.8619   
       847:    198210.000000           1           28.8544   
       848:    198240.000000           1           28.8554   
       849:    198270.000000           1           28.8502   
       850:    198300.000000           1           28.8384   
       851:    198330.000000           1           28.8266   
       852:    198360.000000           1           28.8240   
       853:    198390.000000           1           28.8285   
       854:    198420.000000           1           28.8436   
       855:    198450.000000           1           28.8451   
       856:    198480.000000           1           28.8232   
       857:    198510.000000           1           28.7992   
       858:    198540.000000           1           28.7967   
       859:    198570.000000           1           28.7955   
       860:    198600.000000           1           28.7927   
       861:    198630.000000           1           28.7841   
       862:    198660.000000           1           28.7881   
       863:    198690.000000           1           28.7902   
       864:    198720.000000           1           28.7848   
       865:    198750.000000           1           28.7772   
       866:    198780.000000           1           28.7752   
       867:    198810.000000           1           28.7737   
       868:    198840.000000           1           28.7780   
       869:    198870.000000           1           28.7812   
       870:    198900.000000           1           28.7865   
       871:    198930.000000           1           28.7938   
       872:    198960.000000           1           28.8005   
       873:    198990.000000           1           28.8049   
       874:    199020.000000           1           28.8100   
       875:    199050.000000           1           28.8083   
       876:    199080.000000           1           28.8129   
       877:    199110.000000           1           28.8174   
       878:    199140.000000           1           28.8209   
       879:    199170.000000           1           28.8254   
       880:    199200.000000           1           28.8297   
       881:    199230.000000           1           28.8308   
       882:    199260.000000           1           28.8276   
       883:    199290.000000           1           28.8329   
       884:    199320.000000           1           28.8391   
       885:    199350.000000           1           28.8492   
       886:    199380.000000           1           28.8562   
       887:    199410.000000           1           28.8638   
       888:    199440.000000           1           28.8641   
       889:    199470.000000           1           28.8656   
       890:    199500.000000           1           28.8658   
       891:    199530.000000           1           28.8656   
       892:    199560.000000           1           28.8642   
       893:    199590.000000           1           28.8619   
       894:    199620.000000           1           28.8578   
       895:    199650.000000           1           28.8555   
       896:    199680.000000           1           28.8543   
       897:    199710.000000           1           28.8547   
       898:    199740.000000           1           28.8575   
       899:    199770.000000           1           28.8589   
       900:    199800.000000           1           28.8585   
       901:    199830.000000           1           28.8627   
       902:    199860.000000           1           28.8640   
       903:    199890.000000           1           28.8638   
       904:    199920.000000           1           28.8655   
       905:    199950.000000           1           28.8643   
       906:    199980.000000           1           28.8646   
       907:    200010.000000           1           28.8646   
       908:    200040.000000           1           28.8648   
       909:    200070.000000           1           28.8627   
       910:    200100.000000           1           28.8598   
       911:    200130.000000           1           28.8589   
       912:    200160.000000           1           28.8617   
       913:    200190.000000           1           28.8613   
       914:    200220.000000           1           28.8614   
       915:    200250.000000           1           28.8639   
       916:    200280.000000           1           28.8635   
       917:    200310.000000           1           28.8629   
       918:    200340.000000           1           28.8606   
       919:    200370.000000           1           28.8603   
       920:    200400.000000           1           28.8604   
       921:    200430.000000           1           28.8619   
       922:    200460.000000           1           28.8628   
       923:    200490.000000           1           28.8638   
       924:    200520.000000           1           28.8647   
       925:    200550.000000           1           28.8650   
       926:    200580.000000           1           28.8659   
       927:    200610.000000           1           28.8669   
       928:    200640.000000           1           28.8697   
       929:    200670.000000           1           28.8691   
       930:    200700.000000           1           28.8683   
       931:    200730.000000           1           28.8648   
       932:    200760.000000           1           28.8619   
       933:    200790.000000           1           28.8592   
       934:    200820.000000           1           28.8572   
       935:    200850.000000           1           28.8558   
       936:    200880.000000           1           28.8544   
       937:    200910.000000           1           28.8535   
       938:    200940.000000           1           28.8555   
       939:    200970.000000           1           28.8554   
       940:    201000.000000           1           28.8535   
       941:    201030.000000           1           28.8504   
       942:    201060.000000           1           28.8463   
       943:    201090.000000           1           28.8415   
       944:    201120.000000           1           28.8377   
       945:    201150.000000           1           28.8377   
       946:    201180.000000           1           28.8412   
       947:    201210.000000           1           28.8453   
       948:    201240.000000           1           28.8495   
       949:    201270.000000           1           28.8531   
       950:    201300.000000           1           28.8530   
       951:    201330.000000           1           28.8535   
       952:    201360.000000           1           28.8533   
       953:    201390.000000           1           28.8497   
       954:    201420.000000           1           28.8496   
       955:    201450.000000           1           28.8510   
       956:    201480.000000           1           28.8520   
       957:    201510.000000           1           28.8535   
       958:    201540.000000           1           28.8538   
       959:    201570.000000           1           28.8543   
       960:    201600.000000           1           28.8515   
       961:    201630.000000           1           28.8499   
       962:    201660.000000           1           28.8494   
       963:    201690.000000           1           28.8486   
       964:    201720.000000           1           28.8477   
       965:    201750.000000           1           28.8472   
       966:    201780.000000           1           28.8459   
       967:    201810.000000           1           28.8443   
       968:    201840.000000           1           28.8443   
       969:    201870.000000           1           28.8433   
       970:    201900.000000           1           28.8419   
       971:    201930.000000           1           28.8446   
       972:    201960.000000           1           28.8481   
       973:    201990.000000           1           28.8499   
       974:    202020.000000           1           28.8512   
       975:    202050.000000           1           28.8531   
       976:    202080.000000           1           28.8534   
       977:    202110.000000           1           28.8522   
       978:    202140.000000           1           28.8516   
       979:    202170.000000           1           28.8512   
       980:    202200.000000           1           28.8512   
       981:    202230.000000           1           28.8509   
       982:    202260.000000           1           28.8498   
       983:    202290.000000           1           28.8495   
       984:    202320.000000           1           28.8495   
       985:    202350.000000           1           28.8521   
       986:    202380.000000           1           28.8528   
       987:    202410.000000           1           28.8530   
       988:    202440.000000           1           28.8538   
       989:    202470.000000           1           28.8522   
       990:    202500.000000           1           28.8490   
       991:    202530.000000           1           28.8455   
       992:    202560.000000           1           28.8428   
       993:    202590.000000           1           28.8394   
       994:    202620.000000           1           28.8364   
       995:    202650.000000           1           28.8345   
       996:    202680.000000           1           28.8340   
       997:    202710.000000           1           28.8339   
       998:    202740.000000           1           28.8344   
       999:    202770.000000           1           28.8330   
      1000:    202800.000000           1           28.8308   
      1001:    202830.000000           1           28.8286   
      1002:    202860.000000           1           28.8266   
      1003:    202890.000000           1           28.8254   
      1004:    202920.000000           1           28.8259   
      1005:    202950.000000           1           28.8255   
      1006:    202980.000000           1           28.8241   
      1007:    203010.000000           1           28.8224   
      1008:    203040.000000           1           28.8207   
      1009:    203070.000000           1           28.8191   
      1010:    203100.000000           1           28.8178   
      1011:    203130.000000           1           28.8170   
      1012:    203160.000000           1           28.8180   
      1013:    203190.000000           1           28.8189   
      1014:    203220.000000           1           28.8194   
      1015:    203250.000000           1           28.8197   
      1016:    203280.000000           1           28.8200   
      1017:    203310.000000           1           28.8193   
      1018:    203340.000000           1           28.8195   
      1019:    203370.000000           1           28.8197   
      1020:    203400.000000           1           28.8197   
      1021:    203430.000000           1           28.8191   
      1022:    203460.000000           1           28.8186   
      1023:    203490.000000           1           28.8172   
      1024:    203520.000000           1           28.8161   
      1025:    203550.000000           1           28.8147   
      1026:    203580.000000           1           28.8149   
      1027:    203610.000000           1           28.8152   
      1028:    203640.000000           1           28.8156   
      1029:    203670.000000           1           28.8147   
      1030:    203700.000000           1           28.8135   
      1031:    203730.000000           1           28.8103   
      1032:    203760.000000           1           28.8076   
      1033:    203790.000000           1           28.8044   
      1034:    203820.000000           1           28.8003   
      1035:    203850.000000           1           28.7966   
      1036:    203880.000000           1           28.7923   
      1037:    203910.000000           1           28.7886   
      1038:    203940.000000           1           28.7859   
      1039:    203970.000000           1           28.7840   
      1040:    204000.000000           1           28.7830   
      1041:    204030.000000           1           28.7835   
      1042:    204060.000000           1           28.7833   
      1043:    204090.000000           1           28.7832   
      1044:    204120.000000           1           28.7858   
      1045:    204150.000000           1           28.7899   
      1046:    204180.000000           1           28.7945   
      1047:    204210.000000           1           28.7963   
      1048:    204240.000000           1           28.7964   
      1049:    204270.000000           1           28.7964   
      1050:    204300.000000           1           28.7956   
      1051:    204330.000000           1           28.7949   
      1052:    204360.000000           1           28.7955   
      1053:    204390.000000           1           28.7940   
      1054:    204420.000000           1           28.7912   
      1055:    204450.000000           1           28.7878   
      1056:    204480.000000           1           28.7841   
      1057:    204510.000000           1           28.7818   
      1058:    204540.000000           1           28.7803   
      1059:    204570.000000           1           28.7782   
      1060:    204600.000000           1           28.7776   
      1061:    204630.000000           1           28.7777   
      1062:    204660.000000           1           28.7785   
      1063:    204690.000000           1           28.7798   
      1064:    204720.000000           1           28.7806   
      1065:    204750.000000           1           28.7804   
      1066:    204780.000000           1           28.7786   
      1067:    204810.000000           1           28.7770   
      1068:    204840.000000           1           28.7745   
      1069:    204870.000000           1           28.7733   
      1070:    204900.000000           1           28.7736   
      1071:    204930.000000           1           28.7764   
      1072:    204960.000000           1           28.7801   
      1073:    204990.000000           1           28.7822   
      1074:    205020.000000           1           28.7843   
      1075:    205050.000000           1           28.7855   
      1076:    205080.000000           1           28.7856   
      1077:    205110.000000           1           28.7877   
      1078:    205140.000000           1           28.7887   
      1079:    205170.000000           1           28.7893   
      1080:    205200.000000           1           28.7908   
      1081:    205230.000000           1           28.7924   
      1082:    205260.000000           1           28.7921   
      1083:    205290.000000           1           28.7904   
      1084:    205320.000000           1           28.7891   
      1085:    205350.000000           1           28.7891   
      1086:    205380.000000           1           28.7890   
      1087:    205410.000000           1           28.7900   
      1088:    205440.000000           1           28.7918   
      1089:    205470.000000           1           28.7931   
      1090:    205500.000000           1           28.7937   
      1091:    205530.000000           1           28.7941   
      1092:    205560.000000           1           28.7943   
      1093:    205590.000000           1           28.7938   
      1094:    205620.000000           1           28.7929   
      1095:    205650.000000           1           28.7922   
      1096:    205680.000000           1           28.7912   
      1097:    205710.000000           1           28.7894   
      1098:    205740.000000           1           28.7875   
      1099:    205770.000000           1           28.7868   
      1100:    205800.000000           1           28.7858   
      1101:    205830.000000           1           28.7851   
      1102:    205860.000000           1           28.7845   
      1103:    205890.000000           1           28.7857   
      1104:    205920.000000           1           28.7889   
      1105:    205950.000000           1           28.7919   
      1106:    205980.000000           1           28.7940   
      1107:    206010.000000           1           28.7973   
      1108:    206040.000000           1           28.8010   
      1109:    206070.000000           1           28.8048   
      1110:    206100.000000           1           28.8096   
      1111:    206130.000000           1           28.8138   
      1112:    206160.000000           1           28.8168   
      1113:    206190.000000           1           28.8171   
      1114:    206220.000000           1           28.8154   
      1115:    206250.000000           1           28.8144   
      1116:    206280.000000           1           28.8139   
      1117:    206310.000000           1           28.8146   
      1118:    206340.000000           1           28.8154   
      1119:    206370.000000           1           28.8150   
      1120:    206400.000000           1           28.8130   
      1121:    206430.000000           1           28.8109   
      1122:    206460.000000           1           28.8106   
      1123:    206490.000000           1           28.8100   
      1124:    206520.000000           1           28.8084   
      1125:    206550.000000           1           28.8058   
      1126:    206580.000000           1           28.8039   
      1127:    206610.000000           1           28.8023   
      1128:    206640.000000           1           28.8012   
      1129:    206670.000000           1           28.8022   
      1130:    206700.000000           1           28.8048   
      1131:    206730.000000           1           28.8069   
      1132:    206760.000000           1           28.8080   
      1133:    206790.000000           1           28.8091   
      1134:    206820.000000           1           28.8097   
      1135:    206850.000000           1           28.8099   
      1136:    206880.000000           1           28.8110   
      1137:    206910.000000           1           28.8103   
      1138:    206940.000000           1           28.8096   
      1139:    206970.000000           1           28.8085   
      1140:    207000.000000           1           28.8067   
      1141:    207030.000000           1           28.8060   
      1142:    207060.000000           1           28.8035   
      1143:    207090.000000           1           28.8016   
      1144:    207120.000000           1           28.8030   
      1145:    207150.000000           1           28.8040   
      1146:    207180.000000           1           28.8048   
      1147:    207210.000000           1           28.8056   
      1148:    207240.000000           1           28.8040   
      1149:    207270.000000           1           28.8025   
      1150:    207300.000000           1           28.8016   
      1151:    207330.000000           1           28.8004   
      1152:    207360.000000           1           28.7996   
      1153:    207390.000000           1           28.7989   
      1154:    207420.000000           1           28.7985   
      1155:    207450.000000           1           28.7963   
      1156:    207480.000000           1           28.7924   
      1157:    207510.000000           1           28.7895   
      1158:    207540.000000           1           28.7874   
      1159:    207570.000000           1           28.7867   
      1160:    207600.000000           1           28.7889   
      1161:    207630.000000           1           28.7901   
      1162:    207660.000000           1           28.7901   
      1163:    207690.000000           1           28.7908   
      1164:    207720.000000           1           28.7919   
      1165:    207750.000000           1           28.7941   
      1166:    207780.000000           1           28.7955   
      1167:    207810.000000           1           28.7967   
      1168:    207840.000000           1           28.7982   
      1169:    207870.000000           1           28.8002   
      1170:    207900.000000           1           28.8022   
      1171:    207930.000000           1           28.8025   
      1172:    207960.000000           1           28.8017   
      1173:    207990.000000           1           28.8027   
      1174:    208020.000000           1           28.8048   
      1175:    208050.000000           1           28.8068   
      1176:    208080.000000           1           28.8080   
      1177:    208110.000000           1           28.8087   
      1178:    208140.000000           1           28.8078   
      1179:    208170.000000           1           28.8042   
      1180:    208200.000000           1           28.8003   
      1181:    208230.000000           1           28.7976   
      1182:    208260.000000           1           28.7973   
      1183:    208290.000000           1           28.8007   
      1184:    208320.000000           1           28.8056   
      1185:    208350.000000           1           28.8094   
      1186:    208380.000000           1           28.8098   
      1187:    208410.000000           1           28.8074   
      1188:    208440.000000           1           28.8027   
      1189:    208470.000000           1           28.7976   
      1190:    208500.000000           1           28.7944   
      1191:    208530.000000           1           28.7937   
      1192:    208560.000000           1           28.7949   
      1193:    208590.000000           1           28.7974   
      1194:    208620.000000           1           28.8004   
      1195:    208650.000000           1           28.8051   
      1196:    208680.000000           1           28.8092   
      1197:    208710.000000           1           28.8113   
      1198:    208740.000000           1           28.8116   
      1199:    208770.000000           1           28.8091   
      1200:    208800.000000           1           28.8043   
      1201:    208830.000000           1           28.8003   
      1202:    208860.000000           1           28.7977   
      1203:    208890.000000           1           28.7954   
      1204:    208920.000000           1           28.7930   
      1205:    208950.000000           1           28.7923   
      1206:    208980.000000           1           28.7920   
      1207:    209010.000000           1           28.7922   
      1208:    209040.000000           1           28.7923   
      1209:    209070.000000           1           28.7915   
      1210:    209100.000000           1           28.7910   
      1211:    209130.000000           1           28.7922   
      1212:    209160.000000           1           28.7929   
      1213:    209190.000000           1           28.7949   
      1214:    209220.000000           1           28.7962   
      1215:    209250.000000           1           28.7979   
      1216:    209280.000000           1           28.7994   
      1217:    209310.000000           1           28.8013   
      1218:    209340.000000           1           28.8034   
      1219:    209370.000000           1           28.8061   
      1220:    209400.000000           1           28.8087   
      1221:    209430.000000           1           28.8107   
      1222:    209460.000000           1           28.8119   
      1223:    209490.000000           1           28.8126   
      1224:    209520.000000           1           28.8137   
      1225:    209550.000000           1           28.8150   
      1226:    209580.000000           1           28.8150   
      1227:    209610.000000           1           28.8148   
      1228:    209640.000000           1           28.8147   
      1229:    209670.000000           1           28.8139   
      1230:    209700.000000           1           28.8116   
      1231:    209730.000000           1           28.8099   
      1232:    209760.000000           1           28.8096   
      1233:    209790.000000           1           28.8098   
      1234:    209820.000000           1           28.8098   
      1235:    209850.000000           1           28.8104   
      1236:    209880.000000           1           28.8125   
      1237:    209910.000000           1           28.8153   
      1238:    209940.000000           1           28.8182   
      1239:    209970.000000           1           28.8214   
      1240:    210000.000000           1           28.8246   
      1241:    210030.000000           1           28.8275   
      1242:    210060.000000           1           28.8286   
      1243:    210090.000000           1           28.8287   
      1244:    210120.000000           1           28.8283   
      1245:    210150.000000           1           28.8281   
      1246:    210180.000000           1           28.8292   
      1247:    210210.000000           1           28.8293   
      1248:    210240.000000           1           28.8275   
      1249:    210270.000000           1           28.8238   
      1250:    210300.000000           1           28.8201   
      1251:    210330.000000           1           28.8154   
      1252:    210360.000000           1           28.8108   
      1253:    210390.000000           1           28.8062   
      1254:    210420.000000           1           28.8014   
      1255:    210450.000000           1           28.7960   
      1256:    210480.000000           1           28.7902   
      1257:    210510.000000           1           28.7849   
      1258:    210540.000000           1           28.7799   
      1259:    210570.000000           1           28.7772   
      1260:    210600.000000           1           28.7762   
      1261:    210630.000000           1           28.7760   
      1262:    210660.000000           1           28.7751   
      1263:    210690.000000           1           28.7749   
      1264:    210720.000000           1           28.7767   
      1265:    210750.000000           1           28.7790   
      1266:    210780.000000           1           28.7817   
      1267:    210810.000000           1           28.7837   
      1268:    210840.000000           1           28.7842   
      1269:    210870.000000           1           28.7843   
      1270:    210900.000000           1           28.7838   
      1271:    210930.000000           1           28.7824   
      1272:    210960.000000           1           28.7807   
      1273:    210990.000000           1           28.7788   
      1274:    211020.000000           1           28.7773   
      1275:    211050.000000           1           28.7771   
      1276:    211080.000000           1           28.7785   
      1277:    211110.000000           1           28.7796   
      1278:    211140.000000           1           28.7807   
      1279:    211170.000000           1           28.7822   
      1280:    211200.000000           1           28.7841   
      1281:    211230.000000           1           28.7843   
      1282:    211260.000000           1           28.7828   
      1283:    211290.000000           1           28.7804   
      1284:    211320.000000           1           28.7779   
      1285:    211350.000000           1           28.7756   
      1286:    211380.000000           1           28.7748   
      1287:    211410.000000           1           28.7750   
      1288:    211440.000000           1           28.7769   
      1289:    211470.000000           1           28.7808   
      1290:    211500.000000           1           28.7856   
      1291:    211530.000000           1           28.7896   
      1292:    211560.000000           1           28.7924   
      1293:    211590.000000           1           28.7934   
      1294:    211620.000000           1           28.7922   
      1295:    211650.000000           1           28.7900   
      1296:    211680.000000           1           28.7882   
      1297:    211710.000000           1           28.7886   
      1298:    211740.000000           1           28.7898   
      1299:    211770.000000           1           28.7920   
      1300:    211800.000000           1           28.7960   
      1301:    211830.000000           1           28.8005   
      1302:    211860.000000           1           28.8038   
      1303:    211890.000000           1           28.8057   
      1304:    211920.000000           1           28.8033   
      1305:    211950.000000           1           28.7982   
      1306:    211980.000000           1           28.7944   
      1307:    212010.000000           1           28.7924   
      1308:    212040.000000           1           28.7921   
      1309:    212070.000000           1           28.7926   
      1310:    212100.000000           1           28.7928   
      1311:    212130.000000           1           28.7950   
      1312:    212160.000000           1           28.7977   
      1313:    212190.000000           1           28.8000   
      1314:    212220.000000           1           28.8025   
      1315:    212250.000000           1           28.8048   
      1316:    212280.000000           1           28.8071   
      1317:    212310.000000           1           28.8087   
      1318:    212340.000000           1           28.8106   
      1319:    212370.000000           1           28.8121   
      1320:    212400.000000           1           28.8130   
      1321:    212430.000000           1           28.8136   
      1322:    212460.000000           1           28.8126   
      1323:    212490.000000           1           28.8098   
      1324:    212520.000000           1           28.8075   
      1325:    212550.000000           1           28.8069   
      1326:    212580.000000           1           28.8063   
      1327:    212610.000000           1           28.8056   
      1328:    212640.000000           1           28.8046   
      1329:    212670.000000           1           28.8043   
      1330:    212700.000000           1           28.8036   
      1331:    212730.000000           1           28.8014   
      1332:    212760.000000           1           28.7999   
      1333:    212790.000000           1           28.7991   
      1334:    212820.000000           1           28.7986   
      1335:    212850.000000           1           28.7977   
      1336:    212880.000000           1           28.7957   
      1337:    212910.000000           1           28.7926   
      1338:    212940.000000           1           28.7875   
      1339:    212970.000000           1           28.7827   
      1340:    213000.000000           1           28.7799   
      1341:    213030.000000           1           28.7779   
      1342:    213060.000000           1           28.7754   
      1343:    213090.000000           1           28.7737   
      1344:    213120.000000           1           28.7725   
      1345:    213150.000000           1           28.7715   
      1346:    213180.000000           1           28.7694   
      1347:    213210.000000           1           28.7657   
      1348:    213240.000000           1           28.7630   
      1349:    213270.000000           1           28.7612   
      1350:    213300.000000           1           28.7603   
      1351:    213330.000000           1           28.7610   
      1352:    213360.000000           1           28.7629   
      1353:    213390.000000           1           28.7656   
      1354:    213420.000000           1           28.7685   
      1355:    213450.000000           1           28.7705   
      1356:    213480.000000           1           28.7712   
      1357:    213510.000000           1           28.7718   
      1358:    213540.000000           1           28.7714   
      1359:    213570.000000           1           28.7700   
      1360:    213600.000000           1           28.7693   
      1361:    213630.000000           1           28.7706   
      1362:    213660.000000           1           28.7719   
      1363:    213690.000000           1           28.7723   
      1364:    213720.000000           1           28.7730   
      1365:    213750.000000           1           28.7725   
      1366:    213780.000000           1           28.7711   
      1367:    213810.000000           1           28.7693   
      1368:    213840.000000           1           28.7665   
      1369:    213870.000000           1           28.7625   
      1370:    213900.000000           1           28.7573   
      1371:    213930.000000           1           28.7532   
      1372:    213960.000000           1           28.7497   
      1373:    213990.000000           1           28.7451   
      1374:    214020.000000           1           28.7412   
      1375:    214050.000000           1           28.7376   
      1376:    214080.000000           1           28.7324   
      1377:    214110.000000           1           28.7279   
      1378:    214140.000000           1           28.7259   
      1379:    214170.000000           1           28.7220   
      1380:    214200.000000           1           28.7190   
      1381:    214230.000000           1           28.7169   
      1382:    214260.000000           1           28.7145   
      1383:    214290.000000           1           28.7110   
      1384:    214320.000000           1           28.7067   
      1385:    214350.000000           1           28.7027   
      1386:    214380.000000           1           28.6992   
      1387:    214410.000000           1           28.6966   
      1388:    214440.000000           1           28.6948   
      1389:    214470.000000           1           28.6930   
      1390:    214500.000000           1           28.6923   
      1391:    214530.000000           1           28.6921   
      1392:    214560.000000           1           28.6914   
      1393:    214590.000000           1           28.6895   
      1394:    214620.000000           1           28.6876   
      1395:    214650.000000           1           28.6869   
      1396:    214680.000000           1           28.6857   
      1397:    214710.000000           1           28.6850   
      1398:    214740.000000           1           28.6844   
      1399:    214770.000000           1           28.6837   
      1400:    214800.000000           1           28.6835   
      1401:    214830.000000           1           28.6834   
      1402:    214860.000000           1           28.6828   
      1403:    214890.000000           1           28.6831   
      1404:    214920.000000           1           28.6832   
      1405:    214950.000000           1           28.6833   
      1406:    214980.000000           1           28.6829   
      1407:    215010.000000           1           28.6835   
      1408:    215040.000000           1           28.6829   
      1409:    215070.000000           1           28.6831   
      1410:    215100.000000           1           28.6820   
      1411:    215130.000000           1           28.6807   
      1412:    215160.000000           1           28.6803   
      1413:    215190.000000           1           28.6793   
      1414:    215220.000000           1           28.6778   
      1415:    215250.000000           1           28.6761   
      1416:    215280.000000           1           28.6749   
      1417:    215310.000000           1           28.6748   
      1418:    215340.000000           1           28.6750   
      1419:    215370.000000           1           28.6758   
      1420:    215400.000000           1           28.6755   
      1421:    215430.000000           1           28.6756   
      1422:    215460.000000           1           28.6769   
      1423:    215490.000000           1           28.6808   
      1424:    215520.000000           1           28.6840   
      1425:    215550.000000           1           28.6856   
      1426:    215580.000000           1           28.6867   
      1427:    215610.000000           1           28.6867   
      1428:    215640.000000           1           28.6847   
      1429:    215670.000000           1           28.6825   
      1430:    215700.000000           1           28.6804   
      1431:    215730.000000           1           28.6782   
      1432:    215760.000000           1           28.6762   
      1433:    215790.000000           1           28.6739   
      1434:    215820.000000           1           28.6711   
      1435:    215850.000000           1           28.6679   
      1436:    215880.000000           1           28.6656   
      1437:    215910.000000           1           28.6651   
      1438:    215940.000000           1           28.6651   
      1439:    215970.000000           1           28.6664   
      1440:    216000.000000           1           28.6668   
      1441:    216030.000000           1           28.6667   
      1442:    216060.000000           1           28.6671   
      1443:    216090.000000           1           28.6668   
      1444:    216120.000000           1           28.6677   
      1445:    216150.000000           1           28.6689   
      1446:    216180.000000           1           28.6690   
      1447:    216210.000000           1           28.6685   
      1448:    216240.000000           1           28.6685   
      1449:    216270.000000           1           28.6686   
      1450:    216300.000000           1           28.6667   
      1451:    216330.000000           1           28.6637   
      1452:    216360.000000           1           28.6613   
      1453:    216390.000000           1           28.6587   
      1454:    216420.000000           1           28.6557   
      1455:    216450.000000           1           28.6524   
      1456:    216480.000000           1           28.6496   
      1457:    216510.000000           1           28.6476   
      1458:    216540.000000           1           28.6466   
      1459:    216570.000000           1           28.6460   
      1460:    216600.000000           1           28.6452   
      1461:    216630.000000           1           28.6448   
      1462:    216660.000000           1           28.6451   
      1463:    216690.000000           1           28.6468   
      1464:    216720.000000           1           28.6486   
      1465:    216750.000000           1           28.6494   
      1466:    216780.000000           1           28.6490   
      1467:    216810.000000           1           28.6475   
      1468:    216840.000000           1           28.6457   
      1469:    216870.000000           1           28.6428   
      1470:    216900.000000           1           28.6403   
      1471:    216930.000000           1           28.6397   
      1472:    216960.000000           1           28.6392   
      1473:    216990.000000           1           28.6380   
      1474:    217020.000000           1           28.6359   
      1475:    217050.000000           1           28.6339   
      1476:    217080.000000           1           28.6313   
      1477:    217110.000000           1           28.6277   
      1478:    217140.000000           1           28.6249   
      1479:    217170.000000           1           28.6218   
      1480:    217200.000000           1           28.6193   
      1481:    217230.000000           1           28.6182   
      1482:    217260.000000           1           28.6166   
      1483:    217290.000000           1           28.6158   
      1484:    217320.000000           1           28.6153   
      1485:    217350.000000           1           28.6157   
      1486:    217380.000000           1           28.6163   
      1487:    217410.000000           1           28.6162   
      1488:    217440.000000           1           28.6166   
      1489:    217470.000000           1           28.6162   
      1490:    217500.000000           1           28.6155   
      1491:    217530.000000           1           28.6139   
      1492:    217560.000000           1           28.6117   
      1493:    217590.000000           1           28.6098   
      1494:    217620.000000           1           28.6076   
      1495:    217650.000000           1           28.6076   
      1496:    217680.000000           1           28.6077   
      1497:    217710.000000           1           28.6095   
      1498:    217740.000000           1           28.6115   
      1499:    217770.000000           1           28.6117   
      1500:    217800.000000           1           28.6108   
      1501:    217830.000000           1           28.6102   
      1502:    217860.000000           1           28.6111   
      1503:    217890.000000           1           28.6131   
      1504:    217920.000000           1           28.6153   
      1505:    217950.000000           1           28.6189   
      1506:    217980.000000           1           28.6223   
      1507:    218010.000000           1           28.6256   
      1508:    218040.000000           1           28.6290   
      1509:    218070.000000           1           28.6302   
      1510:    218100.000000           1           28.6311   
      1511:    218130.000000           1           28.6315   
      1512:    218160.000000           1           28.6319   
      1513:    218190.000000           1           28.6323   
      1514:    218220.000000           1           28.6335   
      1515:    218250.000000           1           28.6365   
      1516:    218280.000000           1           28.6381   
      1517:    218310.000000           1           28.6385   
      1518:    218340.000000           1           28.6388   
      1519:    218370.000000           1           28.6384   
      1520:    218400.000000           1           28.6388   
      1521:    218430.000000           1           28.6401   
      1522:    218460.000000           1           28.6414   
      1523:    218490.000000           1           28.6435   
      1524:    218520.000000           1           28.6439   
      1525:    218550.000000           1           28.6438   
      1526:    218580.000000           1           28.6436   
      1527:    218610.000000           1           28.6416   
      1528:    218640.000000           1           28.6399   
      1529:    218670.000000           1           28.6387   
      1530:    218700.000000           1           28.6381   
      1531:    218730.000000           1           28.6386   
      1532:    218760.000000           1           28.6395   
      1533:    218790.000000           1           28.6423   
      1534:    218820.000000           1           28.6452   
      1535:    218850.000000           1           28.6471   
      1536:    218880.000000           1           28.6475   
      1537:    218910.000000           1           28.6457   
      1538:    218940.000000           1           28.6429   
      1539:    218970.000000           1           28.6400   
      1540:    219000.000000           1           28.6371   
      1541:    219030.000000           1           28.6360   
      1542:    219060.000000           1           28.6363   
      1543:    219090.000000           1           28.6372   
      1544:    219120.000000           1           28.6395   
      1545:    219150.000000           1           28.6419   
      1546:    219180.000000           1           28.6444   
      1547:    219210.000000           1           28.6453   
      1548:    219240.000000           1           28.6450   
      1549:    219270.000000           1           28.6445   
      1550:    219300.000000           1           28.6435   
      1551:    219330.000000           1           28.6415   
      1552:    219360.000000           1           28.6389   
      1553:    219390.000000           1           28.6375   
      1554:    219420.000000           1           28.6375   
      1555:    219450.000000           1           28.6382   
      1556:    219480.000000           1           28.6383   
      1557:    219510.000000           1           28.6380   
      1558:    219540.000000           1           28.6376   
      1559:    219570.000000           1           28.6369   
      1560:    219600.000000           1           28.6360   
      1561:    219630.000000           1           28.6345   
      1562:    219660.000000           1           28.6317   
      1563:    219690.000000           1           28.6280   
      1564:    219720.000000           1           28.6239   
      1565:    219750.000000           1           28.6209   
      1566:    219780.000000           1           28.6188   
      1567:    219810.000000           1           28.6173   
      1568:    219840.000000           1           28.6164   
      1569:    219870.000000           1           28.6155   
      1570:    219900.000000           1           28.6139   
      1571:    219930.000000           1           28.6129   
      1572:    219960.000000           1           28.6127   
      1573:    219990.000000           1           28.6116   
      1574:    220020.000000           1           28.6100   
      1575:    220050.000000           1           28.6073   
      1576:    220080.000000           1           28.6047   
      1577:    220110.000000           1           28.6023   
      1578:    220140.000000           1           28.5996   
      1579:    220170.000000           1           28.5971   
      1580:    220200.000000           1           28.5954   
      1581:    220230.000000           1           28.5950   
      1582:    220260.000000           1           28.5937   
      1583:    220290.000000           1           28.5926   
      1584:    220320.000000           1           28.5918   
      1585:    220350.000000           1           28.5902   
      1586:    220380.000000           1           28.5892   
      1587:    220410.000000           1           28.5880   
      1588:    220440.000000           1           28.5865   
      1589:    220470.000000           1           28.5843   
      1590:    220500.000000           1           28.5828   
      1591:    220530.000000           1           28.5809   
      1592:    220560.000000           1           28.5795   
      1593:    220590.000000           1           28.5794   
      1594:    220620.000000           1           28.5788   
      1595:    220650.000000           1           28.5782   
      1596:    220680.000000           1           28.5772   
      1597:    220710.000000           1           28.5748   
      1598:    220740.000000           1           28.5728   
      1599:    220770.000000           1           28.5707   
      1600:    220800.000000           1           28.5683   
      1601:    220830.000000           1           28.5657   
      1602:    220860.000000           1           28.5626   
      1603:    220890.000000           1           28.5584   
      1604:    220920.000000           1           28.5551   
      1605:    220950.000000           1           28.5529   
      1606:    220980.000000           1           28.5515   
      1607:    221010.000000           1           28.5494   
      1608:    221040.000000           1           28.5478   
      1609:    221070.000000           1           28.5466   
      1610:    221100.000000           1           28.5454   
      1611:    221130.000000           1           28.5443   
      1612:    221160.000000           1           28.5435   
      1613:    221190.000000           1           28.5425   
      1614:    221220.000000           1           28.5409   
      1615:    221250.000000           1           28.5403   
      1616:    221280.000000           1           28.5403   
      1617:    221310.000000           1           28.5382   
      1618:    221340.000000           1           28.5349   
      1619:    221370.000000           1           28.5308   
      1620:    221400.000000           1           28.5263   
      1621:    221430.000000           1           28.5225   
      1622:    221460.000000           1           28.5190   
      1623:    221490.000000           1           28.5158   
      1624:    221520.000000           1           28.5136   
      1625:    221550.000000           1           28.5115   
      1626:    221580.000000           1           28.5091   
      1627:    221610.000000           1           28.5059   
      1628:    221640.000000           1           28.5017   
      1629:    221670.000000           1           28.4961   
      1630:    221700.000000           1           28.4911   
      1631:    221730.000000           1           28.4875   
      1632:    221760.000000           1           28.4842   
      1633:    221790.000000           1           28.4810   
      1634:    221820.000000           1           28.4778   
      1635:    221850.000000           1           28.4741   
      1636:    221880.000000           1           28.4699   
      1637:    221910.000000           1           28.4658   
      1638:    221940.000000           1           28.4626   
      1639:    221970.000000           1           28.4589   
      1640:    222000.000000           1           28.4545   
      1641:    222030.000000           1           28.4501   
      1642:    222060.000000           1           28.4469   
      1643:    222090.000000           1           28.4447   
      1644:    222120.000000           1           28.4424   
      1645:    222150.000000           1           28.4396   
      1646:    222180.000000           1           28.4372   
      1647:    222210.000000           1           28.4355   
      1648:    222240.000000           1           28.4341   
      1649:    222270.000000           1           28.4331   
      1650:    222300.000000           1           28.4332   
      1651:    222330.000000           1           28.4318   
      1652:    222360.000000           1           28.4296   
      1653:    222390.000000           1           28.4279   
      1654:    222420.000000           1           28.4267   
      1655:    222450.000000           1           28.4258   
      1656:    222480.000000           1           28.4252   
      1657:    222510.000000           1           28.4247   
      1658:    222540.000000           1           28.4245   
      1659:    222570.000000           1           28.4234   
      1660:    222600.000000           1           28.4222   
      1661:    222630.000000           1           28.4208   
      1662:    222660.000000           1           28.4188   
      1663:    222690.000000           1           28.4166   
      1664:    222720.000000           1           28.4139   
      1665:    222750.000000           1           28.4108   
      1666:    222780.000000           1           28.4085   
      1667:    222810.000000           1           28.4060   
      1668:    222840.000000           1           28.4042   
      1669:    222870.000000           1           28.4039   
      1670:    222900.000000           1           28.4036   
      1671:    222930.000000           1           28.4022   
      1672:    222960.000000           1           28.3999   
      1673:    222990.000000           1           28.3963   
      1674:    223020.000000           1           28.3923   
      1675:    223050.000000           1           28.3884   
      1676:    223080.000000           1           28.3846   
      1677:    223110.000000           1           28.3817   
      1678:    223140.000000           1           28.3798   
      1679:    223170.000000           1           28.3764   
      1680:    223200.000000           1           28.3732   
      1681:    223230.000000           1           28.3703   
      1682:    223260.000000           1           28.3684   
      1683:    223290.000000           1           28.3660   
      1684:    223320.000000           1           28.3634   
      1685:    223350.000000           1           28.3612   
      1686:    223380.000000           1           28.3592   
      1687:    223410.000000           1           28.3572   
      1688:    223440.000000           1           28.3564   
      1689:    223470.000000           1           28.3556   
      1690:    223500.000000           1           28.3545   
      1691:    223530.000000           1           28.3528   
      1692:    223560.000000           1           28.3504   
      1693:    223590.000000           1           28.3489   
      1694:    223620.000000           1           28.3484   
      1695:    223650.000000           1           28.3478   
      1696:    223680.000000           1           28.3472   
      1697:    223710.000000           1           28.3466   
      1698:    223740.000000           1           28.3463   
      1699:    223770.000000           1           28.3470   
      1700:    223800.000000           1           28.3476   
      1701:    223830.000000           1           28.3483   
      1702:    223860.000000           1           28.3501   
      1703:    223890.000000           1           28.3524   
      1704:    223920.000000           1           28.3543   
      1705:    223950.000000           1           28.3553   
      1706:    223980.000000           1           28.3548   
      1707:    224010.000000           1           28.3532   
      1708:    224040.000000           1           28.3519   
      1709:    224070.000000           1           28.3513   
      1710:    224100.000000           1           28.3509   
      1711:    224130.000000           1           28.3513   
      1712:    224160.000000           1           28.3525   
      1713:    224190.000000           1           28.3534   
      1714:    224220.000000           1           28.3542   
      1715:    224250.000000           1           28.3541   
      1716:    224280.000000           1           28.3524   
      1717:    224310.000000           1           28.3494   
      1718:    224340.000000           1           28.3460   
      1719:    224370.000000           1           28.3430   
      1720:    224400.000000           1           28.3396   
      1721:    224430.000000           1           28.3360   
      1722:    224460.000000           1           28.3324   
      1723:    224490.000000           1           28.3288   
      1724:    224520.000000           1           28.3259   
      1725:    224550.000000           1           28.3231   
      1726:    224580.000000           1           28.3199   
      1727:    224610.000000           1           28.3163   
      1728:    224640.000000           1           28.3128   
      1729:    224670.000000           1           28.3089   
      1730:    224700.000000           1           28.3050   
      1731:    224730.000000           1           28.3004   
      1732:    224760.000000           1           28.2965   
      1733:    224790.000000           1           28.2932   
      1734:    224820.000000           1           28.2914   
      1735:    224850.000000           1           28.2904   
      1736:    224880.000000           1           28.2891   
      1737:    224910.000000           1           28.2887   
      1738:    224940.000000           1           28.2881   
      1739:    224970.000000           1           28.2873   
      1740:    225000.000000           1           28.2857   
      1741:    225030.000000           1           28.2833   
      1742:    225060.000000           1           28.2809   
      1743:    225090.000000           1           28.2789   
      1744:    225120.000000           1           28.2772   
      1745:    225150.000000           1           28.2761   
      1746:    225180.000000           1           28.2747   
      1747:    225210.000000           1           28.2735   
      1748:    225240.000000           1           28.2715   
      1749:    225270.000000           1           28.2689   
      1750:    225300.000000           1           28.2666   
      1751:    225330.000000           1           28.2653   
      1752:    225360.000000           1           28.2644   
      1753:    225390.000000           1           28.2627   
      1754:    225420.000000           1           28.2596   
      1755:    225450.000000           1           28.2562   
      1756:    225480.000000           1           28.2528   
      1757:    225510.000000           1           28.2494   
      1758:    225540.000000           1           28.2458   
      1759:    225570.000000           1           28.2434   
      1760:    225600.000000           1           28.2412   
      1761:    225630.000000           1           28.2400   
      1762:    225660.000000           1           28.2391   
      1763:    225690.000000           1           28.2385   
      1764:    225720.000000           1           28.2377   
      1765:    225750.000000           1           28.2357   
      1766:    225780.000000           1           28.2338   
      1767:    225810.000000           1           28.2322   
      1768:    225840.000000           1           28.2313   
      1769:    225870.000000           1           28.2320   
      1770:    225900.000000           1           28.2326   
      1771:    225930.000000           1           28.2325   
      1772:    225960.000000           1           28.2317   
      1773:    225990.000000           1           28.2308   
      1774:    226020.000000           1           28.2301   
      1775:    226050.000000           1           28.2288   
      1776:    226080.000000           1           28.2274   
      1777:    226110.000000           1           28.2253   
      1778:    226140.000000           1           28.2230   
      1779:    226170.000000           1           28.2212   
      1780:    226200.000000           1           28.2207   
      1781:    226230.000000           1           28.2206   
      1782:    226260.000000           1           28.2201   
      1783:    226290.000000           1           28.2199   
      1784:    226320.000000           1           28.2191   
      1785:    226350.000000           1           28.2178   
      1786:    226380.000000           1           28.2164   
      1787:    226410.000000           1           28.2146   
      1788:    226440.000000           1           28.2122   
      1789:    226470.000000           1           28.2097   
      1790:    226500.000000           1           28.2073   
      1791:    226530.000000           1           28.2058   
      1792:    226560.000000           1           28.2050   
      1793:    226590.000000           1           28.2039   
      1794:    226620.000000           1           28.2029   
      1795:    226650.000000           1           28.2022   
      1796:    226680.000000           1           28.2018   
      1797:    226710.000000           1           28.2011   
      1798:    226740.000000           1           28.2008   
      1799:    226770.000000           1           28.2016   
      1800:    226800.000000           1           28.2027   
      1801:    226830.000000           1           28.2035   
      1802:    226860.000000           1           28.2043   
      1803:    226890.000000           1           28.2043   
      1804:    226920.000000           1           28.2040   
      1805:    226950.000000           1           28.2032   
      1806:    226980.000000           1           28.2013   
      1807:    227010.000000           1           28.1991   
      1808:    227040.000000           1           28.1970   
      1809:    227070.000000           1           28.1957   
