         0:    172800.000000           1           45.2145   
         1:    172830.000000           1           46.5681   
         2:    172860.000000           1           38.1822   
         3:    172890.000000           1           33.4912   
         4:    172920.000000           1           30.9452   
         5:    172950.000000           1           34.1086   
         6:    172980.000000           1           37.4331   
         7:    173010.000000           1           37.4091   
         8:    173040.000000           1           36.9780   
         9:    173070.000000           1           35.9413   
        10:    173100.000000           1           36.1675   
        11:    173130.000000           1           37.4297   
        12:    173160.000000           1           38.0870   
        13:    173190.000000           1           37.6896   
        14:    173220.000000           1           37.3750   
        15:    173250.000000           1           37.0107   
        16:    173280.000000           1           36.8866   
        17:    173310.000000           1           37.6509   
        18:    173340.000000           1           37.9571   
        19:    173370.000000           1           38.3917   
        20:    173400.000000           1           38.3963   
        21:    173430.000000           1           38.0804   
        22:    173460.000000           1           37.9378   
        23:    173490.000000           1           37.6089   
        24:    173520.000000           1           37.4786   
        25:    173550.000000           1           37.4850   
        26:    173580.000000           1           37.4913   
        27:    173610.000000           1           37.4606   
        28:    173640.000000           1           37.3639   
        29:    173670.000000           1           37.1981   
        30:    173700.000000           1           36.9703   
        31:    173730.000000           1           36.9248   
        32:    173760.000000           1           36.9935   
        33:    173790.000000           1           37.1517   
        34:    173820.000000           1           37.3401   
       376:    184080.000000           1           36.5124   
       377:    184110.000000           1           36.4972   
       378:    184140.000000           1           36.3818   
       380:    184200.000000           1           36.5128   
       381:    184230.000000           1           36.5648   
       382:    184260.000000           1           36.5141   
       383:    184290.000000           1           36.5290   
       384:    184320.000000           1           36.5024   
       385:    184350.000000           1           36.4826   
       386:    184380.000000           1           36.5171   
       387:    184410.000000           1           36.5535   
       388:    184440.000000           1           36.5593   
       389:    184470.000000           1           36.5697   
       390:    184500.000000           1           36.5569   
       391:    184530.000000           1           36.5435   
       392:    184560.000000           1           36.5340   
       393:    184590.000000           1           36.5151   
       394:    184620.000000           1           36.5060   
       395:    184650.000000           1           36.5069   
       396:    184680.000000           1           36.5224   
       397:    184710.000000           1           36.5290   
       398:    184740.000000           1           36.5448   
       399:    184770.000000           1           36.5665   
       400:    184800.000000           1           36.5869   
       401:    184830.000000           1           36.5907   
       402:    184860.000000           1           36.5924   
       403:    184890.000000           1           36.6046   
       404:    184920.000000           1           36.6130   
       405:    184950.000000           1           36.6141   
       406:    184980.000000           1           36.6110   
       407:    185010.000000           1           36.6110   
       408:    185040.000000           1           36.5929   
       409:    185070.000000           1           36.5815   
       410:    185100.000000           1           36.5724   
       411:    185130.000000           1           36.5642   
       412:    185160.000000           1           36.5467   
       413:    185190.000000           1           36.5384   
       414:    185220.000000           1           36.5295   
       415:    185250.000000           1           36.5275   
       416:    185280.000000           1           36.5305   
       417:    185310.000000           1           36.5336   
       418:    185340.000000           1           36.5346   
       419:    185370.000000           1           36.5341   
       420:    185400.000000           1           36.5365   
       422:    185460.000000           1           35.6202   
       423:    185490.000000           1           35.5782   
       424:    185520.000000           1           35.5464   
       425:    185550.000000           1           35.5483   
       426:    185580.000000           1           35.5321   
       427:    185610.000000           1           35.5300   
       428:    185640.000000           1           35.5373   
       429:    185670.000000           1           35.5449   
       430:    185700.000000           1           35.5526   
       431:    185730.000000           1           35.5393   
       432:    185760.000000           1           35.5276   
       433:    185790.000000           1           35.5174   
       434:    185820.000000           1           35.5016   
       435:    185850.000000           1           35.4933   
       436:    185880.000000           1           35.4925   
       437:    185910.000000           1           35.4940   
       438:    185940.000000           1           35.4982   
       439:    185970.000000           1           35.4872   
       440:    186000.000000           1           35.4860   
       441:    186030.000000           1           35.4719   
       442:    186060.000000           1           35.4525   
       443:    186090.000000           1           35.4425   
       444:    186120.000000           1           35.4398   
       445:    186150.000000           1           35.4401   
       446:    186180.000000           1           35.4458   
       447:    186210.000000           1           35.4284   
       449:    186270.000000           1           14.5413   
       450:    186300.000000           1           14.4738   
       451:    186330.000000           1           14.3689   
       452:    186360.000000           1           14.3281   
       453:    186390.000000           1           14.3192   
       454:    186420.000000           1           14.3071   
       455:    186450.000000           1           14.2919   
       456:    186480.000000           1           14.2965   
       457:    186510.000000           1           14.3118   
       458:    186540.000000           1           14.3049   
       459:    186570.000000           1           14.3100   
       460:    186600.000000           1           14.3133   
       461:    186630.000000           1           14.2993   
       462:    186660.000000           1           14.2828   
       463:    186690.000000           1           14.2685   
       465:    186750.000000           1           14.0415   
       466:    186780.000000           1           14.1813   
       467:    186810.000000           1           14.2300   
       468:    186840.000000           1           14.2300   
       469:    186870.000000           1           14.2576   
       470:    186900.000000           1           14.2592   
       471:    186930.000000           1           14.2498   
       472:    186960.000000           1           14.2410   
       473:    186990.000000           1           14.2416   
       474:    187020.000000           1           14.2481   
       475:    187050.000000           1           14.2545   
       476:    187080.000000           1           14.2558   
       477:    187110.000000           1           14.2572   
       478:    187140.000000           1           14.2505   
       479:    187170.000000           1           14.2454   
       480:    187200.000000           1           14.2350   
       481:    187230.000000           1           14.2331   
       482:    187260.000000           1           14.2317   
       483:    187290.000000           1           14.2363   
       484:    187320.000000           1           14.2413   
       485:    187350.000000           1           14.2532   
       486:    187380.000000           1           14.2577   
       487:    187410.000000           1           14.2610   
       488:    187440.000000           1           14.2530   
       489:    187470.000000           1           14.2523   
       490:    187500.000000           1           14.2506   
       491:    187530.000000           1           14.2490   
       492:    187560.000000           1           14.2485   
       494:    187620.000000           1           14.3800   
       495:    187650.000000           1           14.3878   
       496:    187680.000000           1           14.3224   
       497:    187710.000000           1           14.2608   
       498:    187740.000000           1           14.2494   
       499:    187770.000000           1           14.2303   
       500:    187800.000000           1           14.2145   
       501:    187830.000000           1           14.1986   
       502:    187860.000000           1           14.1874   
       503:    187890.000000           1           14.1769   
       504:    187920.000000           1           14.1644   
       505:    187950.000000           1           14.1623   
       506:    187980.000000           1           14.1600   
       507:    188010.000000           1           14.1512   
       508:    188040.000000           1           14.1426   
       509:    188070.000000           1           14.1438   
       510:    188100.000000           1           14.1386   
       511:    188130.000000           1           14.1411   
       512:    188160.000000           1           14.1431   
       513:    188190.000000           1           14.1471   
       514:    188220.000000           1           14.1422   
       515:    188250.000000           1           14.1369   
       516:    188280.000000           1           14.1306   
       517:    188310.000000           1           14.1273   
       518:    188340.000000           1           14.1210   
       519:    188370.000000           1           14.1069   
       520:    188400.000000           1           14.0952   
       521:    188430.000000           1           14.0836   
       522:    188460.000000           1           14.0740   
       523:    188490.000000           1           14.0628   
       524:    188520.000000           1           14.0519   
       525:    188550.000000           1           14.0436   
       526:    188580.000000           1           14.0336   
       527:    188610.000000           1           14.0271   
       528:    188640.000000           1           14.0185   
       529:    188670.000000           1           14.0079   
       530:    188700.000000           1           13.9961   
       531:    188730.000000           1           13.9873   
       532:    188760.000000           1           13.9783   
       533:    188790.000000           1           13.9764   
       534:    188820.000000           1           13.9749   
       535:    188850.000000           1           13.9669   
       536:    188880.000000           1           13.9573   
       537:    188910.000000           1           13.9484   
       538:    188940.000000           1           13.9427   
       539:    188970.000000           1           13.9366   
       540:    189000.000000           1           13.9319   
       541:    189030.000000           1           13.9274   
       542:    189060.000000           1           13.9216   
       543:    189090.000000           1           13.9154   
       544:    189120.000000           1           13.9134   
       545:    189150.000000           1           13.9086   
       546:    189180.000000           1           13.9052   
       547:    189210.000000           1           13.9032   
       548:    189240.000000           1           13.8997   
       549:    189270.000000           1           13.8956   
       550:    189300.000000           1           13.8938   
       551:    189330.000000           1           13.8916   
       552:    189360.000000           1           13.8919   
       553:    189390.000000           1           13.8946   
       554:    189420.000000           1           13.8950   
       555:    189450.000000           1           13.8954   
       556:    189480.000000           1           13.8943   
       557:    189510.000000           1           13.8930   
       558:    189540.000000           1           13.8926   
       559:    189570.000000           1           13.8916   
       560:    189600.000000           1           13.8872   
       561:    189630.000000           1           13.8822   
       562:    189660.000000           1           13.8766   
       563:    189690.000000           1           13.8706   
       564:    189720.000000           1           13.8633   
       565:    189750.000000           1           13.8544   
       566:    189780.000000           1           13.8478   
       567:    189810.000000           1           13.8454   
       568:    189840.000000           1           13.8416   
       569:    189870.000000           1           13.8366   
       570:    189900.000000           1           13.8376   
       571:    189930.000000           1           13.8398   
       572:    189960.000000           1           13.8391   
       573:    189990.000000           1           13.8369   
       574:    190020.000000           1           13.8328   
       575:    190050.000000           1           13.8282   
       576:    190080.000000           1           13.8223   
       577:    190110.000000           1           13.8198   
       578:    190140.000000           1           13.8193   
       579:    190170.000000           1           13.8188   
       580:    190200.000000           1           13.8204   
       581:    190230.000000           1           13.8186   
       582:    190260.000000           1           13.8150   
       583:    190290.000000           1           13.8116   
       584:    190320.000000           1           13.8080   
       585:    190350.000000           1           13.8071   
       586:    190380.000000           1           13.8085   
       587:    190410.000000           1           13.8106   
       588:    190440.000000           1           13.8102   
       589:    190470.000000           1           13.8108   
       590:    190500.000000           1           13.8129   
       591:    190530.000000           1           13.8147   
       592:    190560.000000           1           13.8190   
       593:    190590.000000           1           13.8258   
       594:    190620.000000           1           13.8347   
       595:    190650.000000           1           13.8451   
       596:    190680.000000           1           13.8542   
       597:    190710.000000           1           13.8572   
       598:    190740.000000           1           13.8583   
       599:    190770.000000           1           13.8569   
       600:    190800.000000           1           13.8533   
       601:    190830.000000           1           13.8467   
       602:    190860.000000           1           13.8377   
       603:    190890.000000           1           13.8286   
       604:    190920.000000           1           13.8181   
       605:    190950.000000           1           13.8071   
       606:    190980.000000           1           13.7957   
       607:    191010.000000           1           13.7872   
       608:    191040.000000           1           13.7834   
       609:    191070.000000           1           13.7815   
       610:    191100.000000           1           13.7825   
       611:    191130.000000           1           13.7845   
       612:    191160.000000           1           13.7879   
       613:    191190.000000           1           13.7902   
       614:    191220.000000           1           13.7901   
       615:    191250.000000           1           13.7901   
       616:    191280.000000           1           13.7917   
       617:    191310.000000           1           13.7928   
       618:    191340.000000           1           13.7938   
       619:    191370.000000           1           13.7975   
       620:    191400.000000           1           13.8018   
       621:    191430.000000           1           13.8047   
       622:    191460.000000           1           13.8058   
       623:    191490.000000           1           13.8041   
       624:    191520.000000           1           13.7984   
       625:    191550.000000           1           13.7922   
       626:    191580.000000           1           13.7876   
       627:    191610.000000           1           13.7830   
       628:    191640.000000           1           13.7784   
       629:    191670.000000           1           13.7755   
       630:    191700.000000           1           13.7734   
       631:    191730.000000           1           13.7720   
       632:    191760.000000           1           13.7720   
       633:    191790.000000           1           13.7732   
       634:    191820.000000           1           13.7737   
       635:    191850.000000           1           13.7702   
       636:    191880.000000           1           13.7655   
       637:    191910.000000           1           13.7594   
       638:    191940.000000           1           13.7544   
       639:    191970.000000           1           13.7517   
       640:    192000.000000           1           13.7497   
       641:    192030.000000           1           13.7469   
       642:    192060.000000           1           13.7470   
       643:    192090.000000           1           13.7467   
       644:    192120.000000           1           13.7446   
       645:    192150.000000           1           13.7407   
       646:    192180.000000           1           13.7370   
       647:    192210.000000           1           13.7337   
       648:    192240.000000           1           13.7316   
       649:    192270.000000           1           13.7307   
       650:    192300.000000           1           13.7315   
       651:    192330.000000           1           13.7358   
       652:    192360.000000           1           13.7408   
       653:    192390.000000           1           13.7446   
       654:    192420.000000           1           13.7502   
       655:    192450.000000           1           13.7567   
       656:    192480.000000           1           13.7620   
       657:    192510.000000           1           13.7631   
       658:    192540.000000           1           13.7640   
       659:    192570.000000           1           13.7639   
       660:    192600.000000           1           13.7642   
       661:    192630.000000           1           13.7626   
       662:    192660.000000           1           13.7581   
       663:    192690.000000           1           13.7520   
       664:    192720.000000           1           13.7471   
       665:    192750.000000           1           13.7433   
       666:    192780.000000           1           13.7380   
       667:    192810.000000           1           13.7344   
       668:    192840.000000           1           13.7329   
       669:    192870.000000           1           13.7319   
       670:    192900.000000           1           13.7346   
       671:    192930.000000           1           13.7406   
       672:    192960.000000           1           13.7478   
       673:    192990.000000           1           13.7536   
       674:    193020.000000           1           13.7573   
       675:    193050.000000           1           13.7598   
       676:    193080.000000           1           13.7576   
       677:    193110.000000           1           13.7546   
       678:    193140.000000           1           13.7532   
       679:    193170.000000           1           13.7512   
       680:    193200.000000           1           13.7482   
       681:    193230.000000           1           13.7453   
       682:    193260.000000           1           13.7453   
       683:    193290.000000           1           13.7452   
       684:    193320.000000           1           13.7431   
       685:    193350.000000           1           13.7408   
       686:    193380.000000           1           13.7388   
       687:    193410.000000           1           13.7411   
       688:    193440.000000           1           13.7445   
       689:    193470.000000           1           13.7439   
       690:    193500.000000           1           13.7426   
       691:    193530.000000           1           13.7410   
       692:    193560.000000           1           13.7404   
       693:    193590.000000           1           13.7390   
       694:    193620.000000           1           13.7361   
       695:    193650.000000           1           13.7310   
       696:    193680.000000           1           13.7248   
       697:    193710.000000           1           13.7185   
       698:    193740.000000           1           13.7127   
       699:    193770.000000           1           13.7085   
       700:    193800.000000           1           13.7050   
       701:    193830.000000           1           13.7011   
       702:    193860.000000           1           13.6980   
       703:    193890.000000           1           13.6940   
       704:    193920.000000           1           13.6893   
       705:    193950.000000           1           13.6863   
       706:    193980.000000           1           13.6828   
       707:    194010.000000           1           13.6805   
       708:    194040.000000           1           13.6802   
       709:    194070.000000           1           13.6793   
       710:    194100.000000           1           13.6780   
       711:    194130.000000           1           13.6754   
       712:    194160.000000           1           13.6709   
       713:    194190.000000           1           13.6694   
       714:    194220.000000           1           13.6688   
       715:    194250.000000           1           13.6662   
       716:    194280.000000           1           13.6621   
       717:    194310.000000           1           13.6586   
       718:    194340.000000           1           13.6547   
       719:    194370.000000           1           13.6520   
       720:    194400.000000           1           13.6500   
       721:    194430.000000           1           13.6489   
       722:    194460.000000           1           13.6493   
       723:    194490.000000           1           13.6518   
       724:    194520.000000           1           13.6528   
       725:    194550.000000           1           13.6521   
       726:    194580.000000           1           13.6515   
       727:    194610.000000           1           13.6493   
       728:    194640.000000           1           13.6459   
       729:    194670.000000           1           13.6436   
       730:    194700.000000           1           13.6413   
       731:    194730.000000           1           13.6393   
       732:    194760.000000           1           13.6374   
       733:    194790.000000           1           13.6342   
       734:    194820.000000           1           13.6318   
       735:    194850.000000           1           13.6334   
       736:    194880.000000           1           13.6372   
       737:    194910.000000           1           13.6405   
       738:    194940.000000           1           13.6417   
       739:    194970.000000           1           13.6410   
       740:    195000.000000           1           13.6385   
       741:    195030.000000           1           13.6337   
       742:    195060.000000           1           13.6300   
       743:    195090.000000           1           13.6266   
       744:    195120.000000           1           13.6257   
       745:    195150.000000           1           13.6247   
       746:    195180.000000           1           13.6241   
       747:    195210.000000           1           13.6263   
       748:    195240.000000           1           13.6303   
       749:    195270.000000           1           13.6316   
       750:    195300.000000           1           13.6283   
       751:    195330.000000           1           13.6242   
       752:    195360.000000           1           13.6204   
       753:    195390.000000           1           13.6161   
       754:    195420.000000           1           13.6133   
       755:    195450.000000           1           13.6084   
       756:    195480.000000           1           13.6071   
       757:    195510.000000           1           13.6082   
       758:    195540.000000           1           13.6104   
       759:    195570.000000           1           13.6125   
       760:    195600.000000           1           13.6141   
       761:    195630.000000           1           13.6156   
       762:    195660.000000           1           13.6152   
       763:    195690.000000           1           13.6135   
       764:    195720.000000           1           13.6111   
       765:    195750.000000           1           13.6083   
       766:    195780.000000           1           13.6027   
       767:    195810.000000           1           13.5974   
       768:    195840.000000           1           13.5944   
       769:    195870.000000           1           13.5939   
       770:    195900.000000           1           13.5975   
       771:    195930.000000           1           13.6017   
       772:    195960.000000           1           13.6045   
       773:    195990.000000           1           13.6078   
       774:    196020.000000           1           13.6096   
       775:    196050.000000           1           13.6110   
       776:    196080.000000           1           13.6110   
       777:    196110.000000           1           13.6108   
       778:    196140.000000           1           13.6109   
       779:    196170.000000           1           13.6116   
       780:    196200.000000           1           13.6136   
       781:    196230.000000           1           13.6146   
       782:    196260.000000           1           13.6137   
       783:    196290.000000           1           13.6122   
       784:    196320.000000           1           13.6102   
       785:    196350.000000           1           13.6095   
       786:    196380.000000           1           13.6079   
       787:    196410.000000           1           13.6050   
       788:    196440.000000           1           13.6009   
       789:    196470.000000           1           13.5977   
       790:    196500.000000           1           13.5937   
       791:    196530.000000           1           13.5920   
       792:    196560.000000           1           13.5932   
       793:    196590.000000           1           13.5959   
       794:    196620.000000           1           13.5989   
       795:    196650.000000           1           13.6024   
       796:    196680.000000           1           13.6049   
       797:    196710.000000           1           13.6059   
       798:    196740.000000           1           13.6049   
       799:    196770.000000           1           13.6033   
       800:    196800.000000           1           13.6015   
       801:    196830.000000           1           13.6003   
       802:    196860.000000           1           13.6006   
       803:    196890.000000           1           13.6029   
       804:    196920.000000           1           13.6068   
       805:    196950.000000           1           13.6087   
       806:    196980.000000           1           13.6088   
       807:    197010.000000           1           13.6085   
       808:    197040.000000           1           13.6084   
       809:    197070.000000           1           13.6091   
       810:    197100.000000           1           13.6104   
       811:    197130.000000           1           13.6129   
       812:    197160.000000           1           13.6122   
       813:    197190.000000           1           13.6142   
       814:    197220.000000           1           13.6130   
       815:    197250.000000           1           13.6066   
       816:    197280.000000           1           13.6073   
       817:    197310.000000           1           13.6125   
       818:    197340.000000           1           13.6128   
       819:    197370.000000           1           13.6063   
       820:    197400.000000           1           13.6035   
       821:    197430.000000           1           13.6070   
       822:    197460.000000           1           13.6150   
       823:    197490.000000           1           13.6256   
       824:    197520.000000           1           13.6346   
       825:    197550.000000           1           13.6380   
       826:    197580.000000           1           13.6389   
       827:    197610.000000           1           13.6395   
       828:    197640.000000           1           13.6383   
       829:    197670.000000           1           13.6380   
       830:    197700.000000           1           13.6389   
       831:    197730.000000           1           13.6391   
       832:    197760.000000           1           13.6376   
       833:    197790.000000           1           13.6354   
       834:    197820.000000           1           13.6352   
       835:    197850.000000           1           13.6367   
       836:    197880.000000           1           13.6397   
       837:    197910.000000           1           13.6431   
       838:    197940.000000           1           13.6458   
       839:    197970.000000           1           13.6450   
       840:    198000.000000           1           13.6441   
       841:    198030.000000           1           13.6447   
       842:    198060.000000           1           13.6491   
       843:    198090.000000           1           13.6586   
       844:    198120.000000           1           13.6697   
       845:    198150.000000           1           13.6791   
       846:    198180.000000           1           13.6827   
       847:    198210.000000           1           13.6815   
       848:    198240.000000           1           13.6808   
       849:    198270.000000           1           13.6818   
       850:    198300.000000           1           13.6857   
       851:    198330.000000           1           13.6917   
       852:    198360.000000           1           13.6978   
       853:    198390.000000           1           13.7025   
       854:    198420.000000           1           13.7053   
       855:    198450.000000           1           13.7048   
       856:    198480.000000           1           13.7035   
       857:    198510.000000           1           13.7016   
       858:    198540.000000           1           13.6984   
       859:    198570.000000           1           13.6972   
       860:    198600.000000           1           13.6978   
       861:    198630.000000           1           13.7003   
       862:    198660.000000           1           13.7013   
       863:    198690.000000           1           13.7007   
       864:    198720.000000           1           13.6999   
       865:    198750.000000           1           13.7009   
       866:    198780.000000           1           13.7031   
       867:    198810.000000           1           13.7046   
       868:    198840.000000           1           13.7069   
       869:    198870.000000           1           13.7113   
       870:    198900.000000           1           13.7159   
       871:    198930.000000           1           13.7191   
       872:    198960.000000           1           13.7203   
       873:    198990.000000           1           13.7205   
       874:    199020.000000           1           13.7201   
       875:    199050.000000           1           13.7186   
       876:    199080.000000           1           13.7171   
       877:    199110.000000           1           13.7134   
       878:    199140.000000           1           13.7094   
       879:    199170.000000           1           13.7053   
       880:    199200.000000           1           13.7007   
       881:    199230.000000           1           13.6967   
       882:    199260.000000           1           13.6937   
       883:    199290.000000           1           13.6921   
       884:    199320.000000           1           13.6925   
       885:    199350.000000           1           13.6947   
       886:    199380.000000           1           13.6982   
       887:    199410.000000           1           13.6990   
       888:    199440.000000           1           13.6972   
       889:    199470.000000           1           13.6940   
       890:    199500.000000           1           13.6903   
       891:    199530.000000           1           13.6884   
       892:    199560.000000           1           13.6887   
       893:    199590.000000           1           13.6884   
       894:    199620.000000           1           13.6884   
       895:    199650.000000           1           13.6885   
       896:    199680.000000           1           13.6878   
       897:    199710.000000           1           13.6874   
       898:    199740.000000           1           13.6880   
       899:    199770.000000           1           13.6877   
       900:    199800.000000           1           13.6867   
       901:    199830.000000           1           13.6863   
       902:    199860.000000           1           13.6858   
       903:    199890.000000           1           13.6871   
       904:    199920.000000           1           13.6893   
       905:    199950.000000           1           13.6903   
       906:    199980.000000           1           13.6907   
       907:    200010.000000           1           13.6907   
       908:    200040.000000           1           13.6905   
       909:    200070.000000           1           13.6887   
       910:    200100.000000           1           13.6865   
       911:    200130.000000           1           13.6844   
       912:    200160.000000           1           13.6844   
       913:    200190.000000           1           13.6869   
       914:    200220.000000           1           13.6906   
       915:    200250.000000           1           13.6924   
       916:    200280.000000           1           13.6927   
       917:    200310.000000           1           13.6920   
       918:    200340.000000           1           13.6897   
       919:    200370.000000           1           13.6894   
       920:    200400.000000           1           13.6907   
       921:    200430.000000           1           13.6924   
       922:    200460.000000           1           13.6926   
       923:    200490.000000           1           13.6916   
       924:    200520.000000           1           13.6910   
       925:    200550.000000           1           13.6896   
       926:    200580.000000           1           13.6906   
       927:    200610.000000           1           13.6917   
       928:    200640.000000           1           13.6929   
       929:    200670.000000           1           13.6955   
       930:    200700.000000           1           13.6970   
       931:    200730.000000           1           13.6934   
       932:    200760.000000           1           13.6894   
       933:    200790.000000           1           13.6852   
       934:    200820.000000           1           13.6817   
       935:    200850.000000           1           13.6796   
       936:    200880.000000           1           13.6787   
       937:    200910.000000           1           13.6799   
       938:    200940.000000           1           13.6813   
       939:    200970.000000           1           13.6826   
       940:    201000.000000           1           13.6835   
       941:    201030.000000           1           13.6821   
       942:    201060.000000           1           13.6789   
       943:    201090.000000           1           13.6754   
       944:    201120.000000           1           13.6719   
       945:    201150.000000           1           13.6702   
       946:    201180.000000           1           13.6718   
       947:    201210.000000           1           13.6743   
       948:    201240.000000           1           13.6767   
       949:    201270.000000           1           13.6798   
       950:    201300.000000           1           13.6801   
       951:    201330.000000           1           13.6799   
       952:    201360.000000           1           13.6794   
       953:    201390.000000           1           13.6776   
       954:    201420.000000           1           13.6762   
       955:    201450.000000           1           13.6757   
       956:    201480.000000           1           13.6778   
       957:    201510.000000           1           13.6788   
       958:    201540.000000           1           13.6780   
       959:    201570.000000           1           13.6775   
       960:    201600.000000           1           13.6769   
       961:    201630.000000           1           13.6759   
       962:    201660.000000           1           13.6760   
       963:    201690.000000           1           13.6759   
       964:    201720.000000           1           13.6770   
       965:    201750.000000           1           13.6781   
       966:    201780.000000           1           13.6780   
       967:    201810.000000           1           13.6764   
       968:    201840.000000           1           13.6759   
       969:    201870.000000           1           13.6747   
       970:    201900.000000           1           13.6731   
       971:    201930.000000           1           13.6735   
       972:    201960.000000           1           13.6759   
       973:    201990.000000           1           13.6782   
       974:    202020.000000           1           13.6808   
       975:    202050.000000           1           13.6812   
       976:    202080.000000           1           13.6809   
       977:    202110.000000           1           13.6804   
       978:    202140.000000           1           13.6791   
       979:    202170.000000           1           13.6779   
       980:    202200.000000           1           13.6778   
       981:    202230.000000           1           13.6776   
       982:    202260.000000           1           13.6778   
       983:    202290.000000           1           13.6779   
       984:    202320.000000           1           13.6792   
       985:    202350.000000           1           13.6808   
       986:    202380.000000           1           13.6824   
       987:    202410.000000           1           13.6840   
       988:    202440.000000           1           13.6857   
      2563:    249690.000000           1           62.7444   
      2564:    249720.000000           1           62.5597   
      2565:    249750.000000           1           62.3844   
      2566:    249780.000000           1           62.2960   
      2567:    249810.000000           1           62.2993   
      2568:    249840.000000           1           62.3155   
      2569:    249870.000000           1           62.2869   
      2570:    249900.000000           1           62.2677   
      2571:    249930.000000           1           62.2572   
      2572:    249960.000000           1           62.2730   
      2573:    249990.000000           1           62.2678   
      2574:    250020.000000           1           62.2706   
      2575:    250050.000000           1           62.2722   
      2576:    250080.000000           1           62.2720   
      2577:    250110.000000           1           62.2844   
      2578:    250140.000000           1           62.2878   
      2579:    250170.000000           1           62.2692   
      2580:    250200.000000           1           62.2751   
      2581:    250230.000000           1           62.2836   
      2582:    250260.000000           1           62.2726   
      2583:    250290.000000           1           62.2659   
      2584:    250320.000000           1           62.2557   
      2585:    250350.000000           1           62.2502   
      2586:    250380.000000           1           62.2594   
      2587:    250410.000000           1           62.2565   
      2588:    250440.000000           1           62.2500   
      2589:    250470.000000           1           62.2344   
      2590:    250500.000000           1           62.2296   
      2591:    250530.000000           1           62.2392   
      2592:    250560.000000           1           62.2477   
      2593:    250590.000000           1           62.2591   
      2594:    250620.000000           1           62.2622   
      2595:    250650.000000           1           62.2561   
      2596:    250680.000000           1           62.2465   
      2597:    250710.000000           1           62.2479   
      2598:    250740.000000           1           62.2562   
      2599:    250770.000000           1           62.2614   
      2600:    250800.000000           1           62.2736   
      2601:    250830.000000           1           62.2853   
      2602:    250860.000000           1           62.2935   
      2603:    250890.000000           1           62.3015   
      2604:    250920.000000           1           62.3123   
      2605:    250950.000000           1           62.3136   
      2606:    250980.000000           1           62.3212   
      2607:    251010.000000           1           62.3242   
      2608:    251040.000000           1           62.3332   
      2609:    251070.000000           1           62.3415   
      2610:    251100.000000           1           62.3469   
      2611:    251130.000000           1           62.3518   
      2612:    251160.000000           1           62.3530   
      2613:    251190.000000           1           62.3587   
      2614:    251220.000000           1           62.3614   
      2615:    251250.000000           1           62.3648   
      2616:    251280.000000           1           62.3667   
      2617:    251310.000000           1           62.3681   
      2618:    251340.000000           1           62.3680   
      2619:    251370.000000           1           62.3684   
      2620:    251400.000000           1           62.3704   
      2621:    251430.000000           1           62.3744   
      2622:    251460.000000           1           62.3798   
      2623:    251490.000000           1           62.3850   
      2624:    251520.000000           1           62.3896   
      2625:    251550.000000           1           62.3933   
      2626:    251580.000000           1           62.3977   
      2627:    251610.000000           1           62.4016   
      2628:    251640.000000           1           62.4054   
      2629:    251670.000000           1           62.4043   
      2630:    251700.000000           1           62.4015   
      2631:    251730.000000           1           62.3998   
      2632:    251760.000000           1           62.3961   
      2633:    251790.000000           1           62.3953   
      2634:    251820.000000           1           62.3940   
      2635:    251850.000000           1           62.3946   
      2636:    251880.000000           1           62.3954   
      2637:    251910.000000           1           62.3955   
      2638:    251940.000000           1           62.3950   
      2639:    251970.000000           1           62.3954   
      2640:    252000.000000           1           62.3970   
      2641:    252030.000000           1           62.3975   
      2642:    252060.000000           1           62.3988   
      2643:    252090.000000           1           62.3995   
      2644:    252120.000000           1           62.3991   
      2645:    252150.000000           1           62.4007   
      2646:    252180.000000           1           62.4051   
      2647:    252210.000000           1           62.4068   
      2648:    252240.000000           1           62.4063   
      2649:    252270.000000           1           62.4060   
      2650:    252300.000000           1           62.4062   
      2651:    252330.000000           1           62.4049   
      2652:    252360.000000           1           62.4045   
      2653:    252390.000000           1           62.4035   
      2654:    252420.000000           1           62.4036   
      2655:    252450.000000           1           62.4050   
      2656:    252480.000000           1           62.4037   
      2657:    252510.000000           1           62.4033   
      2658:    252540.000000           1           62.4005   
      2659:    252570.000000           1           62.3989   
      2660:    252600.000000           1           62.4003   
      2661:    252630.000000           1           62.3994   
      2662:    252660.000000           1           62.3985   
      2663:    252690.000000           1           62.3992   
      2664:    252720.000000           1           62.4021   
      2665:    252750.000000           1           62.4054   
      2666:    252780.000000           1           62.4075   
      2667:    252810.000000           1           62.4081   
      2668:    252840.000000           1           62.4122   
      2669:    252870.000000           1           62.4159   
      2670:    252900.000000           1           62.4184   
      2671:    252930.000000           1           62.4188   
      2672:    252960.000000           1           62.4204   
      2673:    252990.000000           1           62.4213   
      2674:    253020.000000           1           62.4217   
      2675:    253050.000000           1           62.4229   
      2676:    253080.000000           1           62.4251   
      2677:    253110.000000           1           62.4288   
      2678:    253140.000000           1           62.4294   
      2679:    253170.000000           1           62.4285   
      2680:    253200.000000           1           62.4289   
      2681:    253230.000000           1           62.4306   
      2682:    253260.000000           1           62.4319   
      2683:    253290.000000           1           62.4336   
      2684:    253320.000000           1           62.4346   
      2685:    253350.000000           1           62.4377   
      2686:    253380.000000           1           62.4403   
      2687:    253410.000000           1           62.4434   
      2688:    253440.000000           1           62.4459   
      2689:    253470.000000           1           62.4472   
      2690:    253500.000000           1           62.4494   
      2691:    253530.000000           1           62.4505   
      2692:    253560.000000           1           62.4517   
      2693:    253590.000000           1           62.4531   
      2694:    253620.000000           1           62.4537   
      2695:    253650.000000           1           62.4543   
      2696:    253680.000000           1           62.4548   
      2697:    253710.000000           1           62.4553   
      2698:    253740.000000           1           62.4546   
      2699:    253770.000000           1           62.4555   
      2700:    253800.000000           1           62.4558   
      2701:    253830.000000           1           62.4568   
      2702:    253860.000000           1           62.4575   
      2703:    253890.000000           1           62.4580   
      2704:    253920.000000           1           62.4584   
      2705:    253950.000000           1           62.4590   
      2706:    253980.000000           1           62.4593   
      2707:    254010.000000           1           62.4595   
      2708:    254040.000000           1           62.4601   
      2709:    254070.000000           1           62.4594   
      2710:    254100.000000           1           62.4590   
      2711:    254130.000000           1           62.4586   
      2712:    254160.000000           1           62.4589   
      2713:    254190.000000           1           62.4583   
      2714:    254220.000000           1           62.4578   
      2715:    254250.000000           1           62.4578   
      2716:    254280.000000           1           62.4578   
      2717:    254310.000000           1           62.4580   
      2718:    254340.000000           1           62.4592   
      2719:    254370.000000           1           62.4607   
      2720:    254400.000000           1           62.4616   
      2721:    254430.000000           1           62.4621   
      2722:    254460.000000           1           62.4624   
      2723:    254490.000000           1           62.4630   
      2724:    254520.000000           1           62.4637   
      2725:    254550.000000           1           62.4644   
      2726:    254580.000000           1           62.4650   
      2727:    254610.000000           1           62.4657   
      2728:    254640.000000           1           62.4657   
      2729:    254670.000000           1           62.4657   
      2730:    254700.000000           1           62.4656   
      2731:    254730.000000           1           62.4668   
      2732:    254760.000000           1           62.4678   
      2733:    254790.000000           1           62.4683   
      2734:    254820.000000           1           62.4696   
      2735:    254850.000000           1           62.4704   
      2736:    254880.000000           1           62.4704   
      2737:    254910.000000           1           62.4702   
      2738:    254940.000000           1           62.4698   
      2739:    254970.000000           1           62.4708   
      2740:    255000.000000           1           62.4715   
      2741:    255030.000000           1           62.4731   
      2742:    255060.000000           1           62.4746   
      2743:    255090.000000           1           62.4755   
      2744:    255120.000000           1           62.4770   
      2745:    255150.000000           1           62.4788   
      2746:    255180.000000           1           62.4809   
      2747:    255210.000000           1           62.4819   
      2748:    255240.000000           1           62.4819   
      2749:    255270.000000           1           62.4814   
      2750:    255300.000000           1           62.4812   
      2751:    255330.000000           1           62.4811   
      2752:    255360.000000           1           62.4802   
      2753:    255390.000000           1           62.4794   
      2754:    255420.000000           1           62.4792   
      2755:    255450.000000           1           62.4787   
      2756:    255480.000000           1           62.4804   
      2757:    255510.000000           1           62.4823   
      2758:    255540.000000           1           62.4857   
      2759:    255570.000000           1           62.4896   
      2760:    255600.000000           1           62.4936   
      2761:    255630.000000           1           62.4965   
      2762:    255660.000000           1           62.4985   
      2763:    255690.000000           1           62.5003   
      2764:    255720.000000           1           62.5019   
      2765:    255750.000000           1           62.5038   
      2766:    255780.000000           1           62.5055   
      2767:    255810.000000           1           62.5069   
      2768:    255840.000000           1           62.5082   
      2769:    255870.000000           1           62.5110   
      2770:    255900.000000           1           62.5143   
      2771:    255930.000000           1           62.5175   
      2772:    255960.000000           1           62.5209   
      2773:    255990.000000           1           62.5248   
      2774:    256020.000000           1           62.5274   
      2775:    256050.000000           1           62.5313   
      2776:    256080.000000           1           62.5342   
      2777:    256110.000000           1           62.5374   
      2778:    256140.000000           1           62.5398   
      2779:    256170.000000           1           62.5421   
      2780:    256200.000000           1           62.5447   
      2781:    256230.000000           1           62.5454   
      2782:    256260.000000           1           62.5474   
      2783:    256290.000000           1           62.5486   
      2784:    256320.000000           1           62.5514   
      2785:    256350.000000           1           62.5537   
      2786:    256380.000000           1           62.5563   
      2787:    256410.000000           1           62.5596   
      2788:    256440.000000           1           62.5621   
      2789:    256470.000000           1           62.5640   
      2790:    256500.000000           1           62.5641   
      2791:    256530.000000           1           62.5667   
      2792:    256560.000000           1           62.5700   
      2793:    256590.000000           1           62.5731   
      2794:    256620.000000           1           62.5772   
      2795:    256650.000000           1           62.5809   
      2796:    256680.000000           1           62.5842   
      2797:    256710.000000           1           62.5886   
      2798:    256740.000000           1           62.5919   
      2799:    256770.000000           1           62.5958   
      2800:    256800.000000           1           62.6008   
      2801:    256830.000000           1           62.6034   
      2802:    256860.000000           1           62.6055   
      2803:    256890.000000           1           62.6079   
      2804:    256920.000000           1           62.6105   
      2805:    256950.000000           1           62.6121   
      2806:    256980.000000           1           62.6125   
      2807:    257010.000000           1           62.6114   
      2808:    257040.000000           1           62.6095   
      2809:    257070.000000           1           62.6074   
      2810:    257100.000000           1           62.6057   
      2811:    257130.000000           1           62.6054   
      2812:    257160.000000           1           62.6063   
      2813:    257190.000000           1           62.6072   
      2814:    257220.000000           1           62.6086   
      2815:    257250.000000           1           62.6105   
      2816:    257280.000000           1           62.6121   
      2817:    257310.000000           1           62.6146   
      2818:    257340.000000           1           62.6170   
      2819:    257370.000000           1           62.6186   
      2820:    257400.000000           1           62.6194   
      2821:    257430.000000           1           62.6193   
      2822:    257460.000000           1           62.6192   
      2823:    257490.000000           1           62.6185   
      2824:    257520.000000           1           62.6179   
      2825:    257550.000000           1           62.6175   
      2826:    257580.000000           1           62.6165   
      2827:    257610.000000           1           62.6146   
      2828:    257640.000000           1           62.6133   
      2829:    257670.000000           1           62.6126   
      2830:    257700.000000           1           62.6129   
      2831:    257730.000000           1           62.6140   
      2832:    257760.000000           1           62.6138   
      2833:    257790.000000           1           62.6139   
      2834:    257820.000000           1           62.6151   
      2835:    257850.000000           1           62.6158   
      2836:    257880.000000           1           62.6165   
      2837:    257910.000000           1           62.6178   
      2838:    257940.000000           1           62.6187   
      2839:    257970.000000           1           62.6195   
      2840:    258000.000000           1           62.6196   
      2841:    258030.000000           1           62.6180   
      2842:    258060.000000           1           62.6163   
      2843:    258090.000000           1           62.6145   
      2844:    258120.000000           1           62.6134   
      2845:    258150.000000           1           62.6121   
      2846:    258180.000000           1           62.6111   
      2847:    258210.000000           1           62.6105   
      2848:    258240.000000           1           62.6094   
      2849:    258270.000000           1           62.6087   
      2850:    258300.000000           1           62.6099   
      2851:    258330.000000           1           62.6121   
      2852:    258360.000000           1           62.6142   
      2853:    258390.000000           1           62.6163   
      2854:    258420.000000           1           62.6175   
      2855:    258450.000000           1           62.6184   
      2856:    258480.000000           1           62.6196   
      2857:    258510.000000           1           62.6207   
      2858:    258540.000000           1           62.6218   
      2859:    258570.000000           1           62.6223   
      2860:    258600.000000           1           62.6233   
      2861:    258630.000000           1           62.6244   
      2862:    258660.000000           1           62.6255   
      2863:    258690.000000           1           62.6261   
      2864:    258720.000000           1           62.6267   
      2865:    258750.000000           1           62.6274   
      2866:    258780.000000           1           62.6281   
      2867:    258810.000000           1           62.6288   
      2868:    258840.000000           1           62.6293   
      2869:    258870.000000           1           62.6295   
      2870:    258900.000000           1           62.6298   
      2871:    258930.000000           1           62.6300   
      2872:    258960.000000           1           62.6305   
      2873:    258990.000000           1           62.6317   
      2874:    259020.000000           1           62.6334   
      2875:    259050.000000           1           62.6352   
      2876:    259080.000000           1           62.6375   
      2877:    259110.000000           1           62.6406   
      2878:    259140.000000           1           62.6435   
      2879:    259170.000000           1           62.6459   
