       972:    201960.000000           1            1.2985   
       973:    201990.000000           1            1.3539   
       974:    202020.000000           1            1.3622   
       975:    202050.000000           1            1.4351   
       976:    202080.000000           1            1.4846   
       977:    202110.000000           1            1.4916   
       978:    202140.000000           1            1.5099   
       979:    202170.000000           1            1.5257   
       980:    202200.000000           1            1.5456   
       981:    202230.000000           1            1.5556   
       982:    202260.000000           1            1.5596   
       983:    202290.000000           1            1.5657   
       984:    202320.000000           1            1.5862   
       985:    202350.000000           1            1.6070   
       986:    202380.000000           1            1.6014   
       987:    202410.000000           1            1.5945   
       988:    202440.000000           1            1.6009   
       989:    202470.000000           1            1.6050   
       990:    202500.000000           1            1.6122   
       991:    202530.000000           1            1.6115   
       992:    202560.000000           1            1.6151   
       993:    202590.000000           1            1.6165   
       994:    202620.000000           1            1.6189   
       995:    202650.000000           1            1.6273   
       996:    202680.000000           1            1.6298   
       997:    202710.000000           1            1.6273   
       998:    202740.000000           1            1.6350   
       999:    202770.000000           1            1.6391   
      1000:    202800.000000           1            1.6366   
      1001:    202830.000000           1            1.6285   
      1002:    202860.000000           1            1.6228   
      1003:    202890.000000           1            1.6232   
      1004:    202920.000000           1            1.6324   
      1005:    202950.000000           1            1.6457   
      1006:    202980.000000           1            1.6526   
      1007:    203010.000000           1            1.6547   
      1008:    203040.000000           1            1.6581   
      1009:    203070.000000           1            1.6527   
      1010:    203100.000000           1            1.6518   
      1011:    203130.000000           1            1.6537   
      1012:    203160.000000           1            1.6660   
      1013:    203190.000000           1            1.6724   
      1014:    203220.000000           1            1.6744   
      1015:    203250.000000           1            1.6743   
      1016:    203280.000000           1            1.6754   
      1017:    203310.000000           1            1.6723   
      1018:    203340.000000           1            1.6763   
      1019:    203370.000000           1            1.6844   
      1020:    203400.000000           1            1.6870   
      1021:    203430.000000           1            1.6853   
      1022:    203460.000000           1            1.6839   
      1023:    203490.000000           1            1.6783   
      1024:    203520.000000           1            1.6734   
      1025:    203550.000000           1            1.6806   
      1026:    203580.000000           1            1.6827   
      1027:    203610.000000           1            1.6875   
      1028:    203640.000000           1            1.6875   
      1029:    203670.000000           1            1.6852   
      1030:    203700.000000           1            1.6818   
      1031:    203730.000000           1            1.6776   
      1032:    203760.000000           1            1.6844   
      1033:    203790.000000           1            1.6793   
      1034:    203820.000000           1            1.6781   
      1035:    203850.000000           1            1.6679   
      1036:    203880.000000           1            1.6599   
      1037:    203910.000000           1            1.6525   
      1038:    203940.000000           1            1.6502   
      1039:    203970.000000           1            1.6515   
      1040:    204000.000000           1            1.6525   
      1041:    204030.000000           1            1.6539   
      1042:    204060.000000           1            1.6512   
      1043:    204090.000000           1            1.6512   
      1044:    204120.000000           1            1.6531   
      1045:    204150.000000           1            1.6599   
      1046:    204180.000000           1            1.6659   
      1047:    204210.000000           1            1.6695   
      1048:    204240.000000           1            1.6698   
      1049:    204270.000000           1            1.6692   
      1050:    204300.000000           1            1.6669   
      1051:    204330.000000           1            1.6635   
      1052:    204360.000000           1            1.6655   
      1053:    204390.000000           1            1.6627   
      1054:    204420.000000           1            1.6599   
      1055:    204450.000000           1            1.6587   
      1056:    204480.000000           1            1.6569   
      1057:    204510.000000           1            1.6561   
      1058:    204540.000000           1            1.6549   
      1059:    204570.000000           1            1.6513   
      1060:    204600.000000           1            1.6505   
      1061:    204630.000000           1            1.6550   
      1062:    204660.000000           1            1.6562   
      1063:    204690.000000           1            1.6558   
      1064:    204720.000000           1            1.6527   
      1065:    204750.000000           1            1.6520   
      1066:    204780.000000           1            1.6499   
      1067:    204810.000000           1            1.6479   
      1068:    204840.000000           1            1.6470   
      1069:    204870.000000           1            1.6462   
      1070:    204900.000000           1            1.6473   
      1071:    204930.000000           1            1.6490   
      1072:    204960.000000           1            1.6509   
      1073:    204990.000000           1            1.6553   
      1074:    205020.000000           1            1.6574   
      1075:    205050.000000           1            1.6611   
      1076:    205080.000000           1            1.6633   
      1077:    205110.000000           1            1.6654   
      1078:    205140.000000           1            1.6668   
      1079:    205170.000000           1            1.6663   
      1080:    205200.000000           1            1.6647   
      1081:    205230.000000           1            1.6652   
      1082:    205260.000000           1            1.6651   
      1083:    205290.000000           1            1.6643   
      1084:    205320.000000           1            1.6638   
      1085:    205350.000000           1            1.6644   
      1086:    205380.000000           1            1.6636   
      1087:    205410.000000           1            1.6634   
      1088:    205440.000000           1            1.6646   
      1089:    205470.000000           1            1.6656   
      1090:    205500.000000           1            1.6658   
      1091:    205530.000000           1            1.6651   
      1092:    205560.000000           1            1.6666   
      1093:    205590.000000           1            1.6678   
      1094:    205620.000000           1            1.6691   
      1095:    205650.000000           1            1.6701   
      1096:    205680.000000           1            1.6702   
      1097:    205710.000000           1            1.6702   
      1098:    205740.000000           1            1.6689   
      1099:    205770.000000           1            1.6692   
      1100:    205800.000000           1            1.6681   
      1101:    205830.000000           1            1.6670   
      1102:    205860.000000           1            1.6668   
      1103:    205890.000000           1            1.6689   
      1104:    205920.000000           1            1.6733   
      1105:    205950.000000           1            1.6785   
      1106:    205980.000000           1            1.6844   
      1107:    206010.000000           1            1.6903   
      1108:    206040.000000           1            1.6952   
      1109:    206070.000000           1            1.6987   
      1110:    206100.000000           1            1.7020   
      1111:    206130.000000           1            1.7058   
      1112:    206160.000000           1            1.7084   
      1113:    206190.000000           1            1.7098   
      1114:    206220.000000           1            1.7100   
      1115:    206250.000000           1            1.7115   
      1116:    206280.000000           1            1.7127   
      1117:    206310.000000           1            1.7149   
      1118:    206340.000000           1            1.7165   
      1119:    206370.000000           1            1.7165   
      1120:    206400.000000           1            1.7145   
      1121:    206430.000000           1            1.7127   
      1122:    206460.000000           1            1.7144   
      1123:    206490.000000           1            1.7163   
      1124:    206520.000000           1            1.7165   
      1125:    206550.000000           1            1.7159   
      1126:    206580.000000           1            1.7153   
      1127:    206610.000000           1            1.7142   
      1128:    206640.000000           1            1.7130   
      1129:    206670.000000           1            1.7138   
      1130:    206700.000000           1            1.7173   
      1131:    206730.000000           1            1.7196   
      1132:    206760.000000           1            1.7219   
      1133:    206790.000000           1            1.7232   
      1134:    206820.000000           1            1.7243   
      1135:    206850.000000           1            1.7254   
      1136:    206880.000000           1            1.7263   
      1137:    206910.000000           1            1.7270   
      1138:    206940.000000           1            1.7270   
      1139:    206970.000000           1            1.7276   
      1140:    207000.000000           1            1.7273   
      1141:    207030.000000           1            1.7273   
      1142:    207060.000000           1            1.7263   
      1143:    207090.000000           1            1.7253   
      1144:    207120.000000           1            1.7259   
      1145:    207150.000000           1            1.7267   
      1146:    207180.000000           1            1.7278   
      1147:    207210.000000           1            1.7281   
      1148:    207240.000000           1            1.7269   
      1149:    207270.000000           1            1.7258   
      1150:    207300.000000           1            1.7250   
      1151:    207330.000000           1            1.7247   
      1152:    207360.000000           1            1.7248   
      1153:    207390.000000           1            1.7250   
      1154:    207420.000000           1            1.7255   
      1155:    207450.000000           1            1.7237   
      1156:    207480.000000           1            1.7201   
      1157:    207510.000000           1            1.7161   
      1158:    207540.000000           1            1.7139   
      1159:    207570.000000           1            1.7136   
      1160:    207600.000000           1            1.7161   
      1161:    207630.000000           1            1.7177   
      1162:    207660.000000           1            1.7190   
      1163:    207690.000000           1            1.7205   
      1164:    207720.000000           1            1.7227   
      1165:    207750.000000           1            1.7255   
      1166:    207780.000000           1            1.7277   
      1167:    207810.000000           1            1.7293   
      1168:    207840.000000           1            1.7306   
      1169:    207870.000000           1            1.7323   
      1170:    207900.000000           1            1.7337   
      1171:    207930.000000           1            1.7335   
      1172:    207960.000000           1            1.7324   
      1173:    207990.000000           1            1.7328   
      1174:    208020.000000           1            1.7348   
      1175:    208050.000000           1            1.7366   
      1176:    208080.000000           1            1.7382   
      1177:    208110.000000           1            1.7393   
      1178:    208140.000000           1            1.7386   
      1179:    208170.000000           1            1.7354   
      1180:    208200.000000           1            1.7317   
      1181:    208230.000000           1            1.7290   
      1182:    208260.000000           1            1.7288   
      1183:    208290.000000           1            1.7317   
      1184:    208320.000000           1            1.7358   
      1185:    208350.000000           1            1.7387   
      1186:    208380.000000           1            1.7386   
      1187:    208410.000000           1            1.7363   
      1188:    208440.000000           1            1.7323   
      1189:    208470.000000           1            1.7276   
      1190:    208500.000000           1            1.7250   
      1191:    208530.000000           1            1.7250   
      1192:    208560.000000           1            1.7261   
      1193:    208590.000000           1            1.7288   
      1194:    208620.000000           1            1.7319   
      1195:    208650.000000           1            1.7366   
      1196:    208680.000000           1            1.7406   
      1197:    208710.000000           1            1.7428   
      1198:    208740.000000           1            1.7431   
      1199:    208770.000000           1            1.7406   
      1200:    208800.000000           1            1.7362   
      1201:    208830.000000           1            1.7324   
      1202:    208860.000000           1            1.7301   
      1203:    208890.000000           1            1.7279   
      1204:    208920.000000           1            1.7261   
      1205:    208950.000000           1            1.7252   
      1206:    208980.000000           1            1.7253   
      1207:    209010.000000           1            1.7253   
      1208:    209040.000000           1            1.7257   
      1209:    209070.000000           1            1.7251   
      1210:    209100.000000           1            1.7248   
      1211:    209130.000000           1            1.7255   
      1212:    209160.000000           1            1.7260   
      1213:    209190.000000           1            1.7276   
      1214:    209220.000000           1            1.7290   
      1215:    209250.000000           1            1.7305   
      1216:    209280.000000           1            1.7323   
      1217:    209310.000000           1            1.7344   
      1218:    209340.000000           1            1.7368   
      1219:    209370.000000           1            1.7392   
      1220:    209400.000000           1            1.7414   
      1221:    209430.000000           1            1.7431   
      1222:    209460.000000           1            1.7447   
      1223:    209490.000000           1            1.7460   
      1224:    209520.000000           1            1.7473   
      1225:    209550.000000           1            1.7491   
      1226:    209580.000000           1            1.7496   
      1227:    209610.000000           1            1.7500   
      1228:    209640.000000           1            1.7502   
      1229:    209670.000000           1            1.7499   
      1230:    209700.000000           1            1.7478   
      1231:    209730.000000           1            1.7463   
      1232:    209760.000000           1            1.7457   
      1233:    209790.000000           1            1.7458   
      1234:    209820.000000           1            1.7459   
      1235:    209850.000000           1            1.7470   
      1236:    209880.000000           1            1.7491   
      1237:    209910.000000           1            1.7517   
      1238:    209940.000000           1            1.7547   
      1239:    209970.000000           1            1.7580   
      1240:    210000.000000           1            1.7611   
      1241:    210030.000000           1            1.7638   
      1242:    210060.000000           1            1.7647   
      1243:    210090.000000           1            1.7649   
      1244:    210120.000000           1            1.7646   
      1245:    210150.000000           1            1.7650   
      1246:    210180.000000           1            1.7660   
      1247:    210210.000000           1            1.7662   
      1248:    210240.000000           1            1.7644   
      1249:    210270.000000           1            1.7613   
      1250:    210300.000000           1            1.7578   
      1251:    210330.000000           1            1.7532   
      1252:    210360.000000           1            1.7485   
      1253:    210390.000000           1            1.7439   
      1254:    210420.000000           1            1.7391   
      1255:    210450.000000           1            1.7342   
      1256:    210480.000000           1            1.7290   
      1257:    210510.000000           1            1.7242   
      1258:    210540.000000           1            1.7196   
      1259:    210570.000000           1            1.7175   
      1260:    210600.000000           1            1.7168   
      1261:    210630.000000           1            1.7170   
      1262:    210660.000000           1            1.7166   
      1263:    210690.000000           1            1.7166   
      1264:    210720.000000           1            1.7185   
      1265:    210750.000000           1            1.7205   
      1266:    210780.000000           1            1.7230   
      1267:    210810.000000           1            1.7250   
      1268:    210840.000000           1            1.7257   
      1269:    210870.000000           1            1.7259   
      1270:    210900.000000           1            1.7253   
      1271:    210930.000000           1            1.7236   
      1272:    210960.000000           1            1.7220   
      1273:    210990.000000           1            1.7206   
      1274:    211020.000000           1            1.7198   
      1275:    211050.000000           1            1.7198   
      1276:    211080.000000           1            1.7212   
      1277:    211110.000000           1            1.7224   
      1278:    211140.000000           1            1.7236   
      1279:    211170.000000           1            1.7254   
      1280:    211200.000000           1            1.7274   
      1281:    211230.000000           1            1.7278   
      1282:    211260.000000           1            1.7262   
      1283:    211290.000000           1            1.7233   
      1284:    211320.000000           1            1.7203   
      1285:    211350.000000           1            1.7180   
      1286:    211380.000000           1            1.7168   
      1287:    211410.000000           1            1.7166   
      1288:    211440.000000           1            1.7185   
      1289:    211470.000000           1            1.7226   
      1290:    211500.000000           1            1.7267   
      1291:    211530.000000           1            1.7304   
      1292:    211560.000000           1            1.7332   
      1293:    211590.000000           1            1.7341   
      1294:    211620.000000           1            1.7325   
      1295:    211650.000000           1            1.7299   
      1296:    211680.000000           1            1.7279   
      1297:    211710.000000           1            1.7283   
      1298:    211740.000000           1            1.7293   
      1299:    211770.000000           1            1.7313   
      1300:    211800.000000           1            1.7350   
      1301:    211830.000000           1            1.7393   
      1302:    211860.000000           1            1.7423   
      1303:    211890.000000           1            1.7443   
      1304:    211920.000000           1            1.7422   
      1305:    211950.000000           1            1.7368   
      1306:    211980.000000           1            1.7331   
      1307:    212010.000000           1            1.7312   
      1308:    212040.000000           1            1.7307   
      1309:    212070.000000           1            1.7306   
      1310:    212100.000000           1            1.7307   
      1311:    212130.000000           1            1.7324   
      1312:    212160.000000           1            1.7348   
      1313:    212190.000000           1            1.7369   
      1314:    212220.000000           1            1.7391   
      1315:    212250.000000           1            1.7409   
      1316:    212280.000000           1            1.7428   
      1317:    212310.000000           1            1.7442   
      1318:    212340.000000           1            1.7457   
      1319:    212370.000000           1            1.7468   
      1320:    212400.000000           1            1.7476   
      1321:    212430.000000           1            1.7479   
      1322:    212460.000000           1            1.7472   
      1323:    212490.000000           1            1.7440   
      1324:    212520.000000           1            1.7413   
      1325:    212550.000000           1            1.7403   
      1326:    212580.000000           1            1.7393   
      1327:    212610.000000           1            1.7382   
      1328:    212640.000000           1            1.7370   
      1329:    212670.000000           1            1.7363   
      1330:    212700.000000           1            1.7350   
      1331:    212730.000000           1            1.7324   
      1332:    212760.000000           1            1.7304   
      1333:    212790.000000           1            1.7296   
      1334:    212820.000000           1            1.7292   
      1335:    212850.000000           1            1.7284   
      1336:    212880.000000           1            1.7263   
      1337:    212910.000000           1            1.7228   
      1338:    212940.000000           1            1.7177   
      1339:    212970.000000           1            1.7126   
      1340:    213000.000000           1            1.7095   
      1341:    213030.000000           1            1.7071   
      1342:    213060.000000           1            1.7039   
      1343:    213090.000000           1            1.7018   
      1344:    213120.000000           1            1.7003   
      1345:    213150.000000           1            1.6989   
      1346:    213180.000000           1            1.6964   
      1347:    213210.000000           1            1.6921   
      1348:    213240.000000           1            1.6891   
      1349:    213270.000000           1            1.6869   
      1350:    213300.000000           1            1.6856   
      1351:    213330.000000           1            1.6859   
      1352:    213360.000000           1            1.6875   
      1353:    213390.000000           1            1.6899   
      1354:    213420.000000           1            1.6924   
      1355:    213450.000000           1            1.6941   
      1356:    213480.000000           1            1.6945   
      1357:    213510.000000           1            1.6945   
      1358:    213540.000000           1            1.6936   
      1359:    213570.000000           1            1.6918   
      1360:    213600.000000           1            1.6907   
      1361:    213630.000000           1            1.6915   
      1362:    213660.000000           1            1.6924   
      1363:    213690.000000           1            1.6925   
      1364:    213720.000000           1            1.6930   
      1365:    213750.000000           1            1.6924   
      1366:    213780.000000           1            1.6908   
      1367:    213810.000000           1            1.6888   
      1368:    213840.000000           1            1.6857   
      1369:    213870.000000           1            1.6815   
      1370:    213900.000000           1            1.6762   
      1371:    213930.000000           1            1.6717   
      1372:    213960.000000           1            1.6678   
      1373:    213990.000000           1            1.6628   
      1374:    214020.000000           1            1.6584   
      1375:    214050.000000           1            1.6542   
      1376:    214080.000000           1            1.6484   
      1377:    214110.000000           1            1.6432   
      1378:    214140.000000           1            1.6407   
      1379:    214170.000000           1            1.6362   
      1380:    214200.000000           1            1.6328   
      1381:    214230.000000           1            1.6303   
      1382:    214260.000000           1            1.6277   
      1383:    214290.000000           1            1.6240   
      1384:    214320.000000           1            1.6192   
      1385:    214350.000000           1            1.6145   
      1386:    214380.000000           1            1.6105   
      1387:    214410.000000           1            1.6076   
      1388:    214440.000000           1            1.6055   
      1389:    214470.000000           1            1.6033   
      1390:    214500.000000           1            1.6022   
      1391:    214530.000000           1            1.6020   
      1392:    214560.000000           1            1.6012   
      1393:    214590.000000           1            1.5993   
      1394:    214620.000000           1            1.5974   
      1395:    214650.000000           1            1.5964   
      1396:    214680.000000           1            1.5946   
      1397:    214710.000000           1            1.5936   
      1398:    214740.000000           1            1.5926   
      1399:    214770.000000           1            1.5915   
      1400:    214800.000000           1            1.5908   
      1401:    214830.000000           1            1.5900   
      1402:    214860.000000           1            1.5889   
      1403:    214890.000000           1            1.5887   
      1404:    214920.000000           1            1.5884   
      1405:    214950.000000           1            1.5882   
      1406:    214980.000000           1            1.5874   
      1407:    215010.000000           1            1.5878   
      1408:    215040.000000           1            1.5870   
      1409:    215070.000000           1            1.5871   
      1410:    215100.000000           1            1.5859   
      1411:    215130.000000           1            1.5844   
      1412:    215160.000000           1            1.5839   
      1413:    215190.000000           1            1.5828   
      1414:    215220.000000           1            1.5809   
      1415:    215250.000000           1            1.5787   
      1416:    215280.000000           1            1.5771   
      1417:    215310.000000           1            1.5767   
      1418:    215340.000000           1            1.5765   
      1419:    215370.000000           1            1.5767   
      1420:    215400.000000           1            1.5760   
      1421:    215430.000000           1            1.5760   
      1422:    215460.000000           1            1.5770   
      1423:    215490.000000           1            1.5804   
      1424:    215520.000000           1            1.5832   
      1425:    215550.000000           1            1.5846   
      1426:    215580.000000           1            1.5856   
      1427:    215610.000000           1            1.5852   
      1428:    215640.000000           1            1.5829   
      1429:    215670.000000           1            1.5804   
      1430:    215700.000000           1            1.5780   
      1431:    215730.000000           1            1.5757   
      1432:    215760.000000           1            1.5736   
      1433:    215790.000000           1            1.5709   
      1434:    215820.000000           1            1.5677   
      1435:    215850.000000           1            1.5643   
      1436:    215880.000000           1            1.5618   
      1437:    215910.000000           1            1.5612   
      1438:    215940.000000           1            1.5610   
      1439:    215970.000000           1            1.5620   
      1440:    216000.000000           1            1.5621   
      1441:    216030.000000           1            1.5619   
      1442:    216060.000000           1            1.5621   
      1443:    216090.000000           1            1.5616   
      1444:    216120.000000           1            1.5624   
      1445:    216150.000000           1            1.5634   
      1446:    216180.000000           1            1.5632   
      1447:    216210.000000           1            1.5626   
      1448:    216240.000000           1            1.5625   
      1449:    216270.000000           1            1.5625   
      1450:    216300.000000           1            1.5604   
      1451:    216330.000000           1            1.5572   
      1452:    216360.000000           1            1.5547   
      1453:    216390.000000           1            1.5520   
      1454:    216420.000000           1            1.5487   
      1455:    216450.000000           1            1.5452   
      1456:    216480.000000           1            1.5423   
      1457:    216510.000000           1            1.5403   
      1458:    216540.000000           1            1.5393   
      1459:    216570.000000           1            1.5387   
      1460:    216600.000000           1            1.5379   
      1461:    216630.000000           1            1.5373   
      1462:    216660.000000           1            1.5374   
      1463:    216690.000000           1            1.5391   
      1464:    216720.000000           1            1.5408   
      1465:    216750.000000           1            1.5417   
      1466:    216780.000000           1            1.5415   
      1467:    216810.000000           1            1.5401   
      1468:    216840.000000           1            1.5385   
      1469:    216870.000000           1            1.5356   
      1470:    216900.000000           1            1.5331   
      1471:    216930.000000           1            1.5323   
      1472:    216960.000000           1            1.5318   
      1473:    216990.000000           1            1.5304   
      1474:    217020.000000           1            1.5283   
      1475:    217050.000000           1            1.5264   
      1476:    217080.000000           1            1.5238   
      1477:    217110.000000           1            1.5203   
      1478:    217140.000000           1            1.5176   
      1479:    217170.000000           1            1.5148   
      1480:    217200.000000           1            1.5123   
      1481:    217230.000000           1            1.5113   
      1482:    217260.000000           1            1.5099   
      1483:    217290.000000           1            1.5092   
      1484:    217320.000000           1            1.5087   
      1485:    217350.000000           1            1.5092   
      1486:    217380.000000           1            1.5098   
      1487:    217410.000000           1            1.5098   
      1488:    217440.000000           1            1.5103   
      1489:    217470.000000           1            1.5099   
      1490:    217500.000000           1            1.5094   
      1491:    217530.000000           1            1.5080   
      1492:    217560.000000           1            1.5058   
      1493:    217590.000000           1            1.5041   
      1494:    217620.000000           1            1.5020   
      1495:    217650.000000           1            1.5022   
      1496:    217680.000000           1            1.5024   
      1497:    217710.000000           1            1.5042   
      1498:    217740.000000           1            1.5063   
      1499:    217770.000000           1            1.5065   
      1500:    217800.000000           1            1.5059   
      1501:    217830.000000           1            1.5056   
      1502:    217860.000000           1            1.5068   
      1503:    217890.000000           1            1.5090   
      1504:    217920.000000           1            1.5114   
      1505:    217950.000000           1            1.5150   
      1506:    217980.000000           1            1.5185   
      1507:    218010.000000           1            1.5218   
      1508:    218040.000000           1            1.5252   
      1509:    218070.000000           1            1.5267   
      1510:    218100.000000           1            1.5277   
      1511:    218130.000000           1            1.5282   
      1512:    218160.000000           1            1.5287   
      1513:    218190.000000           1            1.5291   
      1514:    218220.000000           1            1.5303   
      1515:    218250.000000           1            1.5333   
      1516:    218280.000000           1            1.5351   
      1517:    218310.000000           1            1.5355   
      1518:    218340.000000           1            1.5361   
      1519:    218370.000000           1            1.5360   
      1520:    218400.000000           1            1.5366   
      1521:    218430.000000           1            1.5382   
      1522:    218460.000000           1            1.5396   
      1523:    218490.000000           1            1.5418   
      1524:    218520.000000           1            1.5422   
      1525:    218550.000000           1            1.5420   
      1526:    218580.000000           1            1.5418   
      1527:    218610.000000           1            1.5398   
      1528:    218640.000000           1            1.5382   
      1529:    218670.000000           1            1.5372   
      1530:    218700.000000           1            1.5368   
      1531:    218730.000000           1            1.5374   
      1532:    218760.000000           1            1.5385   
      1533:    218790.000000           1            1.5414   
      1534:    218820.000000           1            1.5442   
      1535:    218850.000000           1            1.5459   
      1536:    218880.000000           1            1.5463   
      1537:    218910.000000           1            1.5444   
      1538:    218940.000000           1            1.5415   
      1539:    218970.000000           1            1.5387   
      1540:    219000.000000           1            1.5359   
      1541:    219030.000000           1            1.5349   
      1542:    219060.000000           1            1.5352   
      1543:    219090.000000           1            1.5361   
      1544:    219120.000000           1            1.5382   
      1545:    219150.000000           1            1.5403   
      1546:    219180.000000           1            1.5425   
      1547:    219210.000000           1            1.5431   
      1548:    219240.000000           1            1.5427   
      1549:    219270.000000           1            1.5422   
      1550:    219300.000000           1            1.5412   
      1551:    219330.000000           1            1.5393   
      1552:    219360.000000           1            1.5369   
      1553:    219390.000000           1            1.5357   
      1554:    219420.000000           1            1.5358   
      1555:    219450.000000           1            1.5366   
      1556:    219480.000000           1            1.5367   
      1557:    219510.000000           1            1.5364   
      1558:    219540.000000           1            1.5359   
      1559:    219570.000000           1            1.5351   
      1560:    219600.000000           1            1.5340   
      1561:    219630.000000           1            1.5325   
      1562:    219660.000000           1            1.5296   
      1563:    219690.000000           1            1.5258   
      1564:    219720.000000           1            1.5217   
      1565:    219750.000000           1            1.5187   
      1566:    219780.000000           1            1.5165   
      1567:    219810.000000           1            1.5148   
      1568:    219840.000000           1            1.5140   
      1569:    219870.000000           1            1.5131   
      1570:    219900.000000           1            1.5116   
      1571:    219930.000000           1            1.5109   
      1572:    219960.000000           1            1.5111   
      1573:    219990.000000           1            1.5102   
      1574:    220020.000000           1            1.5089   
      1575:    220050.000000           1            1.5064   
      1576:    220080.000000           1            1.5039   
      1577:    220110.000000           1            1.5015   
      1578:    220140.000000           1            1.4986   
      1579:    220170.000000           1            1.4961   
      1580:    220200.000000           1            1.4944   
      1581:    220230.000000           1            1.4942   
      1582:    220260.000000           1            1.4930   
      1583:    220290.000000           1            1.4919   
      1584:    220320.000000           1            1.4911   
      1585:    220350.000000           1            1.4895   
      1586:    220380.000000           1            1.4884   
      1587:    220410.000000           1            1.4874   
      1588:    220440.000000           1            1.4861   
      1589:    220470.000000           1            1.4841   
      1590:    220500.000000           1            1.4828   
      1591:    220530.000000           1            1.4810   
      1592:    220560.000000           1            1.4798   
      1593:    220590.000000           1            1.4797   
      1594:    220620.000000           1            1.4793   
      1595:    220650.000000           1            1.4787   
      1596:    220680.000000           1            1.4777   
      1597:    220710.000000           1            1.4754   
      1598:    220740.000000           1            1.4733   
      1599:    220770.000000           1            1.4713   
      1600:    220800.000000           1            1.4690   
      1601:    220830.000000           1            1.4662   
      1602:    220860.000000           1            1.4627   
      1603:    220890.000000           1            1.4582   
      1604:    220920.000000           1            1.4546   
      1605:    220950.000000           1            1.4525   
      1606:    220980.000000           1            1.4513   
      1607:    221010.000000           1            1.4492   
      1608:    221040.000000           1            1.4476   
      1609:    221070.000000           1            1.4463   
      1610:    221100.000000           1            1.4452   
      1611:    221130.000000           1            1.4441   
      1612:    221160.000000           1            1.4431   
      1613:    221190.000000           1            1.4421   
      1614:    221220.000000           1            1.4405   
      1615:    221250.000000           1            1.4400   
      1616:    221280.000000           1            1.4398   
      1617:    221310.000000           1            1.4377   
      1618:    221340.000000           1            1.4344   
      1619:    221370.000000           1            1.4303   
      1620:    221400.000000           1            1.4262   
      1621:    221430.000000           1            1.4227   
      1622:    221460.000000           1            1.4193   
      1623:    221490.000000           1            1.4163   
      1624:    221520.000000           1            1.4142   
      1625:    221550.000000           1            1.4122   
      1626:    221580.000000           1            1.4099   
      1627:    221610.000000           1            1.4068   
      1628:    221640.000000           1            1.4027   
      1629:    221670.000000           1            1.3971   
      1630:    221700.000000           1            1.3922   
      1631:    221730.000000           1            1.3887   
      1632:    221760.000000           1            1.3855   
      1633:    221790.000000           1            1.3824   
      1634:    221820.000000           1            1.3793   
      1635:    221850.000000           1            1.3757   
      1636:    221880.000000           1            1.3718   
      1637:    221910.000000           1            1.3679   
      1638:    221940.000000           1            1.3648   
      1639:    221970.000000           1            1.3612   
      1640:    222000.000000           1            1.3569   
      1641:    222030.000000           1            1.3528   
      1642:    222060.000000           1            1.3497   
      1643:    222090.000000           1            1.3477   
      1644:    222120.000000           1            1.3455   
      1645:    222150.000000           1            1.3429   
      1646:    222180.000000           1            1.3407   
      1647:    222210.000000           1            1.3389   
      1648:    222240.000000           1            1.3374   
      1649:    222270.000000           1            1.3364   
      1650:    222300.000000           1            1.3364   
      1651:    222330.000000           1            1.3350   
      1652:    222360.000000           1            1.3327   
      1653:    222390.000000           1            1.3309   
      1654:    222420.000000           1            1.3294   
      1655:    222450.000000           1            1.3282   
      1656:    222480.000000           1            1.3275   
      1657:    222510.000000           1            1.3268   
      1658:    222540.000000           1            1.3264   
      1659:    222570.000000           1            1.3252   
      1660:    222600.000000           1            1.3238   
      1661:    222630.000000           1            1.3224   
      1662:    222660.000000           1            1.3203   
      1663:    222690.000000           1            1.3181   
      1664:    222720.000000           1            1.3152   
      1665:    222750.000000           1            1.3121   
      1666:    222780.000000           1            1.3096   
      1667:    222810.000000           1            1.3071   
      1668:    222840.000000           1            1.3052   
      1669:    222870.000000           1            1.3048   
      1670:    222900.000000           1            1.3042   
      1671:    222930.000000           1            1.3027   
      1672:    222960.000000           1            1.3004   
      1673:    222990.000000           1            1.2969   
      1674:    223020.000000           1            1.2928   
      1675:    223050.000000           1            1.2888   
      1676:    223080.000000           1            1.2847   
      1677:    223110.000000           1            1.2817   
      1678:    223140.000000           1            1.2797   
      1679:    223170.000000           1            1.2761   
      1680:    223200.000000           1            1.2728   
      1681:    223230.000000           1            1.2698   
      1682:    223260.000000           1            1.2678   
      1683:    223290.000000           1            1.2654   
      1684:    223320.000000           1            1.2627   
      1685:    223350.000000           1            1.2604   
      1686:    223380.000000           1            1.2582   
      1687:    223410.000000           1            1.2561   
      1688:    223440.000000           1            1.2552   
      1689:    223470.000000           1            1.2542   
      1690:    223500.000000           1            1.2528   
      1691:    223530.000000           1            1.2509   
      1692:    223560.000000           1            1.2483   
      1693:    223590.000000           1            1.2468   
      1694:    223620.000000           1            1.2462   
      1695:    223650.000000           1            1.2453   
      1696:    223680.000000           1            1.2444   
      1697:    223710.000000           1            1.2436   
      1698:    223740.000000           1            1.2430   
      1699:    223770.000000           1            1.2433   
      1700:    223800.000000           1            1.2435   
      1701:    223830.000000           1            1.2439   
      1702:    223860.000000           1            1.2453   
      1703:    223890.000000           1            1.2472   
      1704:    223920.000000           1            1.2488   
      1705:    223950.000000           1            1.2495   
      1706:    223980.000000           1            1.2487   
      1707:    224010.000000           1            1.2466   
      1708:    224040.000000           1            1.2450   
      1709:    224070.000000           1            1.2440   
      1710:    224100.000000           1            1.2433   
      1711:    224130.000000           1            1.2435   
      1712:    224160.000000           1            1.2444   
      1713:    224190.000000           1            1.2448   
      1714:    224220.000000           1            1.2454   
      1715:    224250.000000           1            1.2449   
      1716:    224280.000000           1            1.2430   
      1717:    224310.000000           1            1.2397   
      1718:    224340.000000           1            1.2361   
      1719:    224370.000000           1            1.2329   
      1720:    224400.000000           1            1.2291   
      1721:    224430.000000           1            1.2250   
      1722:    224460.000000           1            1.2211   
      1723:    224490.000000           1            1.2172   
      1724:    224520.000000           1            1.2138   
      1725:    224550.000000           1            1.2105   
      1726:    224580.000000           1            1.2070   
      1727:    224610.000000           1            1.2032   
      1728:    224640.000000           1            1.1993   
      1729:    224670.000000           1            1.1950   
      1730:    224700.000000           1            1.1908   
      1731:    224730.000000           1            1.1860   
      1732:    224760.000000           1            1.1818   
      1733:    224790.000000           1            1.1783   
      1734:    224820.000000           1            1.1761   
      1735:    224850.000000           1            1.1749   
      1736:    224880.000000           1            1.1733   
      1737:    224910.000000           1            1.1724   
      1738:    224940.000000           1            1.1715   
      1739:    224970.000000           1            1.1703   
      1740:    225000.000000           1            1.1683   
      1741:    225030.000000           1            1.1654   
      1742:    225060.000000           1            1.1624   
      1743:    225090.000000           1            1.1600   
      1744:    225120.000000           1            1.1579   
      1745:    225150.000000           1            1.1565   
      1746:    225180.000000           1            1.1549   
      1747:    225210.000000           1            1.1532   
      1748:    225240.000000           1            1.1507   
      1749:    225270.000000           1            1.1476   
      1750:    225300.000000           1            1.1447   
      1751:    225330.000000           1            1.1429   
      1752:    225360.000000           1            1.1415   
      1753:    225390.000000           1            1.1392   
      1754:    225420.000000           1            1.1354   
      1755:    225450.000000           1            1.1315   
      1756:    225480.000000           1            1.1276   
      1757:    225510.000000           1            1.1238   
      1758:    225540.000000           1            1.1198   
      1759:    225570.000000           1            1.1168   
      1760:    225600.000000           1            1.1141   
      1761:    225630.000000           1            1.1126   
      1762:    225660.000000           1            1.1112   
      1763:    225690.000000           1            1.1101   
      1764:    225720.000000           1            1.1087   
      1765:    225750.000000           1            1.1063   
      1766:    225780.000000           1            1.1042   
      1767:    225810.000000           1            1.1023   
      1768:    225840.000000           1            1.1010   
      1769:    225870.000000           1            1.1013   
      1770:    225900.000000           1            1.1016   
      1771:    225930.000000           1            1.1013   
      1772:    225960.000000           1            1.1002   
      1773:    225990.000000           1            1.0992   
      1774:    226020.000000           1            1.0984   
      1775:    226050.000000           1            1.0968   
      1776:    226080.000000           1            1.0952   
      1777:    226110.000000           1            1.0929   
      1778:    226140.000000           1            1.0904   
      1779:    226170.000000           1            1.0885   
      1780:    226200.000000           1            1.0879   
      1781:    226230.000000           1            1.0877   
      1782:    226260.000000           1            1.0869   
      1783:    226290.000000           1            1.0863   
      1784:    226320.000000           1            1.0849   
      1785:    226350.000000           1            1.0830   
      1786:    226380.000000           1            1.0806   
      1787:    226410.000000           1            1.0780   
      1788:    226440.000000           1            1.0747   
      1789:    226470.000000           1            1.0715   
      1790:    226500.000000           1            1.0684   
      1791:    226530.000000           1            1.0663   
      1792:    226560.000000           1            1.0649   
      1793:    226590.000000           1            1.0632   
      1794:    226620.000000           1            1.0615   
      1795:    226650.000000           1            1.0601   
      1796:    226680.000000           1            1.0591   
      1797:    226710.000000           1            1.0580   
      1798:    226740.000000           1            1.0573   
      1799:    226770.000000           1            1.0578   
      1800:    226800.000000           1            1.0585   
      1801:    226830.000000           1            1.0590   
      1802:    226860.000000           1            1.0596   
      1803:    226890.000000           1            1.0594   
      1804:    226920.000000           1            1.0590   
      1805:    226950.000000           1            1.0581   
      1806:    226980.000000           1            1.0560   
      1807:    227010.000000           1            1.0534   
      1808:    227040.000000           1            1.0511   
      1809:    227070.000000           1            1.0494   
      1810:    227100.000000           1            1.0482   
      1811:    227130.000000           1            1.0478   
      1812:    227160.000000           1            1.0481   
      1813:    227190.000000           1            1.0485   
      1814:    227220.000000           1            1.0489   
      1815:    227250.000000           1            1.0489   
      1816:    227280.000000           1            1.0486   
      1817:    227310.000000           1            1.0483   
      1818:    227340.000000           1            1.0486   
      1819:    227370.000000           1            1.0500   
      1820:    227400.000000           1            1.0517   
      1821:    227430.000000           1            1.0538   
      1822:    227460.000000           1            1.0560   
      1823:    227490.000000           1            1.0565   
      1824:    227520.000000           1            1.0563   
      1825:    227550.000000           1            1.0562   
      1826:    227580.000000           1            1.0569   
      1827:    227610.000000           1            1.0576   
      1828:    227640.000000           1            1.0583   
      1829:    227670.000000           1            1.0585   
      1830:    227700.000000           1            1.0587   
      1831:    227730.000000           1            1.0587   
      1833:    227790.000000           1            0.9240   
      1834:    227820.000000           1            0.8952   
      1835:    227850.000000           1            0.9180   
      1836:    227880.000000           1            0.9220   
      1837:    227910.000000           1            0.9173   
      1838:    227940.000000           1            0.9294   
      1839:    227970.000000           1            0.9437   
      1840:    228000.000000           1            0.9690   
      1841:    228030.000000           1            0.9758   
      1842:    228060.000000           1            0.9864   
      1843:    228090.000000           1            1.0042   
      1844:    228120.000000           1            1.0393   
      1845:    228150.000000           1            1.0831   
      1846:    228180.000000           1            1.1209   
      1847:    228210.000000           1            1.1564   
      1848:    228240.000000           1            1.1797   
      1849:    228270.000000           1            1.2012   
      1850:    228300.000000           1            1.2249   
      1851:    228330.000000           1            1.2477   
      1852:    228360.000000           1            1.2725   
      1853:    228390.000000           1            1.2970   
      1854:    228420.000000           1            1.3218   
      1855:    228450.000000           1            1.3401   
      1856:    228480.000000           1            1.3562   
      1857:    228510.000000           1            1.3660   
      1858:    228540.000000           1            1.3659   
      1859:    228570.000000           1            1.3646   
      1860:    228600.000000           1            1.3692   
      1861:    228630.000000           1            1.3800   
      1862:    228660.000000           1            1.3946   
      1863:    228690.000000           1            1.4096   
      1864:    228720.000000           1            1.4232   
      1865:    228750.000000           1            1.4292   
      1866:    228780.000000           1            1.4379   
      1867:    228810.000000           1            1.4521   
      1868:    228840.000000           1            1.4668   
      1869:    228870.000000           1            1.4801   
      1870:    228900.000000           1            1.4936   
      1871:    228930.000000           1            1.5076   
      1872:    228960.000000           1            1.5170   
      1873:    228990.000000           1            1.5240   
      1874:    229020.000000           1            1.5308   
      1875:    229050.000000           1            1.5358   
      1876:    229080.000000           1            1.5371   
      1877:    229110.000000           1            1.5392   
      1878:    229140.000000           1            1.5419   
      1879:    229170.000000           1            1.5476   
      1880:    229200.000000           1            1.5557   
      1881:    229230.000000           1            1.5672   
      1882:    229260.000000           1            1.5788   
      1883:    229290.000000           1            1.5899   
      1884:    229320.000000           1            1.5973   
      1885:    229350.000000           1            1.6041   
      1886:    229380.000000           1            1.6080   
      1887:    229410.000000           1            1.6108   
      1888:    229440.000000           1            1.6184   
      1889:    229470.000000           1            1.6273   
      1890:    229500.000000           1            1.6359   
      1891:    229530.000000           1            1.6432   
      1892:    229560.000000           1            1.6486   
      1893:    229590.000000           1            1.6550   
      1894:    229620.000000           1            1.6639   
      1895:    229650.000000           1            1.6727   
      1896:    229680.000000           1            1.6814   
      1897:    229710.000000           1            1.6903   
      1898:    229740.000000           1            1.6992   
      1899:    229770.000000           1            1.7081   
      1900:    229800.000000           1            1.7155   
      1901:    229830.000000           1            1.7211   
      1902:    229860.000000           1            1.7266   
      1903:    229890.000000           1            1.7325   
      1904:    229920.000000           1            1.7380   
      1905:    229950.000000           1            1.7417   
      1906:    229980.000000           1            1.7439   
      1907:    230010.000000           1            1.7480   
      1908:    230040.000000           1            1.7532   
      1909:    230070.000000           1            1.7563   
      1910:    230100.000000           1            1.7575   
      1911:    230130.000000           1            1.7590   
      1912:    230160.000000           1            1.7593   
      1913:    230190.000000           1            1.7609   
      1914:    230220.000000           1            1.7624   
      1915:    230250.000000           1            1.7652   
      1916:    230280.000000           1            1.7685   
      1917:    230310.000000           1            1.7718   
      1918:    230340.000000           1            1.7738   
      1919:    230370.000000           1            1.7761   
      1920:    230400.000000           1            1.7798   
      1921:    230430.000000           1            1.7839   
      1922:    230460.000000           1            1.7872   
      1923:    230490.000000           1            1.7895   
      1924:    230520.000000           1            1.7932   
      1925:    230550.000000           1            1.7982   
      1926:    230580.000000           1            1.8042   
      1927:    230610.000000           1            1.8093   
      1928:    230640.000000           1            1.8138   
      1929:    230670.000000           1            1.8187   
      1930:    230700.000000           1            1.8242   
      1931:    230730.000000           1            1.8296   
      1932:    230760.000000           1            1.8355   
      1933:    230790.000000           1            1.8424   
      1934:    230820.000000           1            1.8467   
      1935:    230850.000000           1            1.8506   
      1936:    230880.000000           1            1.8558   
      1937:    230910.000000           1            1.8615   
      1938:    230940.000000           1            1.8671   
      1939:    230970.000000           1            1.8724   
      1940:    231000.000000           1            1.8791   
      1941:    231030.000000           1            1.8860   
      1942:    231060.000000           1            1.8931   
      1943:    231090.000000           1            1.8998   
      1944:    231120.000000           1            1.9056   
      1945:    231150.000000           1            1.9115   
      1946:    231180.000000           1            1.9170   
      1947:    231210.000000           1            1.9227   
      1948:    231240.000000           1            1.9287   
      1949:    231270.000000           1            1.9347   
      1952:    231360.000000           1          356.0486   
      1954:    231420.000000           1          436.6933   
