       623:    191490.000000           1          -11.2951   
       624:    191520.000000           1          -11.2754   
       625:    191550.000000           1          -11.3041   
       626:    191580.000000           1          -11.3070   
       627:    191610.000000           1          -11.2979   
       628:    191640.000000           1          -11.3061   
       629:    191670.000000           1          -11.2895   
       630:    191700.000000           1          -11.3014   
       631:    191730.000000           1          -11.3113   
       632:    191760.000000           1          -11.3248   
       633:    191790.000000           1          -11.3451   
       634:    191820.000000           1          -11.3443   
       635:    191850.000000           1          -11.3509   
       636:    191880.000000           1          -11.3617   
       637:    191910.000000           1          -11.3749   
       638:    191940.000000           1          -11.3706   
       639:    191970.000000           1          -11.3723   
       640:    192000.000000           1          -11.3781   
       641:    192030.000000           1          -11.3763   
       642:    192060.000000           1          -11.3763   
       643:    192090.000000           1          -11.3767   
       644:    192120.000000           1          -11.3832   
       645:    192150.000000           1          -11.3964   
       646:    192180.000000           1          -11.3977   
       647:    192210.000000           1          -11.3972   
       648:    192240.000000           1          -11.3871   
       649:    192270.000000           1          -11.3792   
       650:    192300.000000           1          -11.3659   
       651:    192330.000000           1          -11.3531   
       652:    192360.000000           1          -11.3439   
       653:    192390.000000           1          -11.3414   
       654:    192420.000000           1          -11.3367   
       655:    192450.000000           1          -11.3348   
       656:    192480.000000           1          -11.3380   
       657:    192510.000000           1          -11.3399   
       658:    192540.000000           1          -11.3409   
       659:    192570.000000           1          -11.3434   
       660:    192600.000000           1          -11.3526   
       661:    192630.000000           1          -11.3631   
       662:    192660.000000           1          -11.3728   
       663:    192690.000000           1          -11.3923   
       664:    192720.000000           1          -11.4101   
       665:    192750.000000           1          -11.4181   
       666:    192780.000000           1          -11.4282   
       667:    192810.000000           1          -11.4340   
       668:    192840.000000           1          -11.4352   
       669:    192870.000000           1          -11.4331   
       670:    192900.000000           1          -11.4322   
       671:    192930.000000           1          -11.4283   
       672:    192960.000000           1          -11.4272   
       673:    192990.000000           1          -11.4265   
       674:    193020.000000           1          -11.4245   
       675:    193050.000000           1          -11.4221   
       676:    193080.000000           1          -11.4185   
       677:    193110.000000           1          -11.4268   
       678:    193140.000000           1          -11.4242   
       679:    193170.000000           1          -11.4204   
       680:    193200.000000           1          -11.4246   
       681:    193230.000000           1          -11.4264   
       682:    193260.000000           1          -11.4277   
       683:    193290.000000           1          -11.4270   
       684:    193320.000000           1          -11.4249   
       685:    193350.000000           1          -11.4183   
       686:    193380.000000           1          -11.4143   
       687:    193410.000000           1          -11.4082   
       688:    193440.000000           1          -11.3964   
       689:    193470.000000           1          -11.3861   
       690:    193500.000000           1          -11.3775   
       691:    193530.000000           1          -11.3715   
       692:    193560.000000           1          -11.3686   
       693:    193590.000000           1          -11.3612   
       694:    193620.000000           1          -11.3561   
       695:    193650.000000           1          -11.3579   
       696:    193680.000000           1          -11.3607   
       697:    193710.000000           1          -11.3621   
       698:    193740.000000           1          -11.3594   
       699:    193770.000000           1          -11.3577   
       700:    193800.000000           1          -11.3582   
       701:    193830.000000           1          -11.3572   
       702:    193860.000000           1          -11.3512   
       703:    193890.000000           1          -11.3490   
       704:    193920.000000           1          -11.3484   
       705:    193950.000000           1          -11.3480   
       706:    193980.000000           1          -11.3484   
       707:    194010.000000           1          -11.3456   
       708:    194040.000000           1          -11.3454   
       709:    194070.000000           1          -11.3449   
       710:    194100.000000           1          -11.3445   
       711:    194130.000000           1          -11.3448   
       712:    194160.000000           1          -11.3455   
       713:    194190.000000           1          -11.3459   
       714:    194220.000000           1          -11.3469   
       715:    194250.000000           1          -11.3501   
       716:    194280.000000           1          -11.3485   
       717:    194310.000000           1          -11.3508   
       718:    194340.000000           1          -11.3539   
       719:    194370.000000           1          -11.3558   
       720:    194400.000000           1          -11.3555   
       721:    194430.000000           1          -11.3545   
       722:    194460.000000           1          -11.3516   
       723:    194490.000000           1          -11.3482   
       724:    194520.000000           1          -11.3456   
       725:    194550.000000           1          -11.3440   
       726:    194580.000000           1          -11.3443   
       727:    194610.000000           1          -11.3455   
       728:    194640.000000           1          -11.3485   
       729:    194670.000000           1          -11.3499   
       730:    194700.000000           1          -11.3517   
       731:    194730.000000           1          -11.3537   
       732:    194760.000000           1          -11.3569   
       733:    194790.000000           1          -11.3609   
       734:    194820.000000           1          -11.3617   
       735:    194850.000000           1          -11.3567   
       736:    194880.000000           1          -11.3500   
       737:    194910.000000           1          -11.3437   
       738:    194940.000000           1          -11.3402   
       739:    194970.000000           1          -11.3376   
       740:    195000.000000           1          -11.3355   
       741:    195030.000000           1          -11.3333   
       742:    195060.000000           1          -11.3322   
       743:    195090.000000           1          -11.3304   
       744:    195120.000000           1          -11.3304   
       745:    195150.000000           1          -11.3283   
       746:    195180.000000           1          -11.3268   
       747:    195210.000000           1          -11.3227   
       748:    195240.000000           1          -11.3164   
       749:    195270.000000           1          -11.3138   
       750:    195300.000000           1          -11.3132   
       751:    195330.000000           1          -11.3134   
       752:    195360.000000           1          -11.3137   
       753:    195390.000000           1          -11.3144   
       754:    195420.000000           1          -11.3127   
       755:    195450.000000           1          -11.3115   
       756:    195480.000000           1          -11.3095   
       757:    195510.000000           1          -11.3069   
       758:    195540.000000           1          -11.3051   
       759:    195570.000000           1          -11.3043   
       760:    195600.000000           1          -11.3051   
       761:    195630.000000           1          -11.3066   
       762:    195660.000000           1          -11.3078   
       763:    195690.000000           1          -11.3089   
       764:    195720.000000           1          -11.3103   
       765:    195750.000000           1          -11.3111   
       766:    195780.000000           1          -11.3130   
       767:    195810.000000           1          -11.3157   
       768:    195840.000000           1          -11.3186   
       769:    195870.000000           1          -11.3198   
       770:    195900.000000           1          -11.3188   
       771:    195930.000000           1          -11.3159   
       772:    195960.000000           1          -11.3119   
       773:    195990.000000           1          -11.3078   
       774:    196020.000000           1          -11.3030   
       775:    196050.000000           1          -11.2994   
       776:    196080.000000           1          -11.2978   
       777:    196110.000000           1          -11.2971   
       778:    196140.000000           1          -11.2958   
       779:    196170.000000           1          -11.2941   
       780:    196200.000000           1          -11.2910   
       781:    196230.000000           1          -11.2887   
       782:    196260.000000           1          -11.2883   
       783:    196290.000000           1          -11.2880   
       784:    196320.000000           1          -11.2887   
       785:    196350.000000           1          -11.2882   
       786:    196380.000000           1          -11.2887   
       787:    196410.000000           1          -11.2909   
       788:    196440.000000           1          -11.2936   
       789:    196470.000000           1          -11.2960   
       790:    196500.000000           1          -11.2974   
       791:    196530.000000           1          -11.2961   
       792:    196560.000000           1          -11.2931   
       793:    196590.000000           1          -11.2902   
       794:    196620.000000           1          -11.2867   
       795:    196650.000000           1          -11.2822   
       796:    196680.000000           1          -11.2788   
       797:    196710.000000           1          -11.2771   
       798:    196740.000000           1          -11.2773   
       799:    196770.000000           1          -11.2773   
       800:    196800.000000           1          -11.2785   
       801:    196830.000000           1          -11.2779   
       802:    196860.000000           1          -11.2767   
       803:    196890.000000           1          -11.2724   
       804:    196920.000000           1          -11.2685   
       805:    196950.000000           1          -11.2672   
       806:    196980.000000           1          -11.2671   
       807:    197010.000000           1          -11.2669   
       808:    197040.000000           1          -11.2654   
       809:    197070.000000           1          -11.2637   
       810:    197100.000000           1          -11.2627   
       811:    197130.000000           1          -11.2617   
       812:    197160.000000           1          -11.2626   
       815:    197250.000000           1          -10.9485   
       816:    197280.000000           1          -11.0634   
       817:    197310.000000           1          -11.1666   
       818:    197340.000000           1          -11.1961   
       819:    197370.000000           1          -11.1469   
       820:    197400.000000           1          -11.0845   
       821:    197430.000000           1          -11.0599   
       822:    197460.000000           1          -11.0600   
       823:    197490.000000           1          -11.0685   
       824:    197520.000000           1          -11.0754   
       825:    197550.000000           1          -11.0770   
       826:    197580.000000           1          -11.0808   
       827:    197610.000000           1          -11.0740   
       828:    197640.000000           1          -11.0704   
       829:    197670.000000           1          -11.0701   
       830:    197700.000000           1          -11.0758   
       831:    197730.000000           1          -11.0773   
       832:    197760.000000           1          -11.0750   
       833:    197790.000000           1          -11.0692   
       834:    197820.000000           1          -11.0645   
       835:    197850.000000           1          -11.0600   
       836:    197880.000000           1          -11.0549   
       837:    197910.000000           1          -11.0506   
       838:    197940.000000           1          -11.0465   
       839:    197970.000000           1          -11.0414   
       840:    198000.000000           1          -11.0329   
       841:    198030.000000           1          -11.0261   
       842:    198060.000000           1          -11.0168   
       843:    198090.000000           1          -11.0085   
       844:    198120.000000           1          -11.0013   
       845:    198150.000000           1          -10.9985   
       846:    198180.000000           1          -10.9979   
       847:    198210.000000           1          -11.0004   
       848:    198240.000000           1          -10.9990   
       849:    198270.000000           1          -10.9947   
       850:    198300.000000           1          -10.9907   
       851:    198330.000000           1          -10.9880   
       852:    198360.000000           1          -10.9872   
       853:    198390.000000           1          -10.9881   
       854:    198420.000000           1          -10.9891   
       855:    198450.000000           1          -10.9915   
       856:    198480.000000           1          -10.9938   
       857:    198510.000000           1          -10.9963   
       858:    198540.000000           1          -10.9984   
       859:    198570.000000           1          -10.9994   
       860:    198600.000000           1          -10.9975   
       861:    198630.000000           1          -10.9963   
       862:    198660.000000           1          -10.9965   
       863:    198690.000000           1          -10.9971   
       864:    198720.000000           1          -11.0007   
       865:    198750.000000           1          -11.0016   
       866:    198780.000000           1          -11.0020   
       867:    198810.000000           1          -11.0024   
       868:    198840.000000           1          -11.0026   
       869:    198870.000000           1          -11.0015   
       870:    198900.000000           1          -11.0013   
       871:    198930.000000           1          -11.0003   
       872:    198960.000000           1          -11.0012   
       873:    198990.000000           1          -11.0031   
       874:    199020.000000           1          -11.0055   
       875:    199050.000000           1          -11.0088   
       876:    199080.000000           1          -11.0133   
       877:    199110.000000           1          -11.0189   
       878:    199140.000000           1          -11.0247   
       879:    199170.000000           1          -11.0293   
       880:    199200.000000           1          -11.0342   
       881:    199230.000000           1          -11.0384   
       882:    199260.000000           1          -11.0412   
       883:    199290.000000           1          -11.0429   
       884:    199320.000000           1          -11.0440   
       885:    199350.000000           1          -11.0444   
       886:    199380.000000           1          -11.0420   
       887:    199410.000000           1          -11.0426   
       888:    199440.000000           1          -11.0447   
       889:    199470.000000           1          -11.0490   
       890:    199500.000000           1          -11.0528   
       891:    199530.000000           1          -11.0545   
       892:    199560.000000           1          -11.0548   
       893:    199590.000000           1          -11.0558   
       894:    199620.000000           1          -11.0557   
       895:    199650.000000           1          -11.0559   
       896:    199680.000000           1          -11.0561   
       897:    199710.000000           1          -11.0578   
       898:    199740.000000           1          -11.0582   
       899:    199770.000000           1          -11.0586   
       900:    199800.000000           1          -11.0606   
       901:    199830.000000           1          -11.0620   
       902:    199860.000000           1          -11.0622   
       903:    199890.000000           1          -11.0614   
       904:    199920.000000           1          -11.0605   
       905:    199950.000000           1          -11.0600   
       906:    199980.000000           1          -11.0605   
       907:    200010.000000           1          -11.0612   
       908:    200040.000000           1          -11.0632   
       909:    200070.000000           1          -11.0670   
       910:    200100.000000           1          -11.0712   
       911:    200130.000000           1          -11.0741   
       912:    200160.000000           1          -11.0751   
       913:    200190.000000           1          -11.0756   
       914:    200220.000000           1          -11.0754   
       915:    200250.000000           1          -11.0767   
       916:    200280.000000           1          -11.0793   
       917:    200310.000000           1          -11.0820   
       918:    200340.000000           1          -11.0858   
       919:    200370.000000           1          -11.0882   
       920:    200400.000000           1          -11.0897   
       921:    200430.000000           1          -11.0909   
       922:    200460.000000           1          -11.0930   
       923:    200490.000000           1          -11.0955   
       924:    200520.000000           1          -11.0976   
       925:    200550.000000           1          -11.1006   
       926:    200580.000000           1          -11.1012   
       927:    200610.000000           1          -11.1009   
       928:    200640.000000           1          -11.1005   
       929:    200670.000000           1          -11.1001   
       930:    200700.000000           1          -11.1015   
       931:    200730.000000           1          -11.1070   
       932:    200760.000000           1          -11.1127   
       933:    200790.000000           1          -11.1183   
       934:    200820.000000           1          -11.1237   
       935:    200850.000000           1          -11.1276   
       936:    200880.000000           1          -11.1312   
       937:    200910.000000           1          -11.1327   
       938:    200940.000000           1          -11.1340   
       939:    200970.000000           1          -11.1352   
       940:    201000.000000           1          -11.1375   
       941:    201030.000000           1          -11.1409   
       942:    201060.000000           1          -11.1463   
       943:    201090.000000           1          -11.1514   
       944:    201120.000000           1          -11.1560   
       945:    201150.000000           1          -11.1587   
       946:    201180.000000           1          -11.1582   
       947:    201210.000000           1          -11.1573   
       948:    201240.000000           1          -11.1561   
       949:    201270.000000           1          -11.1543   
       950:    201300.000000           1          -11.1544   
       951:    201330.000000           1          -11.1551   
       952:    201360.000000           1          -11.1560   
       953:    201390.000000           1          -11.1580   
       954:    201420.000000           1          -11.1607   
       955:    201450.000000           1          -11.1617   
       956:    201480.000000           1          -11.1614   
       957:    201510.000000           1          -11.1616   
       958:    201540.000000           1          -11.1631   
       959:    201570.000000           1          -11.1647   
       960:    201600.000000           1          -11.1661   
       961:    201630.000000           1          -11.1678   
       962:    201660.000000           1          -11.1687   
       963:    201690.000000           1          -11.1698   
       964:    201720.000000           1          -11.1700   
       965:    201750.000000           1          -11.1697   
       966:    201780.000000           1          -11.1710   
       967:    201810.000000           1          -11.1728   
       968:    201840.000000           1          -11.1739   
       969:    201870.000000           1          -11.1758   
       970:    201900.000000           1          -11.1781   
       971:    201930.000000           1          -11.1779   
       972:    201960.000000           1          -11.1756   
       973:    201990.000000           1          -11.1732   
       974:    202020.000000           1          -11.1712   
       975:    202050.000000           1          -11.1707   
       976:    202080.000000           1          -11.1708   
       977:    202110.000000           1          -11.1711   
       978:    202140.000000           1          -11.1724   
       979:    202170.000000           1          -11.1730   
       980:    202200.000000           1          -11.1734   
       981:    202230.000000           1          -11.1743   
       982:    202260.000000           1          -11.1752   
       983:    202290.000000           1          -11.1756   
       984:    202320.000000           1          -11.1760   
       985:    202350.000000           1          -11.1753   
       986:    202380.000000           1          -11.1749   
       987:    202410.000000           1          -11.1750   
       988:    202440.000000           1          -11.1753   
       989:    202470.000000           1          -11.1778   
       990:    202500.000000           1          -11.1813   
       991:    202530.000000           1          -11.1848   
       992:    202560.000000           1          -11.1891   
       993:    202590.000000           1          -11.1939   
       994:    202620.000000           1          -11.1990   
       995:    202650.000000           1          -11.2024   
       996:    202680.000000           1          -11.2050   
       997:    202710.000000           1          -11.2066   
       998:    202740.000000           1          -11.2078   
       999:    202770.000000           1          -11.2095   
      1000:    202800.000000           1          -11.2125   
      1001:    202830.000000           1          -11.2158   
      1002:    202860.000000           1          -11.2173   
      1003:    202890.000000           1          -11.2183   
      1004:    202920.000000           1          -11.2185   
      1005:    202950.000000           1          -11.2199   
      1006:    202980.000000           1          -11.2221   
      1007:    203010.000000           1          -11.2252   
      1008:    203040.000000           1          -11.2284   
      1009:    203070.000000           1          -11.2310   
      1010:    203100.000000           1          -11.2332   
      1011:    203130.000000           1          -11.2347   
      1012:    203160.000000           1          -11.2352   
      1013:    203190.000000           1          -11.2356   
      1014:    203220.000000           1          -11.2370   
      1015:    203250.000000           1          -11.2385   
      1016:    203280.000000           1          -11.2393   
      1017:    203310.000000           1          -11.2409   
      1018:    203340.000000           1          -11.2422   
      1019:    203370.000000           1          -11.2430   
      1020:    203400.000000           1          -11.2434   
      1021:    203430.000000           1          -11.2450   
      1022:    203460.000000           1          -11.2466   
      1023:    203490.000000           1          -11.2483   
      1024:    203520.000000           1          -11.2507   
      1025:    203550.000000           1          -11.2533   
      1026:    203580.000000           1          -11.2555   
      1027:    203610.000000           1          -11.2563   
      1028:    203640.000000           1          -11.2570   
      1029:    203670.000000           1          -11.2587   
      1030:    203700.000000           1          -11.2615   
      1031:    203730.000000           1          -11.2654   
      1032:    203760.000000           1          -11.2701   
      1033:    203790.000000           1          -11.2744   
      1034:    203820.000000           1          -11.2797   
      1035:    203850.000000           1          -11.2845   
      1036:    203880.000000           1          -11.2894   
      1037:    203910.000000           1          -11.2944   
      1038:    203940.000000           1          -11.2979   
      1039:    203970.000000           1          -11.3012   
      1040:    204000.000000           1          -11.3034   
      1041:    204030.000000           1          -11.3038   
      1042:    204060.000000           1          -11.3047   
      1043:    204090.000000           1          -11.3053   
      1044:    204120.000000           1          -11.3040   
      1045:    204150.000000           1          -11.3001   
      1046:    204180.000000           1          -11.2962   
      1047:    204210.000000           1          -11.2950   
      1048:    204240.000000           1          -11.2949   
      1049:    204270.000000           1          -11.2954   
      1050:    204300.000000           1          -11.2961   
      1051:    204330.000000           1          -11.2964   
      1052:    204360.000000           1          -11.2967   
      1053:    204390.000000           1          -11.2983   
      1054:    204420.000000           1          -11.3016   
      1055:    204450.000000           1          -11.3052   
      1056:    204480.000000           1          -11.3096   
      1057:    204510.000000           1          -11.3127   
      1058:    204540.000000           1          -11.3146   
      1059:    204570.000000           1          -11.3175   
      1060:    204600.000000           1          -11.3186   
      1061:    204630.000000           1          -11.3195   
      1062:    204660.000000           1          -11.3187   
      1063:    204690.000000           1          -11.3167   
      1064:    204720.000000           1          -11.3153   
      1065:    204750.000000           1          -11.3155   
      1066:    204780.000000           1          -11.3176   
      1067:    204810.000000           1          -11.3198   
      1068:    204840.000000           1          -11.3220   
      1069:    204870.000000           1          -11.3234   
      1070:    204900.000000           1          -11.3236   
      1071:    204930.000000           1          -11.3214   
      1072:    204960.000000           1          -11.3185   
      1073:    204990.000000           1          -11.3174   
      1074:    205020.000000           1          -11.3158   
      1075:    205050.000000           1          -11.3149   
      1076:    205080.000000           1          -11.3148   
      1077:    205110.000000           1          -11.3138   
      1078:    205140.000000           1          -11.3138   
      1079:    205170.000000           1          -11.3134   
      1080:    205200.000000           1          -11.3122   
      1081:    205230.000000           1          -11.3109   
      1082:    205260.000000           1          -11.3108   
      1083:    205290.000000           1          -11.3119   
      1084:    205320.000000           1          -11.3126   
      1085:    205350.000000           1          -11.3122   
      1086:    205380.000000           1          -11.3113   
      1087:    205410.000000           1          -11.3098   
      1088:    205440.000000           1          -11.3080   
      1089:    205470.000000           1          -11.3070   
      1090:    205500.000000           1          -11.3064   
      1091:    205530.000000           1          -11.3058   
      1092:    205560.000000           1          -11.3060   
      1093:    205590.000000           1          -11.3077   
      1094:    205620.000000           1          -11.3096   
      1095:    205650.000000           1          -11.3104   
      1096:    205680.000000           1          -11.3109   
      1097:    205710.000000           1          -11.3120   
      1098:    205740.000000           1          -11.3135   
      1099:    205770.000000           1          -11.3144   
      1100:    205800.000000           1          -11.3152   
      1101:    205830.000000           1          -11.3163   
      1102:    205860.000000           1          -11.3165   
      1103:    205890.000000           1          -11.3153   
      1104:    205920.000000           1          -11.3117   
      1105:    205950.000000           1          -11.3076   
      1106:    205980.000000           1          -11.3051   
      1107:    206010.000000           1          -11.3024   
      1108:    206040.000000           1          -11.2990   
      1109:    206070.000000           1          -11.2958   
      1110:    206100.000000           1          -11.2914   
      1111:    206130.000000           1          -11.2881   
      1112:    206160.000000           1          -11.2859   
      1113:    206190.000000           1          -11.2861   
      1114:    206220.000000           1          -11.2878   
      1115:    206250.000000           1          -11.2888   
      1116:    206280.000000           1          -11.2895   
      1117:    206310.000000           1          -11.2896   
      1118:    206340.000000           1          -11.2895   
      1119:    206370.000000           1          -11.2907   
      1120:    206400.000000           1          -11.2926   
      1121:    206430.000000           1          -11.2939   
      1122:    206460.000000           1          -11.2937   
      1123:    206490.000000           1          -11.2940   
      1124:    206520.000000           1          -11.2957   
      1125:    206550.000000           1          -11.2981   
      1126:    206580.000000           1          -11.3006   
      1127:    206610.000000           1          -11.3028   
      1128:    206640.000000           1          -11.3046   
      1129:    206670.000000           1          -11.3035   
      1130:    206700.000000           1          -11.3007   
      1131:    206730.000000           1          -11.2984   
      1132:    206760.000000           1          -11.2970   
      1133:    206790.000000           1          -11.2959   
      1134:    206820.000000           1          -11.2955   
      1135:    206850.000000           1          -11.2952   
      1136:    206880.000000           1          -11.2942   
      1137:    206910.000000           1          -11.2949   
      1138:    206940.000000           1          -11.2962   
      1139:    206970.000000           1          -11.2976   
      1140:    207000.000000           1          -11.2997   
      1141:    207030.000000           1          -11.3009   
      1142:    207060.000000           1          -11.3040   
      1143:    207090.000000           1          -11.3065   
      1144:    207120.000000           1          -11.3059   
      1145:    207150.000000           1          -11.3061   
      1146:    207180.000000           1          -11.3059   
      1147:    207210.000000           1          -11.3057   
      1148:    207240.000000           1          -11.3080   
      1149:    207270.000000           1          -11.3103   
      1150:    207300.000000           1          -11.3117   
      1151:    207330.000000           1          -11.3131   
      1152:    207360.000000           1          -11.3143   
      1153:    207390.000000           1          -11.3152   
      1154:    207420.000000           1          -11.3165   
      1155:    207450.000000           1          -11.3189   
      1156:    207480.000000           1          -11.3228   
      1157:    207510.000000           1          -11.3261   
      1158:    207540.000000           1          -11.3281   
      1159:    207570.000000           1          -11.3287   
      1160:    207600.000000           1          -11.3262   
      1161:    207630.000000           1          -11.3250   
      1162:    207660.000000           1          -11.3245   
      1163:    207690.000000           1          -11.3236   
      1164:    207720.000000           1          -11.3221   
      1165:    207750.000000           1          -11.3196   
      1166:    207780.000000           1          -11.3180   
      1167:    207810.000000           1          -11.3169   
      1168:    207840.000000           1          -11.3154   
      1169:    207870.000000           1          -11.3135   
      1170:    207900.000000           1          -11.3113   
      1171:    207930.000000           1          -11.3106   
      1172:    207960.000000           1          -11.3110   
      1173:    207990.000000           1          -11.3100   
      1174:    208020.000000           1          -11.3075   
      1175:    208050.000000           1          -11.3057   
      1176:    208080.000000           1          -11.3044   
      1177:    208110.000000           1          -11.3037   
      1178:    208140.000000           1          -11.3042   
      1179:    208170.000000           1          -11.3070   
      1180:    208200.000000           1          -11.3103   
      1181:    208230.000000           1          -11.3124   
      1182:    208260.000000           1          -11.3120   
      1183:    208290.000000           1          -11.3084   
      1184:    208320.000000           1          -11.3037   
      1185:    208350.000000           1          -11.3001   
      1186:    208380.000000           1          -11.3000   
      1187:    208410.000000           1          -11.3028   
      1188:    208440.000000           1          -11.3074   
      1189:    208470.000000           1          -11.3127   
      1190:    208500.000000           1          -11.3152   
      1191:    208530.000000           1          -11.3153   
      1192:    208560.000000           1          -11.3138   
      1193:    208590.000000           1          -11.3111   
      1194:    208620.000000           1          -11.3080   
      1195:    208650.000000           1          -11.3037   
      1196:    208680.000000           1          -11.2994   
      1197:    208710.000000           1          -11.2971   
      1198:    208740.000000           1          -11.2966   
      1199:    208770.000000           1          -11.2988   
      1200:    208800.000000           1          -11.3032   
      1201:    208830.000000           1          -11.3066   
      1202:    208860.000000           1          -11.3088   
      1203:    208890.000000           1          -11.3107   
      1204:    208920.000000           1          -11.3130   
      1205:    208950.000000           1          -11.3138   
      1206:    208980.000000           1          -11.3141   
      1207:    209010.000000           1          -11.3136   
      1208:    209040.000000           1          -11.3135   
      1209:    209070.000000           1          -11.3141   
      1210:    209100.000000           1          -11.3145   
      1211:    209130.000000           1          -11.3135   
      1212:    209160.000000           1          -11.3126   
      1213:    209190.000000           1          -11.3106   
      1214:    209220.000000           1          -11.3092   
      1215:    209250.000000           1          -11.3074   
      1216:    209280.000000           1          -11.3059   
      1217:    209310.000000           1          -11.3041   
      1218:    209340.000000           1          -11.3016   
      1219:    209370.000000           1          -11.2990   
      1220:    209400.000000           1          -11.2962   
      1221:    209430.000000           1          -11.2942   
      1222:    209460.000000           1          -11.2923   
      1223:    209490.000000           1          -11.2911   
      1224:    209520.000000           1          -11.2893   
      1225:    209550.000000           1          -11.2875   
      1226:    209580.000000           1          -11.2868   
      1227:    209610.000000           1          -11.2865   
      1228:    209640.000000           1          -11.2864   
      1229:    209670.000000           1          -11.2869   
      1230:    209700.000000           1          -11.2890   
      1231:    209730.000000           1          -11.2904   
      1232:    209760.000000           1          -11.2906   
      1233:    209790.000000           1          -11.2901   
      1234:    209820.000000           1          -11.2893   
      1235:    209850.000000           1          -11.2880   
      1236:    209880.000000           1          -11.2854   
      1237:    209910.000000           1          -11.2824   
      1238:    209940.000000           1          -11.2792   
      1239:    209970.000000           1          -11.2757   
      1240:    210000.000000           1          -11.2722   
      1241:    210030.000000           1          -11.2690   
      1242:    210060.000000           1          -11.2676   
      1243:    210090.000000           1          -11.2674   
      1244:    210120.000000           1          -11.2674   
      1245:    210150.000000           1          -11.2671   
      1246:    210180.000000           1          -11.2659   
      1247:    210210.000000           1          -11.2656   
      1248:    210240.000000           1          -11.2671   
      1249:    210270.000000           1          -11.2701   
      1250:    210300.000000           1          -11.2732   
      1251:    210330.000000           1          -11.2776   
      1252:    210360.000000           1          -11.2818   
      1253:    210390.000000           1          -11.2860   
      1254:    210420.000000           1          -11.2901   
      1255:    210450.000000           1          -11.2949   
      1256:    210480.000000           1          -11.3000   
      1257:    210510.000000           1          -11.3049   
      1258:    210540.000000           1          -11.3095   
      1259:    210570.000000           1          -11.3118   
      1260:    210600.000000           1          -11.3126   
      1261:    210630.000000           1          -11.3125   
      1262:    210660.000000           1          -11.3131   
      1263:    210690.000000           1          -11.3131   
      1264:    210720.000000           1          -11.3113   
      1265:    210750.000000           1          -11.3093   
      1266:    210780.000000           1          -11.3067   
      1267:    210810.000000           1          -11.3044   
      1268:    210840.000000           1          -11.3037   
      1269:    210870.000000           1          -11.3032   
      1270:    210900.000000           1          -11.3035   
      1271:    210930.000000           1          -11.3047   
      1272:    210960.000000           1          -11.3062   
      1273:    210990.000000           1          -11.3076   
      1274:    211020.000000           1          -11.3086   
      1275:    211050.000000           1          -11.3085   
      1276:    211080.000000           1          -11.3070   
      1277:    211110.000000           1          -11.3058   
      1278:    211140.000000           1          -11.3045   
      1279:    211170.000000           1          -11.3028   
      1280:    211200.000000           1          -11.3006   
      1281:    211230.000000           1          -11.3002   
      1282:    211260.000000           1          -11.3016   
      1283:    211290.000000           1          -11.3042   
      1284:    211320.000000           1          -11.3068   
      1285:    211350.000000           1          -11.3089   
      1286:    211380.000000           1          -11.3098   
      1287:    211410.000000           1          -11.3095   
      1288:    211440.000000           1          -11.3075   
      1289:    211470.000000           1          -11.3034   
      1290:    211500.000000           1          -11.2990   
      1291:    211530.000000           1          -11.2951   
      1292:    211560.000000           1          -11.2922   
      1293:    211590.000000           1          -11.2913   
      1294:    211620.000000           1          -11.2925   
      1295:    211650.000000           1          -11.2947   
      1296:    211680.000000           1          -11.2964   
      1297:    211710.000000           1          -11.2959   
      1298:    211740.000000           1          -11.2947   
      1299:    211770.000000           1          -11.2925   
      1300:    211800.000000           1          -11.2887   
      1301:    211830.000000           1          -11.2843   
      1302:    211860.000000           1          -11.2811   
      1303:    211890.000000           1          -11.2791   
      1304:    211920.000000           1          -11.2813   
      1305:    211950.000000           1          -11.2863   
      1306:    211980.000000           1          -11.2900   
      1307:    212010.000000           1          -11.2920   
      1308:    212040.000000           1          -11.2924   
      1309:    212070.000000           1          -11.2920   
      1310:    212100.000000           1          -11.2917   
      1311:    212130.000000           1          -11.2899   
      1312:    212160.000000           1          -11.2875   
      1313:    212190.000000           1          -11.2853   
      1314:    212220.000000           1          -11.2830   
      1315:    212250.000000           1          -11.2808   
      1316:    212280.000000           1          -11.2788   
      1317:    212310.000000           1          -11.2775   
      1318:    212340.000000           1          -11.2762   
      1319:    212370.000000           1          -11.2753   
      1320:    212400.000000           1          -11.2744   
      1321:    212430.000000           1          -11.2742   
      1322:    212460.000000           1          -11.2752   
      1323:    212490.000000           1          -11.2780   
      1324:    212520.000000           1          -11.2804   
      1325:    212550.000000           1          -11.2813   
      1326:    212580.000000           1          -11.2821   
      1327:    212610.000000           1          -11.2830   
      1328:    212640.000000           1          -11.2839   
      1329:    212670.000000           1          -11.2845   
      1330:    212700.000000           1          -11.2854   
      1331:    212730.000000           1          -11.2875   
      1332:    212760.000000           1          -11.2890   
      1333:    212790.000000           1          -11.2895   
      1334:    212820.000000           1          -11.2897   
      1335:    212850.000000           1          -11.2903   
      1336:    212880.000000           1          -11.2920   
      1337:    212910.000000           1          -11.2948   
      1338:    212940.000000           1          -11.2994   
      1339:    212970.000000           1          -11.3041   
      1340:    213000.000000           1          -11.3067   
      1341:    213030.000000           1          -11.3086   
      1342:    213060.000000           1          -11.3112   
      1343:    213090.000000           1          -11.3130   
      1344:    213120.000000           1          -11.3141   
      1345:    213150.000000           1          -11.3150   
      1346:    213180.000000           1          -11.3169   
      1347:    213210.000000           1          -11.3204   
      1348:    213240.000000           1          -11.3229   
      1349:    213270.000000           1          -11.3243   
      1350:    213300.000000           1          -11.3250   
      1351:    213330.000000           1          -11.3242   
      1352:    213360.000000           1          -11.3219   
      1353:    213390.000000           1          -11.3189   
      1354:    213420.000000           1          -11.3158   
      1355:    213450.000000           1          -11.3138   
      1356:    213480.000000           1          -11.3130   
      1357:    213510.000000           1          -11.3126   
      1358:    213540.000000           1          -11.3131   
      1359:    213570.000000           1          -11.3145   
      1360:    213600.000000           1          -11.3153   
      1361:    213630.000000           1          -11.3143   
      1362:    213660.000000           1          -11.3131   
      1363:    213690.000000           1          -11.3128   
      1364:    213720.000000           1          -11.3121   
      1365:    213750.000000           1          -11.3125   
      1366:    213780.000000           1          -11.3138   
      1367:    213810.000000           1          -11.3154   
      1368:    213840.000000           1          -11.3181   
      1369:    213870.000000           1          -11.3219   
      1370:    213900.000000           1          -11.3267   
      1371:    213930.000000           1          -11.3307   
      1372:    213960.000000           1          -11.3342   
      1373:    213990.000000           1          -11.3387   
      1374:    214020.000000           1          -11.3428   
      1375:    214050.000000           1          -11.3466   
      1376:    214080.000000           1          -11.3521   
      1377:    214110.000000           1          -11.3567   
      1378:    214140.000000           1          -11.3587   
      1379:    214170.000000           1          -11.3627   
      1380:    214200.000000           1          -11.3657   
      1381:    214230.000000           1          -11.3677   
      1382:    214260.000000           1          -11.3700   
      1383:    214290.000000           1          -11.3732   
      1384:    214320.000000           1          -11.3773   
      1385:    214350.000000           1          -11.3813   
      1386:    214380.000000           1          -11.3848   
      1387:    214410.000000           1          -11.3872   
      1388:    214440.000000           1          -11.3891   
      1389:    214470.000000           1          -11.3909   
      1390:    214500.000000           1          -11.3915   
      1391:    214530.000000           1          -11.3913   
      1392:    214560.000000           1          -11.3918   
      1393:    214590.000000           1          -11.3931   
      1394:    214620.000000           1          -11.3945   
      1395:    214650.000000           1          -11.3950   
      1396:    214680.000000           1          -11.3960   
      1397:    214710.000000           1          -11.3966   
      1398:    214740.000000           1          -11.3972   
      1399:    214770.000000           1          -11.3978   
      1400:    214800.000000           1          -11.3981   
      1401:    214830.000000           1          -11.3984   
      1402:    214860.000000           1          -11.3989   
      1403:    214890.000000           1          -11.3985   
      1404:    214920.000000           1          -11.3985   
      1405:    214950.000000           1          -11.3986   
      1406:    214980.000000           1          -11.3991   
      1407:    215010.000000           1          -11.3987   
      1408:    215040.000000           1          -11.3993   
      1409:    215070.000000           1          -11.3991   
      1410:    215100.000000           1          -11.4002   
      1411:    215130.000000           1          -11.4015   
      1412:    215160.000000           1          -11.4019   
      1413:    215190.000000           1          -11.4029   
      1414:    215220.000000           1          -11.4046   
      1415:    215250.000000           1          -11.4064   
      1416:    215280.000000           1          -11.4075   
      1417:    215310.000000           1          -11.4075   
      1418:    215340.000000           1          -11.4074   
      1419:    215370.000000           1          -11.4068   
      1420:    215400.000000           1          -11.4071   
      1421:    215430.000000           1          -11.4068   
      1422:    215460.000000           1          -11.4054   
      1423:    215490.000000           1          -11.4018   
      1424:    215520.000000           1          -11.3986   
      1425:    215550.000000           1          -11.3968   
      1426:    215580.000000           1          -11.3956   
      1427:    215610.000000           1          -11.3956   
      1428:    215640.000000           1          -11.3975   
      1429:    215670.000000           1          -11.3996   
      1430:    215700.000000           1          -11.4016   
      1431:    215730.000000           1          -11.4036   
      1432:    215760.000000           1          -11.4055   
      1433:    215790.000000           1          -11.4079   
      1434:    215820.000000           1          -11.4108   
      1435:    215850.000000           1          -11.4140   
      1436:    215880.000000           1          -11.4163   
      1437:    215910.000000           1          -11.4168   
      1438:    215940.000000           1          -11.4168   
      1439:    215970.000000           1          -11.4156   
      1440:    216000.000000           1          -11.4152   
      1441:    216030.000000           1          -11.4152   
      1442:    216060.000000           1          -11.4146   
      1443:    216090.000000           1          -11.4149   
      1444:    216120.000000           1          -11.4141   
      1445:    216150.000000           1          -11.4130   
      1446:    216180.000000           1          -11.4130   
      1447:    216210.000000           1          -11.4135   
      1448:    216240.000000           1          -11.4134   
      1449:    216270.000000           1          -11.4134   
      1450:    216300.000000           1          -11.4152   
      1451:    216330.000000           1          -11.4182   
      1452:    216360.000000           1          -11.4208   
      1453:    216390.000000           1          -11.4235   
      1454:    216420.000000           1          -11.4266   
      1455:    216450.000000           1          -11.4299   
      1456:    216480.000000           1          -11.4328   
      1457:    216510.000000           1          -11.4348   
      1458:    216540.000000           1          -11.4359   
      1459:    216570.000000           1          -11.4365   
      1460:    216600.000000           1          -11.4371   
      1461:    216630.000000           1          -11.4373   
      1462:    216660.000000           1          -11.4369   
      1463:    216690.000000           1          -11.4349   
      1464:    216720.000000           1          -11.4329   
      1465:    216750.000000           1          -11.4320   
      1466:    216780.000000           1          -11.4321   
      1467:    216810.000000           1          -11.4333   
      1468:    216840.000000           1          -11.4348   
      1469:    216870.000000           1          -11.4373   
      1470:    216900.000000           1          -11.4395   
      1471:    216930.000000           1          -11.4399   
      1472:    216960.000000           1          -11.4402   
      1473:    216990.000000           1          -11.4412   
      1474:    217020.000000           1          -11.4431   
      1475:    217050.000000           1          -11.4451   
      1476:    217080.000000           1          -11.4476   
      1477:    217110.000000           1          -11.4511   
      1478:    217140.000000           1          -11.4538   
      1479:    217170.000000           1          -11.4568   
      1480:    217200.000000           1          -11.4593   
      1481:    217230.000000           1          -11.4604   
      1482:    217260.000000           1          -11.4618   
      1483:    217290.000000           1          -11.4625   
      1484:    217320.000000           1          -11.4627   
      1485:    217350.000000           1          -11.4621   
      1486:    217380.000000           1          -11.4613   
      1487:    217410.000000           1          -11.4610   
      1488:    217440.000000           1          -11.4604   
      1489:    217470.000000           1          -11.4608   
      1490:    217500.000000           1          -11.4613   
      1491:    217530.000000           1          -11.4629   
      1492:    217560.000000           1          -11.4652   
      1493:    217590.000000           1          -11.4670   
      1494:    217620.000000           1          -11.4692   
      1495:    217650.000000           1          -11.4691   
      1496:    217680.000000           1          -11.4689   
      1497:    217710.000000           1          -11.4669   
      1498:    217740.000000           1          -11.4647   
      1499:    217770.000000           1          -11.4643   
      1500:    217800.000000           1          -11.4650   
      1501:    217830.000000           1          -11.4654   
      1502:    217860.000000           1          -11.4643   
      1503:    217890.000000           1          -11.4622   
      1504:    217920.000000           1          -11.4598   
      1505:    217950.000000           1          -11.4560   
      1506:    217980.000000           1          -11.4525   
      1507:    218010.000000           1          -11.4491   
      1508:    218040.000000           1          -11.4458   
      1509:    218070.000000           1          -11.4443   
      1510:    218100.000000           1          -11.4434   
      1511:    218130.000000           1          -11.4429   
      1512:    218160.000000           1          -11.4423   
      1513:    218190.000000           1          -11.4419   
      1514:    218220.000000           1          -11.4406   
      1515:    218250.000000           1          -11.4376   
      1516:    218280.000000           1          -11.4360   
      1517:    218310.000000           1          -11.4356   
      1518:    218340.000000           1          -11.4352   
      1519:    218370.000000           1          -11.4354   
      1520:    218400.000000           1          -11.4349   
      1521:    218430.000000           1          -11.4336   
      1522:    218460.000000           1          -11.4320   
      1523:    218490.000000           1          -11.4299   
      1524:    218520.000000           1          -11.4293   
      1525:    218550.000000           1          -11.4294   
      1526:    218580.000000           1          -11.4295   
      1527:    218610.000000           1          -11.4315   
      1528:    218640.000000           1          -11.4332   
      1529:    218670.000000           1          -11.4344   
      1530:    218700.000000           1          -11.4350   
      1531:    218730.000000           1          -11.4344   
      1532:    218760.000000           1          -11.4333   
      1533:    218790.000000           1          -11.4306   
      1534:    218820.000000           1          -11.4275   
      1535:    218850.000000           1          -11.4256   
      1536:    218880.000000           1          -11.4250   
      1537:    218910.000000           1          -11.4267   
      1538:    218940.000000           1          -11.4296   
      1539:    218970.000000           1          -11.4324   
      1540:    219000.000000           1          -11.4352   
      1541:    219030.000000           1          -11.4362   
      1542:    219060.000000           1          -11.4360   
      1543:    219090.000000           1          -11.4350   
      1544:    219120.000000           1          -11.4327   
      1545:    219150.000000           1          -11.4303   
      1546:    219180.000000           1          -11.4279   
      1547:    219210.000000           1          -11.4270   
      1548:    219240.000000           1          -11.4273   
      1549:    219270.000000           1          -11.4277   
      1550:    219300.000000           1          -11.4287   
      1551:    219330.000000           1          -11.4308   
      1552:    219360.000000           1          -11.4334   
      1553:    219390.000000           1          -11.4349   
      1554:    219420.000000           1          -11.4350   
      1555:    219450.000000           1          -11.4343   
      1556:    219480.000000           1          -11.4342   
      1557:    219510.000000           1          -11.4344   
      1558:    219540.000000           1          -11.4346   
      1559:    219570.000000           1          -11.4351   
      1560:    219600.000000           1          -11.4358   
      1561:    219630.000000           1          -11.4372   
      1562:    219660.000000           1          -11.4398   
      1563:    219690.000000           1          -11.4435   
      1564:    219720.000000           1          -11.4475   
      1565:    219750.000000           1          -11.4505   
      1566:    219780.000000           1          -11.4527   
      1567:    219810.000000           1          -11.4543   
      1568:    219840.000000           1          -11.4550   
      1569:    219870.000000           1          -11.4559   
      1570:    219900.000000           1          -11.4574   
      1571:    219930.000000           1          -11.4582   
      1572:    219960.000000           1          -11.4584   
      1573:    219990.000000           1          -11.4595   
      1574:    220020.000000           1          -11.4610   
      1575:    220050.000000           1          -11.4636   
      1576:    220080.000000           1          -11.4663   
      1577:    220110.000000           1          -11.4685   
      1578:    220140.000000           1          -11.4714   
      1579:    220170.000000           1          -11.4739   
      1580:    220200.000000           1          -11.4757   
      1581:    220230.000000           1          -11.4760   
      1582:    220260.000000           1          -11.4775   
      1583:    220290.000000           1          -11.4786   
      1584:    220320.000000           1          -11.4795   
      1585:    220350.000000           1          -11.4810   
      1586:    220380.000000           1          -11.4820   
      1587:    220410.000000           1          -11.4831   
      1588:    220440.000000           1          -11.4846   
      1589:    220470.000000           1          -11.4868   
      1590:    220500.000000           1          -11.4883   
      1591:    220530.000000           1          -11.4900   
      1592:    220560.000000           1          -11.4913   
      1593:    220590.000000           1          -11.4914   
      1594:    220620.000000           1          -11.4921   
      1595:    220650.000000           1          -11.4927   
      1596:    220680.000000           1          -11.4940   
      1597:    220710.000000           1          -11.4965   
      1598:    220740.000000           1          -11.4987   
      1599:    220770.000000           1          -11.5009   
      1600:    220800.000000           1          -11.5034   
      1601:    220830.000000           1          -11.5061   
      1602:    220860.000000           1          -11.5092   
      1603:    220890.000000           1          -11.5135   
      1604:    220920.000000           1          -11.5169   
      1605:    220950.000000           1          -11.5192   
      1606:    220980.000000           1          -11.5208   
      1607:    221010.000000           1          -11.5230   
      1608:    221040.000000           1          -11.5247   
      1609:    221070.000000           1          -11.5260   
      1610:    221100.000000           1          -11.5273   
      1611:    221130.000000           1          -11.5283   
      1612:    221160.000000           1          -11.5291   
      1613:    221190.000000           1          -11.5300   
      1614:    221220.000000           1          -11.5317   
      1615:    221250.000000           1          -11.5322   
      1616:    221280.000000           1          -11.5322   
      1617:    221310.000000           1          -11.5341   
      1618:    221340.000000           1          -11.5371   
      1619:    221370.000000           1          -11.5409   
      1620:    221400.000000           1          -11.5451   
      1621:    221430.000000           1          -11.5487   
      1622:    221460.000000           1          -11.5522   
      1623:    221490.000000           1          -11.5552   
      1624:    221520.000000           1          -11.5575   
      1625:    221550.000000           1          -11.5594   
      1626:    221580.000000           1          -11.5618   
      1627:    221610.000000           1          -11.5650   
      1628:    221640.000000           1          -11.5693   
      1629:    221670.000000           1          -11.5748   
      1630:    221700.000000           1          -11.5798   
      1631:    221730.000000           1          -11.5835   
      1632:    221760.000000           1          -11.5868   
      1633:    221790.000000           1          -11.5900   
      1634:    221820.000000           1          -11.5933   
      1635:    221850.000000           1          -11.5972   
      1636:    221880.000000           1          -11.6014   
