       170:    177900.000000           1          128.8034   
       171:    177930.000000           1          128.8574   
       172:    177960.000000           1          128.8246   
       173:    177990.000000           1          128.8760   
       174:    178020.000000           1          128.8915   
       175:    178050.000000           1          128.8347   
       176:    178080.000000           1          128.8207   
       177:    178110.000000           1          128.7928   
       178:    178140.000000           1          128.7662   
       179:    178170.000000           1          128.7352   
       180:    178200.000000           1          128.7347   
       181:    178230.000000           1          128.7335   
       182:    178260.000000           1          128.7215   
       183:    178290.000000           1          128.7149   
       184:    178320.000000           1          128.6980   
       185:    178350.000000           1          128.6994   
       186:    178380.000000           1          128.6986   
       187:    178410.000000           1          128.6797   
       188:    178440.000000           1          128.6615   
       189:    178470.000000           1          128.6778   
       190:    178500.000000           1          128.6821   
       191:    178530.000000           1          128.6570   
       192:    178560.000000           1          128.6528   
       193:    178590.000000           1          128.6532   
       194:    178620.000000           1          128.6483   
       195:    178650.000000           1          128.6513   
       196:    178680.000000           1          128.6479   
       197:    178710.000000           1          128.6389   
       198:    178740.000000           1          128.6334   
       199:    178770.000000           1          128.6301   
       200:    178800.000000           1          128.6074   
       201:    178830.000000           1          128.5851   
       202:    178860.000000           1          128.5780   
       203:    178890.000000           1          128.5572   
       204:    178920.000000           1          128.5326   
       205:    178950.000000           1          128.4999   
       206:    178980.000000           1          128.4725   
       207:    179010.000000           1          128.4565   
       208:    179040.000000           1          128.4578   
       209:    179070.000000           1          128.4658   
       210:    179100.000000           1          128.4861   
       211:    179130.000000           1          128.5067   
       212:    179160.000000           1          128.5207   
       213:    179190.000000           1          128.5397   
       214:    179220.000000           1          128.5568   
       215:    179250.000000           1          128.5822   
       216:    179280.000000           1          128.6070   
       217:    179310.000000           1          128.6223   
       218:    179340.000000           1          128.6422   
       219:    179370.000000           1          128.6671   
       220:    179400.000000           1          128.6856   
       221:    179430.000000           1          128.6939   
       222:    179460.000000           1          128.6971   
       223:    179490.000000           1          128.6884   
       224:    179520.000000           1          128.6622   
       225:    179550.000000           1          128.6263   
       226:    179580.000000           1          128.5794   
       227:    179610.000000           1          128.5346   
       228:    179640.000000           1          128.5051   
       229:    179670.000000           1          128.4876   
       230:    179700.000000           1          128.4744   
       231:    179730.000000           1          128.4558   
       232:    179760.000000           1          128.4393   
       233:    179790.000000           1          128.4278   
       234:    179820.000000           1          128.4219   
       235:    179850.000000           1          128.4246   
       236:    179880.000000           1          128.4344   
       237:    179910.000000           1          128.4472   
       238:    179940.000000           1          128.4586   
       239:    179970.000000           1          128.4674   
       240:    180000.000000           1          128.4721   
       241:    180030.000000           1          128.4730   
       242:    180060.000000           1          128.4675   
       243:    180090.000000           1          128.4568   
       244:    180120.000000           1          128.4427   
       245:    180150.000000           1          128.4220   
       246:    180180.000000           1          128.4004   
       247:    180210.000000           1          128.3810   
       248:    180240.000000           1          128.3563   
       249:    180270.000000           1          128.3337   
       250:    180300.000000           1          128.3067   
       251:    180330.000000           1          128.2754   
       252:    180360.000000           1          128.2334   
       253:    180390.000000           1          128.1910   
       254:    180420.000000           1          128.1583   
       255:    180450.000000           1          128.1359   
       256:    180480.000000           1          128.1214   
       257:    180510.000000           1          128.1117   
       258:    180540.000000           1          128.1073   
       259:    180570.000000           1          128.1023   
       260:    180600.000000           1          128.0937   
       261:    180630.000000           1          128.0825   
       262:    180660.000000           1          128.0777   
       263:    180690.000000           1          128.0727   
       264:    180720.000000           1          128.0712   
       265:    180750.000000           1          128.0712   
       266:    180780.000000           1          128.0740   
       267:    180810.000000           1          128.0779   
       268:    180840.000000           1          128.0772   
       269:    180870.000000           1          128.0779   
       270:    180900.000000           1          128.0814   
       271:    180930.000000           1          128.0819   
       272:    180960.000000           1          128.0826   
       273:    180990.000000           1          128.0782   
       274:    181020.000000           1          128.0686   
       275:    181050.000000           1          128.0564   
       276:    181080.000000           1          128.0469   
       277:    181110.000000           1          128.0339   
       278:    181140.000000           1          128.0252   
       279:    181170.000000           1          128.0224   
       280:    181200.000000           1          128.0192   
       281:    181230.000000           1          128.0110   
       282:    181260.000000           1          127.9997   
       283:    181290.000000           1          127.9798   
       284:    181320.000000           1          127.9587   
       285:    181350.000000           1          127.9425   
       286:    181380.000000           1          127.9263   
       287:    181410.000000           1          127.9087   
       288:    181440.000000           1          127.8865   
       289:    181470.000000           1          127.8687   
       290:    181500.000000           1          127.8541   
       291:    181530.000000           1          127.8400   
       292:    181560.000000           1          127.8241   
       293:    181590.000000           1          127.8117   
       294:    181620.000000           1          127.8043   
       295:    181650.000000           1          127.8006   
       296:    181680.000000           1          127.7981   
       297:    181710.000000           1          127.7956   
       298:    181740.000000           1          127.7920   
       299:    181770.000000           1          127.7843   
       300:    181800.000000           1          127.7756   
       301:    181830.000000           1          127.7604   
       302:    181860.000000           1          127.7447   
       303:    181890.000000           1          127.7344   
       304:    181920.000000           1          127.7279   
       305:    181950.000000           1          127.7250   
       306:    181980.000000           1          127.7171   
       307:    182010.000000           1          127.7048   
       308:    182040.000000           1          127.6978   
       309:    182070.000000           1          127.6877   
       310:    182100.000000           1          127.6844   
       311:    182130.000000           1          127.6895   
       312:    182160.000000           1          127.6920   
       313:    182190.000000           1          127.6961   
       314:    182220.000000           1          127.7021   
       315:    182250.000000           1          127.7161   
       316:    182280.000000           1          127.7257   
       317:    182310.000000           1          127.7299   
       318:    182340.000000           1          127.7265   
       319:    182370.000000           1          127.7130   
       320:    182400.000000           1          127.6992   
       321:    182430.000000           1          127.6889   
       322:    182460.000000           1          127.6794   
       323:    182490.000000           1          127.6674   
       324:    182520.000000           1          127.6625   
       325:    182550.000000           1          127.6512   
       326:    182580.000000           1          127.6389   
       327:    182610.000000           1          127.6295   
       328:    182640.000000           1          127.6181   
       329:    182670.000000           1          127.6071   
       330:    182700.000000           1          127.6014   
       331:    182730.000000           1          127.6030   
       332:    182760.000000           1          127.6021   
       333:    182790.000000           1          127.6028   
       334:    182820.000000           1          127.5955   
       335:    182850.000000           1          127.5877   
       336:    182880.000000           1          127.5763   
       337:    182910.000000           1          127.5695   
       338:    182940.000000           1          127.5630   
       339:    182970.000000           1          127.5534   
       340:    183000.000000           1          127.5457   
       341:    183030.000000           1          127.5359   
       342:    183060.000000           1          127.5239   
       343:    183090.000000           1          127.5190   
       344:    183120.000000           1          127.5139   
       345:    183150.000000           1          127.5049   
       346:    183180.000000           1          127.4996   
       347:    183210.000000           1          127.4984   
       348:    183240.000000           1          127.5003   
       349:    183270.000000           1          127.5040   
       350:    183300.000000           1          127.5050   
       351:    183330.000000           1          127.5047   
       352:    183360.000000           1          127.5029   
       353:    183390.000000           1          127.4988   
       354:    183420.000000           1          127.4927   
       355:    183450.000000           1          127.4903   
       356:    183480.000000           1          127.4805   
       357:    183510.000000           1          127.4710   
       358:    183540.000000           1          127.4654   
       359:    183570.000000           1          127.4639   
       360:    183600.000000           1          127.4616   
       361:    183630.000000           1          127.4615   
       362:    183660.000000           1          127.4601   
       363:    183690.000000           1          127.4606   
       364:    183720.000000           1          127.4580   
       365:    183750.000000           1          127.4535   
       366:    183780.000000           1          127.4505   
       367:    183810.000000           1          127.4476   
       368:    183840.000000           1          127.4400   
       369:    183870.000000           1          127.4335   
       370:    183900.000000           1          127.4240   
       371:    183930.000000           1          127.4142   
       372:    183960.000000           1          127.4026   
       373:    183990.000000           1          127.3902   
       374:    184020.000000           1          127.3795   
       375:    184050.000000           1          127.3730   
       376:    184080.000000           1          127.3715   
       377:    184110.000000           1          127.3659   
       378:    184140.000000           1          127.3603   
       379:    184170.000000           1          127.3614   
       380:    184200.000000           1          127.3678   
       381:    184230.000000           1          127.3776   
       382:    184260.000000           1          127.3916   
       383:    184290.000000           1          127.4037   
       384:    184320.000000           1          127.4094   
       385:    184350.000000           1          127.4120   
       386:    184380.000000           1          127.4085   
       387:    184410.000000           1          127.3975   
       388:    184440.000000           1          127.3838   
       389:    184470.000000           1          127.3706   
       390:    184500.000000           1          127.3597   
       391:    184530.000000           1          127.3517   
       392:    184560.000000           1          127.3505   
       393:    184590.000000           1          127.3470   
       394:    184620.000000           1          127.3463   
       395:    184650.000000           1          127.3538   
       396:    184680.000000           1          127.3704   
       397:    184710.000000           1          127.3885   
       398:    184740.000000           1          127.4035   
       399:    184770.000000           1          127.4202   
       400:    184800.000000           1          127.4384   
       401:    184830.000000           1          127.4502   
       402:    184860.000000           1          127.4531   
       403:    184890.000000           1          127.4501   
       404:    184920.000000           1          127.4440   
       405:    184950.000000           1          127.4311   
       406:    184980.000000           1          127.4194   
       407:    185010.000000           1          127.4054   
       408:    185040.000000           1          127.3900   
       409:    185070.000000           1          127.3794   
       410:    185100.000000           1          127.3729   
       411:    185130.000000           1          127.3649   
       412:    185160.000000           1          127.3566   
       413:    185190.000000           1          127.3521   
       414:    185220.000000           1          127.3501   
       415:    185250.000000           1          127.3484   
       416:    185280.000000           1          127.3467   
       417:    185310.000000           1          127.3492   
       418:    185340.000000           1          127.3525   
       419:    185370.000000           1          127.3512   
       420:    185400.000000           1          127.3511   
       421:    185430.000000           1          127.3483   
       422:    185460.000000           1          127.3462   
       423:    185490.000000           1          127.3411   
       424:    185520.000000           1          127.3340   
       425:    185550.000000           1          127.3288   
       426:    185580.000000           1          127.3238   
       427:    185610.000000           1          127.3177   
       428:    185640.000000           1          127.3153   
       429:    185670.000000           1          127.3122   
       430:    185700.000000           1          127.3094   
       431:    185730.000000           1          127.3073   
       432:    185760.000000           1          127.3024   
       433:    185790.000000           1          127.2946   
       434:    185820.000000           1          127.2837   
       435:    185850.000000           1          127.2706   
       436:    185880.000000           1          127.2585   
       437:    185910.000000           1          127.2486   
       438:    185940.000000           1          127.2420   
       439:    185970.000000           1          127.2325   
       440:    186000.000000           1          127.2255   
       441:    186030.000000           1          127.2172   
       442:    186060.000000           1          127.2100   
       443:    186090.000000           1          127.2027   
       444:    186120.000000           1          127.1944   
       445:    186150.000000           1          127.1852   
       446:    186180.000000           1          127.1770   
       447:    186210.000000           1          127.1692   
       448:    186240.000000           1          127.1627   
       449:    186270.000000           1          127.1523   
       450:    186300.000000           1          127.1454   
       451:    186330.000000           1          127.1422   
       452:    186360.000000           1          127.1413   
       453:    186390.000000           1          127.1407   
       454:    186420.000000           1          127.1369   
       455:    186450.000000           1          127.1330   
       456:    186480.000000           1          127.1287   
       457:    186510.000000           1          127.1241   
       458:    186540.000000           1          127.1211   
       459:    186570.000000           1          127.1175   
       460:    186600.000000           1          127.1116   
       461:    186630.000000           1          127.1065   
       462:    186660.000000           1          127.1020   
       463:    186690.000000           1          127.0979   
       464:    186720.000000           1          127.0915   
       465:    186750.000000           1          127.0861   
       466:    186780.000000           1          127.0801   
       467:    186810.000000           1          127.0741   
       468:    186840.000000           1          127.0691   
       469:    186870.000000           1          127.0650   
       470:    186900.000000           1          127.0620   
       471:    186930.000000           1          127.0568   
       472:    186960.000000           1          127.0537   
       473:    186990.000000           1          127.0513   
       474:    187020.000000           1          127.0499   
       475:    187050.000000           1          127.0508   
       476:    187080.000000           1          127.0482   
       477:    187110.000000           1          127.0434   
       478:    187140.000000           1          127.0414   
       479:    187170.000000           1          127.0385   
       480:    187200.000000           1          127.0349   
       481:    187230.000000           1          127.0305   
       482:    187260.000000           1          127.0284   
       483:    187290.000000           1          127.0290   
       484:    187320.000000           1          127.0292   
       485:    187350.000000           1          127.0313   
       486:    187380.000000           1          127.0365   
       487:    187410.000000           1          127.0426   
       488:    187440.000000           1          127.0465   
       489:    187470.000000           1          127.0488   
       490:    187500.000000           1          127.0486   
       491:    187530.000000           1          127.0466   
       492:    187560.000000           1          127.0430   
       493:    187590.000000           1          127.0401   
       494:    187620.000000           1          127.0315   
       495:    187650.000000           1          127.0268   
       496:    187680.000000           1          127.0233   
       497:    187710.000000           1          127.0191   
       498:    187740.000000           1          127.0138   
       499:    187770.000000           1          127.0094   
       500:    187800.000000           1          127.0077   
       501:    187830.000000           1          127.0015   
       502:    187860.000000           1          126.9900   
       503:    187890.000000           1          126.9805   
       504:    187920.000000           1          126.9754   
       505:    187950.000000           1          126.9702   
       506:    187980.000000           1          126.9625   
       507:    188010.000000           1          126.9538   
       508:    188040.000000           1          126.9472   
       509:    188070.000000           1          126.9383   
       510:    188100.000000           1          126.9282   
       511:    188130.000000           1          126.9235   
       512:    188160.000000           1          126.9251   
       513:    188190.000000           1          126.9258   
       514:    188220.000000           1          126.9227   
       515:    188250.000000           1          126.9184   
       516:    188280.000000           1          126.9155   
       517:    188310.000000           1          126.9086   
       518:    188340.000000           1          126.8992   
       519:    188370.000000           1          126.8874   
       520:    188400.000000           1          126.8760   
       521:    188430.000000           1          126.8664   
       522:    188460.000000           1          126.8627   
       523:    188490.000000           1          126.8588   
       524:    188520.000000           1          126.8518   
       525:    188550.000000           1          126.8469   
       526:    188580.000000           1          126.8429   
       527:    188610.000000           1          126.8376   
       528:    188640.000000           1          126.8314   
       529:    188670.000000           1          126.8220   
       530:    188700.000000           1          126.8141   
       531:    188730.000000           1          126.8046   
       532:    188760.000000           1          126.7966   
       533:    188790.000000           1          126.7930   
       534:    188820.000000           1          126.7885   
       535:    188850.000000           1          126.7774   
       536:    188880.000000           1          126.7637   
       537:    188910.000000           1          126.7525   
       538:    188940.000000           1          126.7459   
       539:    188970.000000           1          126.7419   
       540:    189000.000000           1          126.7385   
       541:    189030.000000           1          126.7372   
       542:    189060.000000           1          126.7345   
       543:    189090.000000           1          126.7321   
       544:    189120.000000           1          126.7333   
       545:    189150.000000           1          126.7309   
       546:    189180.000000           1          126.7290   
       547:    189210.000000           1          126.7289   
       548:    189240.000000           1          126.7267   
       549:    189270.000000           1          126.7241   
       550:    189300.000000           1          126.7239   
       551:    189330.000000           1          126.7221   
       552:    189360.000000           1          126.7222   
       553:    189390.000000           1          126.7250   
       554:    189420.000000           1          126.7262   
       555:    189450.000000           1          126.7270   
       556:    189480.000000           1          126.7264   
       557:    189510.000000           1          126.7255   
       558:    189540.000000           1          126.7245   
       559:    189570.000000           1          126.7235   
       560:    189600.000000           1          126.7186   
       561:    189630.000000           1          126.7148   
       562:    189660.000000           1          126.7114   
       563:    189690.000000           1          126.7076   
       564:    189720.000000           1          126.7027   
       565:    189750.000000           1          126.6969   
       566:    189780.000000           1          126.6921   
       567:    189810.000000           1          126.6903   
       568:    189840.000000           1          126.6867   
       569:    189870.000000           1          126.6824   
       570:    189900.000000           1          126.6821   
       571:    189930.000000           1          126.6836   
       572:    189960.000000           1          126.6831   
       573:    189990.000000           1          126.6787   
       574:    190020.000000           1          126.6732   
       575:    190050.000000           1          126.6679   
       576:    190080.000000           1          126.6609   
       577:    190110.000000           1          126.6577   
       578:    190140.000000           1          126.6565   
       579:    190170.000000           1          126.6552   
       580:    190200.000000           1          126.6573   
       581:    190230.000000           1          126.6562   
       582:    190260.000000           1          126.6528   
       583:    190290.000000           1          126.6499   
       584:    190320.000000           1          126.6479   
       585:    190350.000000           1          126.6478   
       586:    190380.000000           1          126.6497   
       587:    190410.000000           1          126.6524   
       588:    190440.000000           1          126.6524   
       589:    190470.000000           1          126.6534   
       590:    190500.000000           1          126.6560   
       591:    190530.000000           1          126.6587   
       592:    190560.000000           1          126.6644   
       593:    190590.000000           1          126.6719   
       594:    190620.000000           1          126.6806   
       595:    190650.000000           1          126.6913   
       596:    190680.000000           1          126.6998   
       597:    190710.000000           1          126.7031   
       598:    190740.000000           1          126.7038   
       599:    190770.000000           1          126.7025   
       600:    190800.000000           1          126.6991   
       601:    190830.000000           1          126.6927   
       602:    190860.000000           1          126.6845   
       603:    190890.000000           1          126.6762   
       604:    190920.000000           1          126.6659   
       605:    190950.000000           1          126.6557   
       606:    190980.000000           1          126.6448   
       607:    191010.000000           1          126.6376   
       608:    191040.000000           1          126.6339   
       609:    191070.000000           1          126.6329   
       610:    191100.000000           1          126.6343   
       611:    191130.000000           1          126.6365   
       612:    191160.000000           1          126.6396   
       613:    191190.000000           1          126.6425   
       614:    191220.000000           1          126.6433   
       615:    191250.000000           1          126.6435   
       616:    191280.000000           1          126.6454   
       617:    191310.000000           1          126.6459   
       618:    191340.000000           1          126.6465   
       619:    191370.000000           1          126.6503   
       620:    191400.000000           1          126.6543   
       621:    191430.000000           1          126.6576   
       622:    191460.000000           1          126.6594   
       623:    191490.000000           1          126.6582   
       624:    191520.000000           1          126.6537   
       625:    191550.000000           1          126.6488   
       626:    191580.000000           1          126.6464   
       627:    191610.000000           1          126.6435   
       628:    191640.000000           1          126.6403   
       629:    191670.000000           1          126.6389   
       630:    191700.000000           1          126.6385   
       631:    191730.000000           1          126.6384   
       632:    191760.000000           1          126.6396   
       633:    191790.000000           1          126.6423   
       634:    191820.000000           1          126.6440   
       635:    191850.000000           1          126.6420   
       636:    191880.000000           1          126.6382   
       637:    191910.000000           1          126.6333   
       638:    191940.000000           1          126.6297   
       639:    191970.000000           1          126.6285   
       640:    192000.000000           1          126.6276   
       641:    192030.000000           1          126.6263   
       642:    192060.000000           1          126.6268   
       643:    192090.000000           1          126.6274   
       644:    192120.000000           1          126.6259   
       645:    192150.000000           1          126.6224   
       646:    192180.000000           1          126.6196   
       647:    192210.000000           1          126.6168   
       648:    192240.000000           1          126.6157   
       649:    192270.000000           1          126.6159   
       650:    192300.000000           1          126.6179   
       651:    192330.000000           1          126.6235   
       652:    192360.000000           1          126.6296   
       653:    192390.000000           1          126.6344   
       654:    192420.000000           1          126.6406   
       655:    192450.000000           1          126.6480   
       656:    192480.000000           1          126.6537   
       657:    192510.000000           1          126.6554   
       658:    192540.000000           1          126.6562   
       659:    192570.000000           1          126.6564   
       660:    192600.000000           1          126.6573   
       661:    192630.000000           1          126.6563   
       662:    192660.000000           1          126.6532   
       663:    192690.000000           1          126.6483   
       664:    192720.000000           1          126.6442   
       665:    192750.000000           1          126.6413   
       666:    192780.000000           1          126.6369   
       667:    192810.000000           1          126.6350   
       668:    192840.000000           1          126.6350   
       669:    192870.000000           1          126.6358   
       670:    192900.000000           1          126.6400   
       671:    192930.000000           1          126.6475   
       672:    192960.000000           1          126.6564   
       673:    192990.000000           1          126.6636   
       674:    193020.000000           1          126.6686   
       675:    193050.000000           1          126.6722   
       676:    193080.000000           1          126.6714   
       677:    193110.000000           1          126.6690   
       678:    193140.000000           1          126.6687   
       679:    193170.000000           1          126.6686   
       680:    193200.000000           1          126.6669   
       681:    193230.000000           1          126.6651   
       682:    193260.000000           1          126.6658   
       683:    193290.000000           1          126.6656   
       684:    193320.000000           1          126.6646   
       685:    193350.000000           1          126.6635   
       686:    193380.000000           1          126.6626   
       687:    193410.000000           1          126.6659   
       688:    193440.000000           1          126.6707   
       689:    193470.000000           1          126.6717   
       690:    193500.000000           1          126.6718   
       691:    193530.000000           1          126.6716   
       692:    193560.000000           1          126.6719   
       693:    193590.000000           1          126.6717   
       694:    193620.000000           1          126.6697   
       695:    193650.000000           1          126.6651   
       696:    193680.000000           1          126.6598   
       697:    193710.000000           1          126.6549   
       698:    193740.000000           1          126.6503   
       699:    193770.000000           1          126.6479   
       700:    193800.000000           1          126.6454   
       701:    193830.000000           1          126.6424   
       702:    193860.000000           1          126.6408   
       703:    193890.000000           1          126.6377   
       704:    193920.000000           1          126.6343   
       705:    193950.000000           1          126.6316   
       706:    193980.000000           1          126.6284   
       707:    194010.000000           1          126.6267   
       708:    194040.000000           1          126.6271   
       709:    194070.000000           1          126.6269   
       710:    194100.000000           1          126.6263   
       711:    194130.000000           1          126.6242   
       712:    194160.000000           1          126.6202   
       713:    194190.000000           1          126.6185   
       714:    194220.000000           1          126.6180   
       715:    194250.000000           1          126.6156   
       716:    194280.000000           1          126.6120   
       717:    194310.000000           1          126.6087   
       718:    194340.000000           1          126.6048   
       719:    194370.000000           1          126.6022   
       720:    194400.000000           1          126.6003   
       721:    194430.000000           1          126.6000   
       722:    194460.000000           1          126.6010   
       723:    194490.000000           1          126.6035   
       724:    194520.000000           1          126.6045   
       725:    194550.000000           1          126.6036   
       726:    194580.000000           1          126.6025   
       727:    194610.000000           1          126.5999   
       728:    194640.000000           1          126.5964   
       729:    194670.000000           1          126.5942   
       730:    194700.000000           1          126.5923   
       731:    194730.000000           1          126.5908   
       732:    194760.000000           1          126.5885   
       733:    194790.000000           1          126.5849   
       734:    194820.000000           1          126.5829   
       735:    194850.000000           1          126.5850   
       736:    194880.000000           1          126.5890   
       737:    194910.000000           1          126.5922   
       738:    194940.000000           1          126.5929   
       739:    194970.000000           1          126.5927   
       740:    195000.000000           1          126.5909   
       741:    195030.000000           1          126.5869   
       742:    195060.000000           1          126.5840   
       743:    195090.000000           1          126.5812   
       744:    195120.000000           1          126.5809   
       745:    195150.000000           1          126.5807   
       746:    195180.000000           1          126.5805   
       747:    195210.000000           1          126.5823   
       748:    195240.000000           1          126.5868   
       749:    195270.000000           1          126.5879   
       750:    195300.000000           1          126.5849   
       751:    195330.000000           1          126.5807   
       752:    195360.000000           1          126.5768   
       753:    195390.000000           1          126.5726   
       754:    195420.000000           1          126.5698   
       755:    195450.000000           1          126.5656   
       756:    195480.000000           1          126.5644   
       757:    195510.000000           1          126.5654   
       758:    195540.000000           1          126.5674   
       759:    195570.000000           1          126.5692   
       760:    195600.000000           1          126.5701   
       761:    195630.000000           1          126.5708   
       762:    195660.000000           1          126.5701   
       763:    195690.000000           1          126.5681   
       764:    195720.000000           1          126.5657   
       765:    195750.000000           1          126.5628   
       766:    195780.000000           1          126.5578   
       767:    195810.000000           1          126.5526   
       768:    195840.000000           1          126.5491   
       769:    195870.000000           1          126.5483   
       770:    195900.000000           1          126.5513   
       771:    195930.000000           1          126.5551   
       772:    195960.000000           1          126.5574   
       773:    195990.000000           1          126.5603   
       774:    196020.000000           1          126.5624   
       775:    196050.000000           1          126.5640   
       776:    196080.000000           1          126.5642   
       777:    196110.000000           1          126.5640   
       778:    196140.000000           1          126.5640   
       779:    196170.000000           1          126.5645   
       780:    196200.000000           1          126.5668   
       781:    196230.000000           1          126.5675   
       782:    196260.000000           1          126.5666   
       783:    196290.000000           1          126.5648   
       784:    196320.000000           1          126.5623   
       785:    196350.000000           1          126.5611   
       786:    196380.000000           1          126.5594   
       787:    196410.000000           1          126.5562   
       788:    196440.000000           1          126.5520   
       789:    196470.000000           1          126.5486   
       790:    196500.000000           1          126.5447   
       791:    196530.000000           1          126.5437   
       792:    196560.000000           1          126.5455   
       793:    196590.000000           1          126.5485   
       794:    196620.000000           1          126.5517   
       795:    196650.000000           1          126.5555   
       796:    196680.000000           1          126.5579   
       797:    196710.000000           1          126.5588   
       798:    196740.000000           1          126.5577   
       799:    196770.000000           1          126.5558   
       800:    196800.000000           1          126.5530   
       801:    196830.000000           1          126.5514   
       802:    196860.000000           1          126.5515   
       803:    196890.000000           1          126.5540   
       804:    196920.000000           1          126.5582   
       805:    196950.000000           1          126.5599   
       806:    196980.000000           1          126.5597   
       807:    197010.000000           1          126.5592   
       808:    197040.000000           1          126.5588   
       809:    197070.000000           1          126.5597   
       810:    197100.000000           1          126.5612   
       811:    197130.000000           1          126.5636   
       812:    197160.000000           1          126.5631   
       813:    197190.000000           1          126.5654   
       814:    197220.000000           1          126.5645   
       815:    197250.000000           1          126.5580   
       816:    197280.000000           1          126.5593   
       817:    197310.000000           1          126.5647   
       818:    197340.000000           1          126.5653   
       819:    197370.000000           1          126.5589   
       820:    197400.000000           1          126.5559   
       821:    197430.000000           1          126.5598   
       822:    197460.000000           1          126.5681   
       823:    197490.000000           1          126.5792   
       824:    197520.000000           1          126.5885   
       825:    197550.000000           1          126.5922   
       826:    197580.000000           1          126.5929   
       827:    197610.000000           1          126.5937   
       828:    197640.000000           1          126.5928   
       829:    197670.000000           1          126.5928   
