         0:    172800.000000           1          -83.2360   
         1:    172830.000000           1          -59.6294   
         2:    172860.000000           1          -69.1394   
         3:    172890.000000           1          -71.3489   
         4:    172920.000000           1          -72.1812   
         5:    172950.000000           1          -71.7581   
         6:    172980.000000           1          -70.8869   
         7:    173010.000000           1          -70.4497   
         8:    173040.000000           1          -70.3340   
         9:    173070.000000           1          -70.5878   
        10:    173100.000000           1          -70.5292   
        11:    173130.000000           1          -70.1482   
        12:    173160.000000           1          -69.9437   
        13:    173190.000000           1          -70.0338   
        14:    173220.000000           1          -69.9800   
        15:    173250.000000           1          -69.9991   
        16:    173280.000000           1          -70.0961   
        17:    173310.000000           1          -70.0036   
        18:    173340.000000           1          -69.8791   
        19:    173370.000000           1          -69.7929   
        20:    173400.000000           1          -69.7026   
        21:    173430.000000           1          -69.7485   
        22:    173460.000000           1          -69.7527   
        23:    173490.000000           1          -69.8647   
        24:    173520.000000           1          -69.9393   
        25:    173550.000000           1          -69.9548   
        26:    173580.000000           1          -69.9961   
        27:    173610.000000           1          -70.0831   
        28:    173640.000000           1          -70.1408   
        29:    173670.000000           1          -70.2582   
        30:    173700.000000           1          -70.3572   
        31:    173730.000000           1          -70.3950   
        32:    173760.000000           1          -70.3885   
        33:    173790.000000           1          -70.3660   
        34:    173820.000000           1          -70.2621   
        35:    173850.000000           1          -70.2211   
        36:    173880.000000           1          -70.2452   
        37:    173910.000000           1          -70.2980   
        38:    173940.000000           1          -70.3503   
        39:    173970.000000           1          -70.4207   
        40:    174000.000000           1          -70.5104   
        41:    174030.000000           1          -70.5706   
        42:    174060.000000           1          -70.5538   
        43:    174090.000000           1          -70.5398   
        44:    174120.000000           1          -70.5492   
        45:    174150.000000           1          -70.5948   
        46:    174180.000000           1          -70.6506   
        47:    174210.000000           1          -70.6961   
        48:    174240.000000           1          -70.7323   
        49:    174270.000000           1          -70.7157   
        50:    174300.000000           1          -70.6974   
        51:    174330.000000           1          -70.6878   
        52:    174360.000000           1          -70.6735   
        53:    174390.000000           1          -70.6870   
        54:    174420.000000           1          -70.7079   
        55:    174450.000000           1          -70.7261   
        56:    174480.000000           1          -70.7762   
        57:    174510.000000           1          -70.8221   
        58:    174540.000000           1          -70.8472   
        59:    174570.000000           1          -70.8599   
        60:    174600.000000           1          -70.8702   
        61:    174630.000000           1          -70.9023   
        62:    174660.000000           1          -70.9239   
        63:    174690.000000           1          -70.9475   
        64:    174720.000000           1          -70.9749   
        65:    174750.000000           1          -71.0041   
        66:    174780.000000           1          -71.0536   
        67:    174810.000000           1          -71.0996   
        68:    174840.000000           1          -71.1511   
        69:    174870.000000           1          -71.1997   
        70:    174900.000000           1          -71.2556   
        71:    174930.000000           1          -71.3144   
        72:    174960.000000           1          -71.3613   
        73:    174990.000000           1          -71.3976   
        74:    175020.000000           1          -71.4239   
        75:    175050.000000           1          -71.4103   
        76:    175080.000000           1          -71.4007   
        77:    175110.000000           1          -71.4212   
        78:    175140.000000           1          -71.4518   
        79:    175170.000000           1          -71.4841   
        80:    175200.000000           1          -71.4996   
        81:    175230.000000           1          -71.4946   
        82:    175260.000000           1          -71.4839   
        83:    175290.000000           1          -71.4697   
        84:    175320.000000           1          -71.4565   
        85:    175350.000000           1          -71.4404   
        86:    175380.000000           1          -71.4419   
        87:    175410.000000           1          -71.4236   
        88:    175440.000000           1          -71.3956   
        89:    175470.000000           1          -71.3817   
        90:    175500.000000           1          -71.3588   
        91:    175530.000000           1          -71.3187   
        92:    175560.000000           1          -71.2787   
        93:    175590.000000           1          -71.2604   
        94:    175620.000000           1          -71.2781   
        95:    175650.000000           1          -71.3371   
        96:    175680.000000           1          -71.3872   
        97:    175710.000000           1          -71.4157   
        98:    175740.000000           1          -71.4201   
        99:    175770.000000           1          -71.4108   
       100:    175800.000000           1          -71.4022   
       101:    175830.000000           1          -71.3874   
       102:    175860.000000           1          -71.3643   
       103:    175890.000000           1          -71.3391   
       104:    175920.000000           1          -71.3294   
       105:    175950.000000           1          -71.3291   
       106:    175980.000000           1          -71.3492   
       107:    176010.000000           1          -71.3804   
       108:    176040.000000           1          -71.4108   
       109:    176070.000000           1          -71.4508   
       110:    176100.000000           1          -71.4779   
       111:    176130.000000           1          -71.4809   
       112:    176160.000000           1          -71.4767   
       113:    176190.000000           1          -71.4573   
       114:    176220.000000           1          -71.4395   
       115:    176250.000000           1          -71.4264   
       116:    176280.000000           1          -71.4300   
       117:    176310.000000           1          -71.4447   
       118:    176340.000000           1          -71.4721   
       119:    176370.000000           1          -71.5017   
       120:    176400.000000           1          -71.5319   
       121:    176430.000000           1          -71.5692   
       122:    176460.000000           1          -71.5984   
       123:    176490.000000           1          -71.6218   
       124:    176520.000000           1          -71.6473   
       125:    176550.000000           1          -71.6663   
       126:    176580.000000           1          -71.6741   
       127:    176610.000000           1          -71.6724   
       128:    176640.000000           1          -71.6791   
       129:    176670.000000           1          -71.6914   
       130:    176700.000000           1          -71.7134   
       131:    176730.000000           1          -71.7442   
       132:    176760.000000           1          -71.7738   
       133:    176790.000000           1          -71.7982   
       134:    176820.000000           1          -71.8168   
       135:    176850.000000           1          -71.8297   
       136:    176880.000000           1          -71.8495   
       137:    176910.000000           1          -71.8768   
       138:    176940.000000           1          -71.9006   
       139:    176970.000000           1          -71.9017   
       140:    177000.000000           1          -71.8897   
       141:    177030.000000           1          -71.8721   
       142:    177060.000000           1          -71.8481   
       143:    177090.000000           1          -71.8328   
       144:    177120.000000           1          -71.8194   
       145:    177150.000000           1          -71.8179   
       146:    177180.000000           1          -71.8251   
       147:    177210.000000           1          -71.8435   
       148:    177240.000000           1          -71.8689   
       149:    177270.000000           1          -71.8830   
       150:    177300.000000           1          -71.8875   
       151:    177330.000000           1          -71.8851   
       152:    177360.000000           1          -71.8775   
       153:    177390.000000           1          -71.8666   
       154:    177420.000000           1          -71.8588   
       155:    177450.000000           1          -71.8524   
       156:    177480.000000           1          -71.8675   
       157:    177510.000000           1          -71.8772   
       158:    177540.000000           1          -71.8728   
       159:    177570.000000           1          -71.8651   
       160:    177600.000000           1          -71.8507   
       161:    177630.000000           1          -71.8280   
       162:    177660.000000           1          -71.8108   
       163:    177690.000000           1          -71.8089   
       164:    177720.000000           1          -71.8119   
       165:    177750.000000           1          -71.8162   
       166:    177780.000000           1          -71.8230   
       167:    177810.000000           1          -71.8382   
       168:    177840.000000           1          -71.8517   
       169:    177870.000000           1          -71.8640   
       170:    177900.000000           1          -71.8727   
       171:    177930.000000           1          -71.8692   
       172:    177960.000000           1          -71.8705   
       173:    177990.000000           1          -71.8709   
       174:    178020.000000           1          -71.8668   
       175:    178050.000000           1          -71.8602   
       176:    178080.000000           1          -71.8576   
       177:    178110.000000           1          -71.8552   
       178:    178140.000000           1          -71.8519   
       179:    178170.000000           1          -71.8594   
       180:    178200.000000           1          -71.8677   
       181:    178230.000000           1          -71.8788   
       182:    178260.000000           1          -71.8934   
       183:    178290.000000           1          -71.8968   
       184:    178320.000000           1          -71.8916   
       185:    178350.000000           1          -71.8876   
       186:    178380.000000           1          -71.8855   
       187:    178410.000000           1          -71.8769   
       188:    178440.000000           1          -71.8683   
       189:    178470.000000           1          -71.8683   
       190:    178500.000000           1          -71.8802   
       191:    178530.000000           1          -71.8931   
       192:    178560.000000           1          -71.9064   
       193:    178590.000000           1          -71.9160   
       194:    178620.000000           1          -71.9207   
       195:    178650.000000           1          -71.9243   
       196:    178680.000000           1          -71.9231   
       197:    178710.000000           1          -71.9158   
       198:    178740.000000           1          -71.9106   
       199:    178770.000000           1          -71.9203   
       200:    178800.000000           1          -71.9323   
       201:    178830.000000           1          -71.9407   
       202:    178860.000000           1          -71.9503   
       203:    178890.000000           1          -71.9665   
       204:    178920.000000           1          -71.9820   
       205:    178950.000000           1          -72.0067   
       206:    178980.000000           1          -72.0366   
       207:    179010.000000           1          -72.0506   
       208:    179040.000000           1          -72.0559   
       209:    179070.000000           1          -72.0480   
       210:    179100.000000           1          -72.0299   
       211:    179130.000000           1          -72.0057   
       212:    179160.000000           1          -71.9736   
       213:    179190.000000           1          -71.9447   
       214:    179220.000000           1          -71.9179   
       215:    179250.000000           1          -71.8907   
       216:    179280.000000           1          -71.8616   
       217:    179310.000000           1          -71.8447   
       218:    179340.000000           1          -71.8334   
       219:    179370.000000           1          -71.8201   
       220:    179400.000000           1          -71.8041   
       221:    179430.000000           1          -71.7894   
       222:    179460.000000           1          -71.7811   
       223:    179490.000000           1          -71.7788   
       224:    179520.000000           1          -71.8000   
       225:    179550.000000           1          -71.8391   
       226:    179580.000000           1          -71.8837   
       227:    179610.000000           1          -71.9288   
       228:    179640.000000           1          -71.9688   
       229:    179670.000000           1          -71.9985   
       230:    179700.000000           1          -72.0122   
       231:    179730.000000           1          -72.0245   
       232:    179760.000000           1          -72.0389   
       233:    179790.000000           1          -72.0497   
       234:    179820.000000           1          -72.0516   
       235:    179850.000000           1          -72.0459   
       236:    179880.000000           1          -72.0369   
       237:    179910.000000           1          -72.0205   
       238:    179940.000000           1          -72.0076   
       239:    179970.000000           1          -71.9973   
       240:    180000.000000           1          -71.9892   
       241:    180030.000000           1          -71.9870   
       242:    180060.000000           1          -71.9903   
       243:    180090.000000           1          -72.0031   
       244:    180120.000000           1          -72.0134   
       245:    180150.000000           1          -72.0305   
       246:    180180.000000           1          -72.0495   
       247:    180210.000000           1          -72.0659   
       248:    180240.000000           1          -72.0873   
       249:    180270.000000           1          -72.1038   
       250:    180300.000000           1          -72.1246   
       251:    180330.000000           1          -72.1555   
       252:    180360.000000           1          -72.1979   
       253:    180390.000000           1          -72.2415   
       254:    180420.000000           1          -72.2797   
       255:    180450.000000           1          -72.3047   
       256:    180480.000000           1          -72.3197   
       257:    180510.000000           1          -72.3271   
       258:    180540.000000           1          -72.3298   
       259:    180570.000000           1          -72.3310   
       260:    180600.000000           1          -72.3396   
       261:    180630.000000           1          -72.3497   
       262:    180660.000000           1          -72.3567   
       263:    180690.000000           1          -72.3596   
       264:    180720.000000           1          -72.3580   
       265:    180750.000000           1          -72.3567   
       266:    180780.000000           1          -72.3528   
       267:    180810.000000           1          -72.3475   
       268:    180840.000000           1          -72.3482   
       269:    180870.000000           1          -72.3461   
       270:    180900.000000           1          -72.3390   
       271:    180930.000000           1          -72.3348   
       272:    180960.000000           1          -72.3316   
       273:    180990.000000           1          -72.3308   
       274:    181020.000000           1          -72.3378   
       275:    181050.000000           1          -72.3478   
       276:    181080.000000           1          -72.3568   
       277:    181110.000000           1          -72.3681   
       278:    181140.000000           1          -72.3750   
       279:    181170.000000           1          -72.3768   
       280:    181200.000000           1          -72.3805   
       281:    181230.000000           1          -72.3874   
       282:    181260.000000           1          -72.3976   
       283:    181290.000000           1          -72.4170   
       284:    181320.000000           1          -72.4417   
       285:    181350.000000           1          -72.4589   
       286:    181380.000000           1          -72.4739   
       287:    181410.000000           1          -72.4913   
       288:    181440.000000           1          -72.5113   
       289:    181470.000000           1          -72.5298   
       290:    181500.000000           1          -72.5450   
       291:    181530.000000           1          -72.5586   
       292:    181560.000000           1          -72.5744   
       293:    181590.000000           1          -72.5874   
       294:    181620.000000           1          -72.5960   
       295:    181650.000000           1          -72.5999   
       296:    181680.000000           1          -72.6026   
       297:    181710.000000           1          -72.6058   
       298:    181740.000000           1          -72.6089   
       299:    181770.000000           1          -72.6168   
       300:    181800.000000           1          -72.6256   
       301:    181830.000000           1          -72.6409   
       302:    181860.000000           1          -72.6568   
       303:    181890.000000           1          -72.6672   
       304:    181920.000000           1          -72.6717   
       305:    181950.000000           1          -72.6736   
       306:    181980.000000           1          -72.6789   
       307:    182010.000000           1          -72.6894   
       308:    182040.000000           1          -72.6971   
       309:    182070.000000           1          -72.7086   
       310:    182100.000000           1          -72.7128   
       311:    182130.000000           1          -72.7083   
       312:    182160.000000           1          -72.7053   
       313:    182190.000000           1          -72.7013   
       314:    182220.000000           1          -72.6958   
       315:    182250.000000           1          -72.6822   
       316:    182280.000000           1          -72.6729   
       317:    182310.000000           1          -72.6673   
       318:    182340.000000           1          -72.6697   
       319:    182370.000000           1          -72.6823   
       320:    182400.000000           1          -72.6977   
       321:    182430.000000           1          -72.7099   
       322:    182460.000000           1          -72.7187   
       323:    182490.000000           1          -72.7291   
       324:    182520.000000           1          -72.7336   
       325:    182550.000000           1          -72.7451   
       326:    182580.000000           1          -72.7580   
       327:    182610.000000           1          -72.7647   
       328:    182640.000000           1          -72.7735   
       329:    182670.000000           1          -72.7832   
       330:    182700.000000           1          -72.7892   
       331:    182730.000000           1          -72.7875   
       332:    182760.000000           1          -72.7873   
       333:    182790.000000           1          -72.7865   
       334:    182820.000000           1          -72.7941   
       335:    182850.000000           1          -72.8036   
       336:    182880.000000           1          -72.8172   
       337:    182910.000000           1          -72.8251   
       338:    182940.000000           1          -72.8324   
       339:    182970.000000           1          -72.8429   
       340:    183000.000000           1          -72.8506   
       341:    183030.000000           1          -72.8613   
       342:    183060.000000           1          -72.8747   
       343:    183090.000000           1          -72.8813   
       344:    183120.000000           1          -72.8866   
       345:    183150.000000           1          -72.8959   
       346:    183180.000000           1          -72.9031   
       347:    183210.000000           1          -72.9057   
       348:    183240.000000           1          -72.9046   
       349:    183270.000000           1          -72.9015   
       350:    183300.000000           1          -72.9005   
       351:    183330.000000           1          -72.9012   
       352:    183360.000000           1          -72.9032   
       353:    183390.000000           1          -72.9079   
       354:    183420.000000           1          -72.9152   
       355:    183450.000000           1          -72.9184   
       356:    183480.000000           1          -72.9280   
       357:    183510.000000           1          -72.9367   
       358:    183540.000000           1          -72.9429   
       359:    183570.000000           1          -72.9447   
       360:    183600.000000           1          -72.9469   
       361:    183630.000000           1          -72.9468   
       362:    183660.000000           1          -72.9481   
       363:    183690.000000           1          -72.9478   
       364:    183720.000000           1          -72.9502   
       365:    183750.000000           1          -72.9537   
       366:    183780.000000           1          -72.9560   
       367:    183810.000000           1          -72.9596   
       368:    183840.000000           1          -72.9676   
       369:    183870.000000           1          -72.9747   
       370:    183900.000000           1          -72.9834   
       371:    183930.000000           1          -72.9922   
       372:    183960.000000           1          -73.0040   
       373:    183990.000000           1          -73.0160   
       374:    184020.000000           1          -73.0268   
       375:    184050.000000           1          -73.0335   
       376:    184080.000000           1          -73.0348   
       377:    184110.000000           1          -73.0405   
       378:    184140.000000           1          -73.0465   
       379:    184170.000000           1          -73.0459   
       380:    184200.000000           1          -73.0407   
       381:    184230.000000           1          -73.0325   
       382:    184260.000000           1          -73.0192   
       383:    184290.000000           1          -73.0066   
       384:    184320.000000           1          -73.0002   
       385:    184350.000000           1          -72.9976   
       386:    184380.000000           1          -73.0014   
       387:    184410.000000           1          -73.0124   
       388:    184440.000000           1          -73.0271   
       389:    184470.000000           1          -73.0415   
       390:    184500.000000           1          -73.0532   
       391:    184530.000000           1          -73.0618   
       392:    184560.000000           1          -73.0636   
       393:    184590.000000           1          -73.0681   
       394:    184620.000000           1          -73.0691   
       395:    184650.000000           1          -73.0624   
       396:    184680.000000           1          -73.0462   
       397:    184710.000000           1          -73.0284   
       398:    184740.000000           1          -73.0133   
       399:    184770.000000           1          -72.9968   
       400:    184800.000000           1          -72.9777   
       401:    184830.000000           1          -72.9663   
       402:    184860.000000           1          -72.9637   
       403:    184890.000000           1          -72.9665   
       404:    184920.000000           1          -72.9736   
       405:    184950.000000           1          -72.9872   
       406:    184980.000000           1          -73.0007   
       407:    185010.000000           1          -73.0157   
       408:    185040.000000           1          -73.0321   
       409:    185070.000000           1          -73.0438   
       410:    185100.000000           1          -73.0516   
       411:    185130.000000           1          -73.0605   
       412:    185160.000000           1          -73.0696   
       413:    185190.000000           1          -73.0746   
       414:    185220.000000           1          -73.0771   
       415:    185250.000000           1          -73.0794   
       416:    185280.000000           1          -73.0818   
       417:    185310.000000           1          -73.0799   
       418:    185340.000000           1          -73.0769   
       419:    185370.000000           1          -73.0786   
       420:    185400.000000           1          -73.0797   
       421:    185430.000000           1          -73.0830   
       422:    185460.000000           1          -73.0858   
       423:    185490.000000           1          -73.0916   
       424:    185520.000000           1          -73.1000   
       425:    185550.000000           1          -73.1060   
       426:    185580.000000           1          -73.1120   
       427:    185610.000000           1          -73.1189   
       428:    185640.000000           1          -73.1224   
       429:    185670.000000           1          -73.1260   
       430:    185700.000000           1          -73.1293   
       431:    185730.000000           1          -73.1318   
       432:    185760.000000           1          -73.1373   
       433:    185790.000000           1          -73.1454   
       434:    185820.000000           1          -73.1565   
       435:    185850.000000           1          -73.1695   
       436:    185880.000000           1          -73.1815   
       437:    185910.000000           1          -73.1915   
       438:    185940.000000           1          -73.1985   
       439:    185970.000000           1          -73.2076   
       440:    186000.000000           1          -73.2150   
       441:    186030.000000           1          -73.2237   
       442:    186060.000000           1          -73.2314   
       443:    186090.000000           1          -73.2390   
       444:    186120.000000           1          -73.2479   
       445:    186150.000000           1          -73.2575   
       446:    186180.000000           1          -73.2662   
       447:    186210.000000           1          -73.2744   
       448:    186240.000000           1          -73.2813   
       449:    186270.000000           1          -73.2918   
       450:    186300.000000           1          -73.2988   
       451:    186330.000000           1          -73.3020   
       452:    186360.000000           1          -73.3027   
       453:    186390.000000           1          -73.3030   
       454:    186420.000000           1          -73.3063   
       455:    186450.000000           1          -73.3099   
       456:    186480.000000           1          -73.3141   
       457:    186510.000000           1          -73.3186   
       458:    186540.000000           1          -73.3218   
       459:    186570.000000           1          -73.3259   
       460:    186600.000000           1          -73.3322   
       461:    186630.000000           1          -73.3373   
       462:    186660.000000           1          -73.3420   
       463:    186690.000000           1          -73.3466   
       464:    186720.000000           1          -73.3528   
       465:    186750.000000           1          -73.3582   
       466:    186780.000000           1          -73.3642   
       467:    186810.000000           1          -73.3704   
       468:    186840.000000           1          -73.3755   
       469:    186870.000000           1          -73.3800   
       470:    186900.000000           1          -73.3832   
       471:    186930.000000           1          -73.3887   
       472:    186960.000000           1          -73.3923   
       473:    186990.000000           1          -73.3948   
       474:    187020.000000           1          -73.3966   
       475:    187050.000000           1          -73.3965   
       476:    187080.000000           1          -73.3994   
       477:    187110.000000           1          -73.4046   
       478:    187140.000000           1          -73.4071   
       479:    187170.000000           1          -73.4100   
       480:    187200.000000           1          -73.4139   
       481:    187230.000000           1          -73.4184   
       482:    187260.000000           1          -73.4208   
       483:    187290.000000           1          -73.4206   
       484:    187320.000000           1          -73.4206   
       485:    187350.000000           1          -73.4186   
       486:    187380.000000           1          -73.4136   
       487:    187410.000000           1          -73.4078   
       488:    187440.000000           1          -73.4039   
       489:    187470.000000           1          -73.4016   
       490:    187500.000000           1          -73.4018   
       491:    187530.000000           1          -73.4035   
       492:    187560.000000           1          -73.4071   
       493:    187590.000000           1          -73.4102   
       494:    187620.000000           1          -73.4188   
       495:    187650.000000           1          -73.4239   
       496:    187680.000000           1          -73.4274   
       497:    187710.000000           1          -73.4317   
       498:    187740.000000           1          -73.4367   
       499:    187770.000000           1          -73.4409   
       500:    187800.000000           1          -73.4423   
       501:    187830.000000           1          -73.4485   
       502:    187860.000000           1          -73.4597   
       503:    187890.000000           1          -73.4692   
       504:    187920.000000           1          -73.4744   
       505:    187950.000000           1          -73.4796   
       506:    187980.000000           1          -73.4872   
       507:    188010.000000           1          -73.4956   
       508:    188040.000000           1          -73.5017   
       509:    188070.000000           1          -73.5104   
       510:    188100.000000           1          -73.5201   
       511:    188130.000000           1          -73.5247   
       512:    188160.000000           1          -73.5230   
       513:    188190.000000           1          -73.5223   
       514:    188220.000000           1          -73.5253   
       515:    188250.000000           1          -73.5292   
       516:    188280.000000           1          -73.5319   
       517:    188310.000000           1          -73.5385   
       518:    188340.000000           1          -73.5475   
       519:    188370.000000           1          -73.5589   
       520:    188400.000000           1          -73.5700   
       521:    188430.000000           1          -73.5790   
       522:    188460.000000           1          -73.5824   
       523:    188490.000000           1          -73.5860   
       524:    188520.000000           1          -73.5925   
       525:    188550.000000           1          -73.5971   
       526:    188580.000000           1          -73.6006   
       527:    188610.000000           1          -73.6056   
       528:    188640.000000           1          -73.6114   
       529:    188670.000000           1          -73.6204   
       530:    188700.000000           1          -73.6281   
       531:    188730.000000           1          -73.6375   
       532:    188760.000000           1          -73.6454   
       533:    188790.000000           1          -73.6492   
       534:    188820.000000           1          -73.6539   
       535:    188850.000000           1          -73.6650   
       536:    188880.000000           1          -73.6785   
       537:    188910.000000           1          -73.6895   
       538:    188940.000000           1          -73.6961   
       539:    188970.000000           1          -73.7001   
       540:    189000.000000           1          -73.7035   
       541:    189030.000000           1          -73.7051   
       542:    189060.000000           1          -73.7082   
       543:    189090.000000           1          -73.7109   
       544:    189120.000000           1          -73.7100   
       545:    189150.000000           1          -73.7124   
       546:    189180.000000           1          -73.7145   
       547:    189210.000000           1          -73.7147   
       548:    189240.000000           1          -73.7172   
       549:    189270.000000           1          -73.7201   
       550:    189300.000000           1          -73.7208   
       551:    189330.000000           1          -73.7226   
       552:    189360.000000           1          -73.7229   
       553:    189390.000000           1          -73.7202   
       554:    189420.000000           1          -73.7190   
       555:    189450.000000           1          -73.7185   
       556:    189480.000000           1          -73.7192   
       557:    189510.000000           1          -73.7201   
       558:    189540.000000           1          -73.7213   
       559:    189570.000000           1          -73.7224   
       560:    189600.000000           1          -73.7274   
       561:    189630.000000           1          -73.7313   
       562:    189660.000000           1          -73.7348   
       563:    189690.000000           1          -73.7386   
       564:    189720.000000           1          -73.7435   
       565:    189750.000000           1          -73.7491   
       566:    189780.000000           1          -73.7536   
       567:    189810.000000           1          -73.7552   
       568:    189840.000000           1          -73.7586   
       569:    189870.000000           1          -73.7628   
       570:    189900.000000           1          -73.7630   
       571:    189930.000000           1          -73.7614   
       572:    189960.000000           1          -73.7620   
       573:    189990.000000           1          -73.7665   
       574:    190020.000000           1          -73.7719   
       575:    190050.000000           1          -73.7770   
       576:    190080.000000           1          -73.7839   
       577:    190110.000000           1          -73.7867   
       578:    190140.000000           1          -73.7876   
       579:    190170.000000           1          -73.7889   
       580:    190200.000000           1          -73.7866   
       581:    190230.000000           1          -73.7877   
       582:    190260.000000           1          -73.7912   
       583:    190290.000000           1          -73.7941   
       584:    190320.000000           1          -73.7961   
       585:    190350.000000           1          -73.7962   
       586:    190380.000000           1          -73.7941   
       587:    190410.000000           1          -73.7911   
       588:    190440.000000           1          -73.7910   
       589:    190470.000000           1          -73.7901   
       590:    190500.000000           1          -73.7877   
       591:    190530.000000           1          -73.7851   
       592:    190560.000000           1          -73.7794   
       593:    190590.000000           1          -73.7717   
       594:    190620.000000           1          -73.7629   
       595:    190650.000000           1          -73.7519   
       596:    190680.000000           1          -73.7431   
       597:    190710.000000           1          -73.7398   
       598:    190740.000000           1          -73.7389   
       599:    190770.000000           1          -73.7402   
       600:    190800.000000           1          -73.7433   
       601:    190830.000000           1          -73.7496   
       602:    190860.000000           1          -73.7578   
       603:    190890.000000           1          -73.7661   
       604:    190920.000000           1          -73.7768   
       605:    190950.000000           1          -73.7871   
       606:    190980.000000           1          -73.7983   
       607:    191010.000000           1          -73.8058   
       608:    191040.000000           1          -73.8100   
       609:    191070.000000           1          -73.8111   
       610:    191100.000000           1          -73.8098   
       611:    191130.000000           1          -73.8075   
       612:    191160.000000           1          -73.8042   
       613:    191190.000000           1          -73.8012   
       614:    191220.000000           1          -73.8004   
       615:    191250.000000           1          -73.8002   
       616:    191280.000000           1          -73.7984   
       617:    191310.000000           1          -73.7977   
       618:    191340.000000           1          -73.7971   
       619:    191370.000000           1          -73.7933   
       620:    191400.000000           1          -73.7891   
       621:    191430.000000           1          -73.7857   
       622:    191460.000000           1          -73.7835   
       623:    191490.000000           1          -73.7844   
       624:    191520.000000           1          -73.7889   
       625:    191550.000000           1          -73.7940   
       626:    191580.000000           1          -73.7963   
       627:    191610.000000           1          -73.7992   
       628:    191640.000000           1          -73.8026   
       629:    191670.000000           1          -73.8040   
       630:    191700.000000           1          -73.8042   
       631:    191730.000000           1          -73.8042   
       632:    191760.000000           1          -73.8029   
       633:    191790.000000           1          -73.8003   
       634:    191820.000000           1          -73.7986   
       635:    191850.000000           1          -73.8004   
       636:    191880.000000           1          -73.8039   
       637:    191910.000000           1          -73.8088   
       638:    191940.000000           1          -73.8124   
       639:    191970.000000           1          -73.8135   
       640:    192000.000000           1          -73.8145   
       641:    192030.000000           1          -73.8161   
       642:    192060.000000           1          -73.8154   
       643:    192090.000000           1          -73.8148   
       644:    192120.000000           1          -73.8161   
       645:    192150.000000           1          -73.8198   
       646:    192180.000000           1          -73.8230   
       647:    192210.000000           1          -73.8264   
       648:    192240.000000           1          -73.8282   
       649:    192270.000000           1          -73.8290   
       650:    192300.000000           1          -73.8279   
       651:    192330.000000           1          -73.8228   
       652:    192360.000000           1          -73.8172   
       653:    192390.000000           1          -73.8126   
       654:    192420.000000           1          -73.8068   
       655:    192450.000000           1          -73.7999   
       656:    192480.000000           1          -73.7944   
       657:    192510.000000           1          -73.7930   
       658:    192540.000000           1          -73.7926   
       659:    192570.000000           1          -73.7926   
       660:    192600.000000           1          -73.7920   
       661:    192630.000000           1          -73.7932   
       662:    192660.000000           1          -73.7968   
       663:    192690.000000           1          -73.8024   
       664:    192720.000000           1          -73.8068   
       665:    192750.000000           1          -73.8104   
       666:    192780.000000           1          -73.8155   
       667:    192810.000000           1          -73.8182   
       668:    192840.000000           1          -73.8187   
       669:    192870.000000           1          -73.8187   
       670:    192900.000000           1          -73.8151   
       671:    192930.000000           1          -73.8082   
       672:    192960.000000           1          -73.7999   
       673:    192990.000000           1          -73.7932   
       674:    193020.000000           1          -73.7887   
       675:    193050.000000           1          -73.7854   
       676:    193080.000000           1          -73.7868   
       677:    193110.000000           1          -73.7892   
       678:    193140.000000           1          -73.7898   
       679:    193170.000000           1          -73.7906   
       680:    193200.000000           1          -73.7925   
       681:    193230.000000           1          -73.7943   
       682:    193260.000000           1          -73.7936   
       683:    193290.000000           1          -73.7935   
       684:    193320.000000           1          -73.7947   
       685:    193350.000000           1          -73.7961   
       686:    193380.000000           1          -73.7972   
      2715:    254250.000000           1           76.6142   
      2716:    254280.000000           1           76.6734   
      2717:    254310.000000           1           76.7093   
      2718:    254340.000000           1           76.7198   
      2719:    254370.000000           1           76.7311   
      2720:    254400.000000           1           76.7216   
      2721:    254430.000000           1           76.7236   
      2722:    254460.000000           1           76.7339   
      2723:    254490.000000           1           76.7300   
      2724:    254520.000000           1           76.7317   
      2725:    254550.000000           1           76.7342   
      2726:    254580.000000           1           76.7190   
      2727:    254610.000000           1           76.7086   
      2728:    254640.000000           1           76.6915   
      2729:    254670.000000           1           76.6894   
      2730:    254700.000000           1           76.6911   
      2731:    254730.000000           1           76.6930   
      2732:    254760.000000           1           76.6883   
      2733:    254790.000000           1           76.6843   
      2734:    254820.000000           1           76.6757   
      2735:    254850.000000           1           76.6646   
      2736:    254880.000000           1           76.6483   
      2737:    254910.000000           1           76.6312   
      2738:    254940.000000           1           76.6189   
      2739:    254970.000000           1           76.6183   
      2740:    255000.000000           1           76.6138   
      2741:    255030.000000           1           76.6204   
      2742:    255060.000000           1           76.6293   
      2743:    255090.000000           1           76.6247   
      2744:    255120.000000           1           76.6268   
      2745:    255150.000000           1           76.6295   
      2746:    255180.000000           1           76.6291   
      2747:    255210.000000           1           76.6295   
      2748:    255240.000000           1           76.6301   
      2749:    255270.000000           1           76.6285   
      2750:    255300.000000           1           76.6300   
      2751:    255330.000000           1           76.6307   
      2752:    255360.000000           1           76.6307   
      2753:    255390.000000           1           76.6313   
      2754:    255420.000000           1           76.6348   
      2755:    255450.000000           1           76.6292   
      2756:    255480.000000           1           76.6310   
      2757:    255510.000000           1           76.6332   
      2758:    255540.000000           1           76.6392   
      2759:    255570.000000           1           76.6455   
      2760:    255600.000000           1           76.6464   
      2761:    255630.000000           1           76.6515   
      2762:    255660.000000           1           76.6476   
      2763:    255690.000000           1           76.6461   
      2764:    255720.000000           1           76.6433   
      2765:    255750.000000           1           76.6460   
      2766:    255780.000000           1           76.6510   
      2767:    255810.000000           1           76.6536   
      2768:    255840.000000           1           76.6580   
      2769:    255870.000000           1           76.6642   
      2770:    255900.000000           1           76.6705   
      2771:    255930.000000           1           76.6767   
      2772:    255960.000000           1           76.6800   
      2773:    255990.000000           1           76.6858   
      2774:    256020.000000           1           76.6855   
      2775:    256050.000000           1           76.6948   
      2776:    256080.000000           1           76.7010   
      2777:    256110.000000           1           76.7078   
      2778:    256140.000000           1           76.7137   
      2779:    256170.000000           1           76.7145   
      2780:    256200.000000           1           76.7167   
      2781:    256230.000000           1           76.7193   
      2782:    256260.000000           1           76.7223   
      2783:    256290.000000           1           76.7305   
      2784:    256320.000000           1           76.7362   
      2785:    256350.000000           1           76.7376   
      2786:    256380.000000           1           76.7415   
      2787:    256410.000000           1           76.7419   
      2788:    256440.000000           1           76.7473   
      2789:    256470.000000           1           76.7483   
      2790:    256500.000000           1           76.7484   
      2791:    256530.000000           1           76.7601   
      2792:    256560.000000           1           76.7789   
      2793:    256590.000000           1           76.7997   
      2794:    256620.000000           1           76.8220   
      2795:    256650.000000           1           76.8498   
      2796:    256680.000000           1           76.8680   
      2797:    256710.000000           1           76.8887   
      2798:    256740.000000           1           76.9051   
      2799:    256770.000000           1           76.9243   
      2800:    256800.000000           1           76.9520   
