        12:    173160.000000           1           72.7865   
        13:    173190.000000           1           72.4372   
        14:    173220.000000           1           71.8927   
        15:    173250.000000           1           71.2376   
        16:    173280.000000           1           71.0819   
        17:    173310.000000           1           71.8001   
        18:    173340.000000           1           72.1000   
        19:    173370.000000           1           72.6529   
        20:    173400.000000           1           72.6307   
        21:    173430.000000           1           72.3314   
        22:    173460.000000           1           72.1180   
        23:    173490.000000           1           71.7844   
        24:    173520.000000           1           71.7013   
        25:    173550.000000           1           71.6912   
        26:    173580.000000           1           71.6512   
        27:    173610.000000           1           71.6754   
        28:    173640.000000           1           71.5857   
        29:    173670.000000           1           71.4696   
        30:    173700.000000           1           71.2702   
        31:    173730.000000           1           71.2188   
        32:    173760.000000           1           71.2593   
        33:    173790.000000           1           71.4243   
        34:    173820.000000           1           71.5939   
        35:    173850.000000           1           71.6532   
        36:    173880.000000           1           71.6165   
        37:    173910.000000           1           71.4894   
        38:    173940.000000           1           71.4524   
        39:    173970.000000           1           71.4587   
        40:    174000.000000           1           71.4231   
        41:    174030.000000           1           71.3502   
        42:    174060.000000           1           71.3137   
        43:    174090.000000           1           71.2350   
        44:    174120.000000           1           71.2022   
        45:    174150.000000           1           71.1694   
        46:    174180.000000           1           71.1431   
        47:    174210.000000           1           71.1576   
        48:    174240.000000           1           71.1134   
        49:    174270.000000           1           71.0798   
        50:    174300.000000           1           71.0754   
        51:    174330.000000           1           71.0723   
        52:    174360.000000           1           71.0620   
        53:    174390.000000           1           71.0391   
        54:    174420.000000           1           71.0063   
        55:    174450.000000           1           70.9771   
        56:    174480.000000           1           70.9543   
        57:    174510.000000           1           70.9336   
        58:    174540.000000           1           70.9049   
        59:    174570.000000           1           70.8872   
        60:    174600.000000           1           70.8586   
        61:    174630.000000           1           70.7939   
        62:    174660.000000           1           70.7593   
        63:    174690.000000           1           70.7326   
        64:    174720.000000           1           70.7316   
        65:    174750.000000           1           70.7118   
        66:    174780.000000           1           70.6714   
        67:    174810.000000           1           70.6199   
        68:    174840.000000           1           70.5726   
        69:    174870.000000           1           70.5294   
        70:    174900.000000           1           70.4464   
        71:    174930.000000           1           70.3721   
        72:    174960.000000           1           70.3205   
        73:    174990.000000           1           70.2689   
        74:    175020.000000           1           70.2337   
        75:    175050.000000           1           70.2489   
        76:    175080.000000           1           70.2741   
        77:    175110.000000           1           70.2690   
        78:    175140.000000           1           70.2424   
        79:    175170.000000           1           70.2217   
        80:    175200.000000           1           70.2106   
        81:    175230.000000           1           70.2156   
        82:    175260.000000           1           70.2328   
        83:    175290.000000           1           70.2462   
        84:    175320.000000           1           70.2581   
        85:    175350.000000           1           70.2657   
        86:    175380.000000           1           70.2557   
        87:    175410.000000           1           70.2662   
        88:    175440.000000           1           70.2831   
        89:    175470.000000           1           70.2794   
        90:    175500.000000           1           70.2902   
        91:    175530.000000           1           70.3254   
        92:    175560.000000           1           70.3464   
        93:    175590.000000           1           70.3660   
        94:    175620.000000           1           70.3453   
        95:    175650.000000           1           70.2900   
        96:    175680.000000           1           70.2498   
        97:    175710.000000           1           70.2216   
        98:    175740.000000           1           70.2226   
        99:    175770.000000           1           70.2292   
       100:    175800.000000           1           70.2309   
       101:    175830.000000           1           70.2320   
       102:    175860.000000           1           70.2391   
       103:    175890.000000           1           70.2585   
       104:    175920.000000           1           70.2592   
       105:    175950.000000           1           70.2484   
       106:    175980.000000           1           70.2272   
       107:    176010.000000           1           70.2012   
       108:    176040.000000           1           70.1837   
       109:    176070.000000           1           70.1590   
       110:    176100.000000           1           70.1377   
       111:    176130.000000           1           70.1407   
       112:    176160.000000           1           70.1415   
       113:    176190.000000           1           70.1577   
       114:    176220.000000           1           70.1769   
       115:    176250.000000           1           70.1871   
       116:    176280.000000           1           70.1845   
       117:    176310.000000           1           70.1679   
       118:    176340.000000           1           70.1339   
       119:    176370.000000           1           70.0974   
       120:    176400.000000           1           70.0615   
       121:    176430.000000           1           70.0290   
       122:    176460.000000           1           70.0108   
       123:    176490.000000           1           69.9941   
       124:    176520.000000           1           69.9728   
       125:    176550.000000           1           69.9515   
       126:    176580.000000           1           69.9428   
       127:    176610.000000           1           69.9404   
       128:    176640.000000           1           69.9324   
       129:    176670.000000           1           69.9131   
       130:    176700.000000           1           69.8841   
       131:    176730.000000           1           69.8535   
       132:    176760.000000           1           69.8264   
       133:    176790.000000           1           69.8006   
       134:    176820.000000           1           69.7791   
       135:    176850.000000           1           69.7646   
       136:    176880.000000           1           69.7473   
       137:    176910.000000           1           69.7165   
       138:    176940.000000           1           69.6906   
       139:    176970.000000           1           69.6873   
       140:    177000.000000           1           69.6993   
       141:    177030.000000           1           69.7163   
       142:    177060.000000           1           69.7307   
       143:    177090.000000           1           69.7371   
       144:    177120.000000           1           69.7406   
       145:    177150.000000           1           69.7353   
       146:    177180.000000           1           69.7215   
       147:    177210.000000           1           69.6993   
       148:    177240.000000           1           69.6715   
       149:    177270.000000           1           69.6530   
       150:    177300.000000           1           69.6470   
       151:    177330.000000           1           69.6415   
       152:    177360.000000           1           69.6409   
       153:    177390.000000           1           69.6432   
       154:    177420.000000           1           69.6480   
       155:    177450.000000           1           69.6550   
       156:    177480.000000           1           69.6494   
       157:    177510.000000           1           69.6451   
       158:    177540.000000           1           69.6497   
       159:    177570.000000           1           69.6555   
       160:    177600.000000           1           69.6618   
       161:    177630.000000           1           69.6748   
       162:    177660.000000           1           69.6832   
       163:    177690.000000           1           69.6817   
       164:    177720.000000           1           69.6752   
       165:    177750.000000           1           69.6735   
       166:    177780.000000           1           69.6635   
       167:    177810.000000           1           69.6503   
       168:    177840.000000           1           69.6351   
       169:    177870.000000           1           69.6217   
       170:    177900.000000           1           69.6139   
       171:    177930.000000           1           69.6185   
       172:    177960.000000           1           69.6197   
       173:    177990.000000           1           69.6207   
       174:    178020.000000           1           69.6268   
       175:    178050.000000           1           69.6382   
       176:    178080.000000           1           69.6409   
       177:    178110.000000           1           69.6435   
       178:    178140.000000           1           69.6455   
       179:    178170.000000           1           69.6380   
       180:    178200.000000           1           69.6314   
       181:    178230.000000           1           69.6212   
       182:    178260.000000           1           69.6079   
       183:    178290.000000           1           69.6061   
       184:    178320.000000           1           69.6124   
       185:    178350.000000           1           69.6147   
       186:    178380.000000           1           69.6177   
       187:    178410.000000           1           69.6237   
       188:    178440.000000           1           69.6300   
       189:    178470.000000           1           69.6317   
       190:    178500.000000           1           69.6224   
       191:    178530.000000           1           69.6099   
       192:    178560.000000           1           69.5978   
       193:    178590.000000           1           69.5876   
       194:    178620.000000           1           69.5838   
       195:    178650.000000           1           69.5832   
       196:    178680.000000           1           69.5853   
       197:    178710.000000           1           69.5918   
       198:    178740.000000           1           69.5950   
       199:    178770.000000           1           69.5853   
       200:    178800.000000           1           69.5714   
       201:    178830.000000           1           69.5615   
       202:    178860.000000           1           69.5529   
       203:    178890.000000           1           69.5344   
       204:    178920.000000           1           69.5171   
       205:    178950.000000           1           69.4914   
       206:    178980.000000           1           69.4625   
       207:    179010.000000           1           69.4501   
       208:    179040.000000           1           69.4488   
       209:    179070.000000           1           69.4574   
       210:    179100.000000           1           69.4769   
       211:    179130.000000           1           69.5006   
       212:    179160.000000           1           69.5305   
       213:    179190.000000           1           69.5594   
       214:    179220.000000           1           69.5862   
       215:    179250.000000           1           69.6132   
       216:    179280.000000           1           69.6425   
       217:    179310.000000           1           69.6606   
       218:    179340.000000           1           69.6735   
       219:    179370.000000           1           69.6899   
       220:    179400.000000           1           69.7064   
       221:    179430.000000           1           69.7202   
       222:    179460.000000           1           69.7275   
       223:    179490.000000           1           69.7255   
       224:    179520.000000           1           69.7031   
       225:    179550.000000           1           69.6650   
       226:    179580.000000           1           69.6196   
       227:    179610.000000           1           69.5766   
       228:    179640.000000           1           69.5400   
       229:    179670.000000           1           69.5136   
       230:    179700.000000           1           69.5005   
       231:    179730.000000           1           69.4880   
       232:    179760.000000           1           69.4754   
       233:    179790.000000           1           69.4659   
       234:    179820.000000           1           69.4649   
       235:    179850.000000           1           69.4725   
       236:    179880.000000           1           69.4846   
       237:    179910.000000           1           69.5018   
       238:    179940.000000           1           69.5156   
       239:    179970.000000           1           69.5270   
       240:    180000.000000           1           69.5357   
       241:    180030.000000           1           69.5394   
       242:    180060.000000           1           69.5361   
       243:    180090.000000           1           69.5251   
       244:    180120.000000           1           69.5146   
       245:    180150.000000           1           69.4971   
       246:    180180.000000           1           69.4776   
       247:    180210.000000           1           69.4597   
       248:    180240.000000           1           69.4360   
       249:    180270.000000           1           69.4178   
       250:    180300.000000           1           69.3953   
       251:    180330.000000           1           69.3644   
       252:    180360.000000           1           69.3218   
       253:    180390.000000           1           69.2785   
       254:    180420.000000           1           69.2429   
       255:    180450.000000           1           69.2189   
       256:    180480.000000           1           69.2052   
       257:    180510.000000           1           69.1970   
       258:    180540.000000           1           69.1939   
       259:    180570.000000           1           69.1912   
       260:    180600.000000           1           69.1837   
       261:    180630.000000           1           69.1735   
       262:    180660.000000           1           69.1686   
       263:    180690.000000           1           69.1656   
       264:    180720.000000           1           69.1676   
       265:    180750.000000           1           69.1687   
       266:    180780.000000           1           69.1727   
       267:    180810.000000           1           69.1784   
       268:    180840.000000           1           69.1787   
       269:    180870.000000           1           69.1816   
       270:    180900.000000           1           69.1877   
       271:    180930.000000           1           69.1914   
       272:    180960.000000           1           69.1954   
       273:    180990.000000           1           69.1954   
       274:    181020.000000           1           69.1890   
       275:    181050.000000           1           69.1796   
       276:    181080.000000           1           69.1713   
       277:    181110.000000           1           69.1592   
       278:    181140.000000           1           69.1519   
       279:    181170.000000           1           69.1498   
       280:    181200.000000           1           69.1461   
       281:    181230.000000           1           69.1383   
       282:    181260.000000           1           69.1273   
       283:    181290.000000           1           69.1074   
       284:    181320.000000           1           69.0853   
       285:    181350.000000           1           69.0694   
       286:    181380.000000           1           69.0544   
       287:    181410.000000           1           69.0386   
       288:    181440.000000           1           69.0181   
       289:    181470.000000           1           69.0006   
       290:    181500.000000           1           68.9864   
       291:    181530.000000           1           68.9723   
       292:    181560.000000           1           68.9572   
       293:    181590.000000           1           68.9446   
       294:    181620.000000           1           68.9372   
       295:    181650.000000           1           68.9339   
       296:    181680.000000           1           68.9313   
       297:    181710.000000           1           68.9286   
       298:    181740.000000           1           68.9252   
       299:    181770.000000           1           68.9175   
       300:    181800.000000           1           68.9086   
       301:    181830.000000           1           68.8926   
       302:    181860.000000           1           68.8767   
       303:    181890.000000           1           68.8658   
       304:    181920.000000           1           68.8601   
       305:    181950.000000           1           68.8580   
       306:    181980.000000           1           68.8513   
       307:    182010.000000           1           68.8405   
       308:    182040.000000           1           68.8334   
       309:    182070.000000           1           68.8235   
       310:    182100.000000           1           68.8203   
       311:    182130.000000           1           68.8252   
       312:    182160.000000           1           68.8279   
       313:    182190.000000           1           68.8317   
       314:    182220.000000           1           68.8375   
       315:    182250.000000           1           68.8507   
       316:    182280.000000           1           68.8600   
       317:    182310.000000           1           68.8641   
       318:    182340.000000           1           68.8602   
       319:    182370.000000           1           68.8469   
       320:    182400.000000           1           68.8320   
       321:    182430.000000           1           68.8208   
       322:    182460.000000           1           68.8107   
       323:    182490.000000           1           68.7993   
       324:    182520.000000           1           68.7942   
       325:    182550.000000           1           68.7829   
       326:    182580.000000           1           68.7703   
       327:    182610.000000           1           68.7611   
       328:    182640.000000           1           68.7505   
       329:    182670.000000           1           68.7399   
       330:    182700.000000           1           68.7338   
       331:    182730.000000           1           68.7357   
       332:    182760.000000           1           68.7349   
       333:    182790.000000           1           68.7360   
       334:    182820.000000           1           68.7291   
       335:    182850.000000           1           68.7206   
       336:    182880.000000           1           68.7086   
       337:    182910.000000           1           68.7015   
       338:    182940.000000           1           68.6945   
       339:    182970.000000           1           68.6851   
       340:    183000.000000           1           68.6771   
       341:    183030.000000           1           68.6666   
       342:    183060.000000           1           68.6539   
       343:    183090.000000           1           68.6481   
       344:    183120.000000           1           68.6427   
       345:    183150.000000           1           68.6340   
       346:    183180.000000           1           68.6275   
       347:    183210.000000           1           68.6260   
       348:    183240.000000           1           68.6275   
       349:    183270.000000           1           68.6305   
       350:    183300.000000           1           68.6312   
       351:    183330.000000           1           68.6307   
       352:    183360.000000           1           68.6288   
       353:    183390.000000           1           68.6242   
       354:    183420.000000           1           68.6175   
       355:    183450.000000           1           68.6147   
       356:    183480.000000           1           68.6050   
       357:    183510.000000           1           68.5957   
       358:    183540.000000           1           68.5896   
       359:    183570.000000           1           68.5875   
       360:    183600.000000           1           68.5845   
       361:    183630.000000           1           68.5839   
       362:    183660.000000           1           68.5824   
       363:    183690.000000           1           68.5828   
       364:    183720.000000           1           68.5802   
       365:    183750.000000           1           68.5757   
       366:    183780.000000           1           68.5725   
       367:    183810.000000           1           68.5689   
       368:    183840.000000           1           68.5609   
       369:    183870.000000           1           68.5541   
       370:    183900.000000           1           68.5446   
       371:    183930.000000           1           68.5349   
       372:    183960.000000           1           68.5232   
       373:    183990.000000           1           68.5109   
       374:    184020.000000           1           68.5003   
       375:    184050.000000           1           68.4940   
       376:    184080.000000           1           68.4927   
       377:    184110.000000           1           68.4872   
       378:    184140.000000           1           68.4813   
       379:    184170.000000           1           68.4820   
       380:    184200.000000           1           68.4878   
       381:    184230.000000           1           68.4970   
       382:    184260.000000           1           68.5104   
       383:    184290.000000           1           68.5222   
       384:    184320.000000           1           68.5277   
       385:    184350.000000           1           68.5303   
       386:    184380.000000           1           68.5266   
       387:    184410.000000           1           68.5152   
       388:    184440.000000           1           68.5009   
       389:    184470.000000           1           68.4871   
       390:    184500.000000           1           68.4761   
       391:    184530.000000           1           68.4682   
       392:    184560.000000           1           68.4671   
       393:    184590.000000           1           68.4634   
       394:    184620.000000           1           68.4630   
       395:    184650.000000           1           68.4702   
       396:    184680.000000           1           68.4865   
       397:    184710.000000           1           68.5042   
       398:    184740.000000           1           68.5190   
       399:    184770.000000           1           68.5354   
       400:    184800.000000           1           68.5536   
       401:    184830.000000           1           68.5646   
       402:    184860.000000           1           68.5670   
       403:    184890.000000           1           68.5636   
       404:    184920.000000           1           68.5568   
       405:    184950.000000           1           68.5435   
       406:    184980.000000           1           68.5306   
       407:    185010.000000           1           68.5159   
       408:    185040.000000           1           68.5000   
       409:    185070.000000           1           68.4887   
       410:    185100.000000           1           68.4817   
       411:    185130.000000           1           68.4735   
       412:    185160.000000           1           68.4654   
       413:    185190.000000           1           68.4609   
       414:    185220.000000           1           68.4591   
       415:    185250.000000           1           68.4576   
       416:    185280.000000           1           68.4559   
       417:    185310.000000           1           68.4583   
       418:    185340.000000           1           68.4617   
       419:    185370.000000           1           68.4601   
       420:    185400.000000           1           68.4594   
       421:    185430.000000           1           68.4564   
       422:    185460.000000           1           68.4539   
       423:    185490.000000           1           68.4485   
       424:    185520.000000           1           68.4408   
       425:    185550.000000           1           68.4353   
       426:    185580.000000           1           68.4300   
       427:    185610.000000           1           68.4236   
       428:    185640.000000           1           68.4207   
       429:    185670.000000           1           68.4172   
       430:    185700.000000           1           68.4142   
       431:    185730.000000           1           68.4121   
       432:    185760.000000           1           68.4070   
       433:    185790.000000           1           68.3994   
       434:    185820.000000           1           68.3886   
       435:    185850.000000           1           68.3755   
       436:    185880.000000           1           68.3637   
       437:    185910.000000           1           68.3538   
       438:    185940.000000           1           68.3469   
       439:    185970.000000           1           68.3377   
       440:    186000.000000           1           68.3305   
       441:    186030.000000           1           68.3220   
       442:    186060.000000           1           68.3145   
       443:    186090.000000           1           68.3069   
       444:    186120.000000           1           68.2983   
       445:    186150.000000           1           68.2890   
       446:    186180.000000           1           68.2804   
       447:    186210.000000           1           68.2723   
       448:    186240.000000           1           68.2657   
       449:    186270.000000           1           68.2552   
       450:    186300.000000           1           68.2483   
       451:    186330.000000           1           68.2452   
       452:    186360.000000           1           68.2444   
       453:    186390.000000           1           68.2440   
       454:    186420.000000           1           68.2406   
       455:    186450.000000           1           68.2370   
       456:    186480.000000           1           68.2330   
       457:    186510.000000           1           68.2287   
       458:    186540.000000           1           68.2257   
       459:    186570.000000           1           68.2220   
       460:    186600.000000           1           68.2160   
       461:    186630.000000           1           68.2109   
       462:    186660.000000           1           68.2063   
       463:    186690.000000           1           68.2019   
       464:    186720.000000           1           68.1957   
       465:    186750.000000           1           68.1901   
       466:    186780.000000           1           68.1840   
       467:    186810.000000           1           68.1780   
       468:    186840.000000           1           68.1731   
       469:    186870.000000           1           68.1690   
       470:    186900.000000           1           68.1659   
       471:    186930.000000           1           68.1606   
       472:    186960.000000           1           68.1570   
       473:    186990.000000           1           68.1542   
       474:    187020.000000           1           68.1523   
       475:    187050.000000           1           68.1525   
       476:    187080.000000           1           68.1497   
       477:    187110.000000           1           68.1446   
       478:    187140.000000           1           68.1422   
       479:    187170.000000           1           68.1391   
       480:    187200.000000           1           68.1351   
       481:    187230.000000           1           68.1302   
       482:    187260.000000           1           68.1279   
       483:    187290.000000           1           68.1285   
       484:    187320.000000           1           68.1286   
       485:    187350.000000           1           68.1306   
       486:    187380.000000           1           68.1354   
       487:    187410.000000           1           68.1413   
       488:    187440.000000           1           68.1453   
       489:    187470.000000           1           68.1474   
       490:    187500.000000           1           68.1472   
       491:    187530.000000           1           68.1454   
       492:    187560.000000           1           68.1417   
       493:    187590.000000           1           68.1387   
       494:    187620.000000           1           68.1299   
       495:    187650.000000           1           68.1251   
       496:    187680.000000           1           68.1218   
       497:    187710.000000           1           68.1176   
       498:    187740.000000           1           68.1126   
       499:    187770.000000           1           68.1082   
       500:    187800.000000           1           68.1063   
       501:    187830.000000           1           68.1000   
       502:    187860.000000           1           68.0885   
       503:    187890.000000           1           68.0792   
       504:    187920.000000           1           68.0743   
       505:    187950.000000           1           68.0693   
       506:    187980.000000           1           68.0617   
       507:    188010.000000           1           68.0532   
       508:    188040.000000           1           68.0466   
       509:    188070.000000           1           68.0377   
       510:    188100.000000           1           68.0278   
       511:    188130.000000           1           68.0231   
       512:    188160.000000           1           68.0247   
       513:    188190.000000           1           68.0256   
       514:    188220.000000           1           68.0226   
       515:    188250.000000           1           68.0185   
       516:    188280.000000           1           68.0154   
       517:    188310.000000           1           68.0083   
       518:    188340.000000           1           67.9990   
       519:    188370.000000           1           67.9873   
       520:    188400.000000           1           67.9758   
       521:    188430.000000           1           67.9663   
       522:    188460.000000           1           67.9626   
       523:    188490.000000           1           67.9586   
       524:    188520.000000           1           67.9517   
       525:    188550.000000           1           67.9468   
       526:    188580.000000           1           67.9429   
       785:    196350.000000           1          -39.8164   
       786:    196380.000000           1          -39.8917   
       787:    196410.000000           1          -39.8823   
       788:    196440.000000           1          -39.8409   
       789:    196470.000000           1          -39.7819   
       790:    196500.000000           1          -39.7702   
       791:    196530.000000           1          -39.7490   
       792:    196560.000000           1          -39.7440   
       793:    196590.000000           1          -39.7319   
       794:    196620.000000           1          -39.7465   
       795:    196650.000000           1          -39.7595   
       796:    196680.000000           1          -39.7838   
       797:    196710.000000           1          -39.7925   
       798:    196740.000000           1          -39.7834   
       799:    196770.000000           1          -39.7480   
       800:    196800.000000           1          -39.7414   
       801:    196830.000000           1          -39.7435   
       802:    196860.000000           1          -39.7349   
       803:    196890.000000           1          -39.7231   
       804:    196920.000000           1          -39.7248   
       805:    196950.000000           1          -39.7376   
       806:    196980.000000           1          -39.7536   
       807:    197010.000000           1          -39.7746   
       808:    197040.000000           1          -39.7878   
       809:    197070.000000           1          -39.8089   
       810:    197100.000000           1          -39.8156   
       811:    197130.000000           1          -39.8252   
       812:    197160.000000           1          -39.8368   
       813:    197190.000000           1          -39.8466   
       814:    197220.000000           1          -39.8502   
       815:    197250.000000           1          -39.8566   
       816:    197280.000000           1          -39.8505   
       817:    197310.000000           1          -39.8466   
       818:    197340.000000           1          -39.8377   
       819:    197370.000000           1          -39.8417   
       820:    197400.000000           1          -39.8404   
       821:    197430.000000           1          -39.8399   
       822:    197460.000000           1          -39.8324   
       823:    197490.000000           1          -39.8182   
       824:    197520.000000           1          -39.8085   
       825:    197550.000000           1          -39.7966   
       826:    197580.000000           1          -39.7903   
       827:    197610.000000           1          -39.7889   
       828:    197640.000000           1          -39.7844   
       829:    197670.000000           1          -39.7830   
       830:    197700.000000           1          -39.7791   
       831:    197730.000000           1          -39.7786   
       832:    197760.000000           1          -39.7765   
       833:    197790.000000           1          -39.7723   
       834:    197820.000000           1          -39.7690   
       835:    197850.000000           1          -39.7598   
       836:    197880.000000           1          -39.7509   
       837:    197910.000000           1          -39.7405   
       838:    197940.000000           1          -39.7313   
       839:    197970.000000           1          -39.7236   
       840:    198000.000000           1          -39.7157   
       841:    198030.000000           1          -39.7063   
       842:    198060.000000           1          -39.6966   
       843:    198090.000000           1          -39.6852   
       844:    198120.000000           1          -39.6717   
       845:    198150.000000           1          -39.6608   
       846:    198180.000000           1          -39.6524   
       847:    198210.000000           1          -39.6530   
       848:    198240.000000           1          -39.6521   
       849:    198270.000000           1          -39.6529   
       850:    198300.000000           1          -39.6493   
       851:    198330.000000           1          -39.6455   
       852:    198360.000000           1          -39.6374   
       853:    198390.000000           1          -39.6325   
       854:    198420.000000           1          -39.6317   
       855:    198450.000000           1          -39.6339   
       856:    198480.000000           1          -39.6409   
       857:    198510.000000           1          -39.6470   
       858:    198540.000000           1          -39.6592   
       859:    198570.000000           1          -39.6645   
       860:    198600.000000           1          -39.6669   
       861:    198630.000000           1          -39.6654   
       862:    198660.000000           1          -39.6626   
       863:    198690.000000           1          -39.6582   
       864:    198720.000000           1          -39.6543   
       865:    198750.000000           1          -39.6532   
       866:    198780.000000           1          -39.6480   
       867:    198810.000000           1          -39.6459   
       868:    198840.000000           1          -39.6472   
       869:    198870.000000           1          -39.6513   
       870:    198900.000000           1          -39.6495   
       871:    198930.000000           1          -39.6530   
       872:    198960.000000           1          -39.6553   
       873:    198990.000000           1          -39.6528   
       874:    199020.000000           1          -39.6452   
       875:    199050.000000           1          -39.6360   
       876:    199080.000000           1          -39.6312   
       877:    199110.000000           1          -39.6262   
       878:    199140.000000           1          -39.6239   
       879:    199170.000000           1          -39.6233   
       880:    199200.000000           1          -39.6248   
       881:    199230.000000           1          -39.6286   
       882:    199260.000000           1          -39.6356   
       883:    199290.000000           1          -39.6409   
       884:    199320.000000           1          -39.6387   
       885:    199350.000000           1          -39.6354   
       886:    199380.000000           1          -39.6302   
       887:    199410.000000           1          -39.6272   
       888:    199440.000000           1          -39.6271   
       889:    199470.000000           1          -39.6274   
       890:    199500.000000           1          -39.6298   
       891:    199530.000000           1          -39.6316   
       892:    199560.000000           1          -39.6327   
       893:    199590.000000           1          -39.6333   
       894:    199620.000000           1          -39.6341   
       895:    199650.000000           1          -39.6347   
       896:    199680.000000           1          -39.6347   
       897:    199710.000000           1          -39.6326   
       898:    199740.000000           1          -39.6321   
       899:    199770.000000           1          -39.6350   
       900:    199800.000000           1          -39.6360   
       901:    199830.000000           1          -39.6356   
       902:    199860.000000           1          -39.6325   
       903:    199890.000000           1          -39.6291   
       904:    199920.000000           1          -39.6268   
       905:    199950.000000           1          -39.6234   
       906:    199980.000000           1          -39.6210   
       907:    200010.000000           1          -39.6205   
       908:    200040.000000           1          -39.6175   
       909:    200070.000000           1          -39.6157   
       910:    200100.000000           1          -39.6142   
       911:    200130.000000           1          -39.6127   
       912:    200160.000000           1          -39.6101   
       913:    200190.000000           1          -39.6070   
       914:    200220.000000           1          -39.6038   
       915:    200250.000000           1          -39.6034   
       916:    200280.000000           1          -39.6033   
       917:    200310.000000           1          -39.6016   
       918:    200340.000000           1          -39.6015   
       919:    200370.000000           1          -39.6005   
       920:    200400.000000           1          -39.5966   
       921:    200430.000000           1          -39.5926   
       922:    200460.000000           1          -39.5906   
       923:    200490.000000           1          -39.5917   
       924:    200520.000000           1          -39.5923   
       925:    200550.000000           1          -39.5947   
       926:    200580.000000           1          -39.5954   
       927:    200610.000000           1          -39.5936   
       928:    200640.000000           1          -39.5904   
       929:    200670.000000           1          -39.5888   
       930:    200700.000000           1          -39.5857   
       931:    200730.000000           1          -39.5877   
       932:    200760.000000           1          -39.5901   
       933:    200790.000000           1          -39.5945   
       934:    200820.000000           1          -39.5978   
       935:    200850.000000           1          -39.5991   
       936:    200880.000000           1          -39.6004   
       937:    200910.000000           1          -39.6005   
       938:    200940.000000           1          -39.5994   
       939:    200970.000000           1          -39.5983   
       940:    201000.000000           1          -39.6001   
       941:    201030.000000           1          -39.6031   
       942:    201060.000000           1          -39.6075   
       943:    201090.000000           1          -39.6130   
       944:    201120.000000           1          -39.6188   
       945:    201150.000000           1          -39.6208   
       946:    201180.000000           1          -39.6210   
       947:    201210.000000           1          -39.6188   
       948:    201240.000000           1          -39.6170   
       949:    201270.000000           1          -39.6141   
       950:    201300.000000           1          -39.6142   
       951:    201330.000000           1          -39.6132   
       952:    201360.000000           1          -39.6132   
       953:    201390.000000           1          -39.6142   
       954:    201420.000000           1          -39.6152   
       955:    201450.000000           1          -39.6153   
       956:    201480.000000           1          -39.6132   
       957:    201510.000000           1          -39.6121   
       958:    201540.000000           1          -39.6124   
       959:    201570.000000           1          -39.6130   
       960:    201600.000000           1          -39.6150   
       961:    201630.000000           1          -39.6159   
       962:    201660.000000           1          -39.6158   
       963:    201690.000000           1          -39.6156   
       964:    201720.000000           1          -39.6153   
       965:    201750.000000           1          -39.6151   
       966:    201780.000000           1          -39.6150   
       967:    201810.000000           1          -39.6168   
       968:    201840.000000           1          -39.6179   
       969:    201870.000000           1          -39.6193   
       970:    201900.000000           1          -39.6209   
       971:    201930.000000           1          -39.6190   
       972:    201960.000000           1          -39.6162   
       973:    201990.000000           1          -39.6155   
       974:    202020.000000           1          -39.6158   
       975:    202050.000000           1          -39.6169   
       976:    202080.000000           1          -39.6182   
       977:    202110.000000           1          -39.6213   
       978:    202140.000000           1          -39.6229   
       979:    202170.000000           1          -39.6251   
       980:    202200.000000           1          -39.6263   
       981:    202230.000000           1          -39.6277   
       982:    202260.000000           1          -39.6279   
       983:    202290.000000           1          -39.6294   
       984:    202320.000000           1          -39.6288   
       985:    202350.000000           1          -39.6273   
       986:    202380.000000           1          -39.6270   
       987:    202410.000000           1          -39.6263   
       988:    202440.000000           1          -39.6257   
       989:    202470.000000           1          -39.6273   
       990:    202500.000000           1          -39.6310   
       991:    202530.000000           1          -39.6343   
       992:    202560.000000           1          -39.6383   
       993:    202590.000000           1          -39.6428   
       994:    202620.000000           1          -39.6482   
       995:    202650.000000           1          -39.6527   
       996:    202680.000000           1          -39.6562   
       997:    202710.000000           1          -39.6590   
       998:    202740.000000           1          -39.6597   
       999:    202770.000000           1          -39.6616   
      1000:    202800.000000           1          -39.6635   
      1001:    202830.000000           1          -39.6654   
      1002:    202860.000000           1          -39.6668   
      1003:    202890.000000           1          -39.6678   
      1004:    202920.000000           1          -39.6685   
      1005:    202950.000000           1          -39.6697   
      1006:    202980.000000           1          -39.6722   
      1007:    203010.000000           1          -39.6751   
      1008:    203040.000000           1          -39.6776   
      1009:    203070.000000           1          -39.6801   
      1010:    203100.000000           1          -39.6833   
      1011:    203130.000000           1          -39.6853   
      1012:    203160.000000           1          -39.6863   
      1013:    203190.000000           1          -39.6868   
      1014:    203220.000000           1          -39.6885   
      1015:    203250.000000           1          -39.6901   
      1016:    203280.000000           1          -39.6911   
      1017:    203310.000000           1          -39.6929   
      1018:    203340.000000           1          -39.6948   
      1019:    203370.000000           1          -39.6949   
      1020:    203400.000000           1          -39.6957   
      1021:    203430.000000           1          -39.6971   
      1022:    203460.000000           1          -39.6991   
      1023:    203490.000000           1          -39.7006   
      1024:    203520.000000           1          -39.7023   
      1025:    203550.000000           1          -39.7040   
      1026:    203580.000000           1          -39.7049   
      1027:    203610.000000           1          -39.7055   
      1028:    203640.000000           1          -39.7055   
      1029:    203670.000000           1          -39.7063   
      1030:    203700.000000           1          -39.7087   
      1031:    203730.000000           1          -39.7114   
      1032:    203760.000000           1          -39.7142   
      1033:    203790.000000           1          -39.7162   
      1034:    203820.000000           1          -39.7194   
      1035:    203850.000000           1          -39.7230   
      1036:    203880.000000           1          -39.7268   
      1037:    203910.000000           1          -39.7306   
      1038:    203940.000000           1          -39.7331   
      1039:    203970.000000           1          -39.7357   
      1040:    204000.000000           1          -39.7369   
      1041:    204030.000000           1          -39.7364   
      1042:    204060.000000           1          -39.7361   
      1043:    204090.000000           1          -39.7350   
      1044:    204120.000000           1          -39.7327   
      1045:    204150.000000           1          -39.7280   
      1046:    204180.000000           1          -39.7235   
      1047:    204210.000000           1          -39.7223   
      1048:    204240.000000           1          -39.7221   
      1049:    204270.000000           1          -39.7224   
      1050:    204300.000000           1          -39.7231   
      1051:    204330.000000           1          -39.7230   
      1052:    204360.000000           1          -39.7225   
      1053:    204390.000000           1          -39.7235   
      1054:    204420.000000           1          -39.7264   
      1055:    204450.000000           1          -39.7295   
      1056:    204480.000000           1          -39.7323   
      1057:    204510.000000           1          -39.7347   
      1058:    204540.000000           1          -39.7367   
      1059:    204570.000000           1          -39.7391   
      1060:    204600.000000           1          -39.7407   
      1061:    204630.000000           1          -39.7406   
      1062:    204660.000000           1          -39.7393   
      1063:    204690.000000           1          -39.7375   
      1064:    204720.000000           1          -39.7364   
      1065:    204750.000000           1          -39.7367   
      1066:    204780.000000           1          -39.7387   
      1067:    204810.000000           1          -39.7404   
      1068:    204840.000000           1          -39.7417   
      1069:    204870.000000           1          -39.7425   
      1070:    204900.000000           1          -39.7416   
      1071:    204930.000000           1          -39.7390   
      1072:    204960.000000           1          -39.7361   
      1073:    204990.000000           1          -39.7338   
      1074:    205020.000000           1          -39.7325   
      1075:    205050.000000           1          -39.7316   
      1076:    205080.000000           1          -39.7312   
      1077:    205110.000000           1          -39.7303   
      1078:    205140.000000           1          -39.7297   
      1079:    205170.000000           1          -39.7296   
      1080:    205200.000000           1          -39.7291   
      1081:    205230.000000           1          -39.7281   
      1082:    205260.000000           1          -39.7286   
      1083:    205290.000000           1          -39.7305   
      1084:    205320.000000           1          -39.7314   
      1085:    205350.000000           1          -39.7312   
      1086:    205380.000000           1          -39.7315   
      1087:    205410.000000           1          -39.7313   
      1088:    205440.000000           1          -39.7300   
      1089:    205470.000000           1          -39.7289   
      1090:    205500.000000           1          -39.7290   
      1091:    205530.000000           1          -39.7291   
      1092:    205560.000000           1          -39.7293   
      1093:    205590.000000           1          -39.7303   
      1094:    205620.000000           1          -39.7318   
      1095:    205650.000000           1          -39.7328   
      1096:    205680.000000           1          -39.7344   
      1097:    205710.000000           1          -39.7359   
      1098:    205740.000000           1          -39.7375   
      1099:    205770.000000           1          -39.7382   
      1100:    205800.000000           1          -39.7389   
      1101:    205830.000000           1          -39.7399   
      1102:    205860.000000           1          -39.7406   
      1103:    205890.000000           1          -39.7387   
      1104:    205920.000000           1          -39.7348   
      1105:    205950.000000           1          -39.7305   
      1106:    205980.000000           1          -39.7270   
      1107:    206010.000000           1          -39.7227   
      1108:    206040.000000           1          -39.7181   
      1109:    206070.000000           1          -39.7136   
      1110:    206100.000000           1          -39.7083   
      1111:    206130.000000           1          -39.7030   
      1112:    206160.000000           1          -39.6991   
      1113:    206190.000000           1          -39.6978   
      1114:    206220.000000           1          -39.6985   
      1115:    206250.000000           1          -39.6982   
      1116:    206280.000000           1          -39.6972   
      1117:    206310.000000           1          -39.6954   
      1118:    206340.000000           1          -39.6936   
      1119:    206370.000000           1          -39.6934   
      1120:    206400.000000           1          -39.6945   
      1121:    206430.000000           1          -39.6952   
      1122:    206460.000000           1          -39.6936   
      1123:    206490.000000           1          -39.6922   
      1124:    206520.000000           1          -39.6921   
      1125:    206550.000000           1          -39.6931   
      1126:    206580.000000           1          -39.6941   
      1127:    206610.000000           1          -39.6951   
      1128:    206640.000000           1          -39.6956   
      1129:    206670.000000           1          -39.6944   
      1130:    206700.000000           1          -39.6917   
      1131:    206730.000000           1          -39.6896   
      1132:    206760.000000           1          -39.6884   
      1133:    206790.000000           1          -39.6874   
      1134:    206820.000000           1          -39.6866   
      1135:    206850.000000           1          -39.6861   
      1136:    206880.000000           1          -39.6850   
      1137:    206910.000000           1          -39.6851   
      1138:    206940.000000           1          -39.6859   
      1139:    206970.000000           1          -39.6866   
      1140:    207000.000000           1          -39.6880   
      1141:    207030.000000           1          -39.6883   
      1142:    207060.000000           1          -39.6901   
      1143:    207090.000000           1          -39.6915   
      1144:    207120.000000           1          -39.6903   
      1145:    207150.000000           1          -39.6897   
      1146:    207180.000000           1          -39.6879   
      1147:    207210.000000           1          -39.6866   
      1148:    207240.000000           1          -39.6876   
      1149:    207270.000000           1          -39.6886   
      1150:    207300.000000           1          -39.6894   
      1151:    207330.000000           1          -39.6897   
      1152:    207360.000000           1          -39.6897   
      1153:    207390.000000           1          -39.6893   
      1154:    207420.000000           1          -39.6888   
      1155:    207450.000000           1          -39.6903   
      1156:    207480.000000           1          -39.6939   
      1157:    207510.000000           1          -39.6971   
      1158:    207540.000000           1          -39.6987   
      1159:    207570.000000           1          -39.6988   
      1160:    207600.000000           1          -39.6967   
      1161:    207630.000000           1          -39.6953   
      1162:    207660.000000           1          -39.6942   
      1163:    207690.000000           1          -39.6928   
      1164:    207720.000000           1          -39.6904   
      1165:    207750.000000           1          -39.6877   
      1166:    207780.000000           1          -39.6860   
      1167:    207810.000000           1          -39.6842   
      1168:    207840.000000           1          -39.6820   
      1169:    207870.000000           1          -39.6794   
      1170:    207900.000000           1          -39.6771   
      1171:    207930.000000           1          -39.6766   
      1172:    207960.000000           1          -39.6770   
      1173:    207990.000000           1          -39.6764   
      1174:    208020.000000           1          -39.6740   
      1175:    208050.000000           1          -39.6716   
      1176:    208080.000000           1          -39.6699   
      1177:    208110.000000           1          -39.6691   
      1178:    208140.000000           1          -39.6699   
      1179:    208170.000000           1          -39.6733   
      1180:    208200.000000           1          -39.6772   
      1181:    208230.000000           1          -39.6800   
      1182:    208260.000000           1          -39.6801   
      1183:    208290.000000           1          -39.6768   
      1184:    208320.000000           1          -39.6724   
      1185:    208350.000000           1          -39.6687   
      1186:    208380.000000           1          -39.6677   
      1187:    208410.000000           1          -39.6701   
      1188:    208440.000000           1          -39.6742   
      1189:    208470.000000           1          -39.6793   
      1190:    208500.000000           1          -39.6822   
      1191:    208530.000000           1          -39.6824   
      1192:    208560.000000           1          -39.6812   
      1193:    208590.000000           1          -39.6786   
      1194:    208620.000000           1          -39.6752   
      1195:    208650.000000           1          -39.6700   
      1196:    208680.000000           1          -39.6653   
      1197:    208710.000000           1          -39.6624   
      1198:    208740.000000           1          -39.6617   
      1199:    208770.000000           1          -39.6642   
      1200:    208800.000000           1          -39.6688   
      1201:    208830.000000           1          -39.6726   
      1202:    208860.000000           1          -39.6753   
      1203:    208890.000000           1          -39.6773   
      1204:    208920.000000           1          -39.6793   
      1205:    208950.000000           1          -39.6796   
      1206:    208980.000000           1          -39.6796   
      1207:    209010.000000           1          -39.6791   
      1208:    209040.000000           1          -39.6788   
      1209:    209070.000000           1          -39.6792   
      1210:    209100.000000           1          -39.6796   
      1211:    209130.000000           1          -39.6789   
      1212:    209160.000000           1          -39.6783   
      1213:    209190.000000           1          -39.6764   
      1214:    209220.000000           1          -39.6745   
      1215:    209250.000000           1          -39.6726   
      1216:    209280.000000           1          -39.6709   
      1217:    209310.000000           1          -39.6689   
      1218:    209340.000000           1          -39.6665   
      1219:    209370.000000           1          -39.6645   
      1220:    209400.000000           1          -39.6624   
      1221:    209430.000000           1          -39.6608   
      1222:    209460.000000           1          -39.6593   
      1223:    209490.000000           1          -39.6583   
      1224:    209520.000000           1          -39.6567   
      1225:    209550.000000           1          -39.6548   
      1226:    209580.000000           1          -39.6536   
      1227:    209610.000000           1          -39.6523   
      1228:    209640.000000           1          -39.6516   
      1229:    209670.000000           1          -39.6513   
      1230:    209700.000000           1          -39.6528   
      1231:    209730.000000           1          -39.6543   
      1232:    209760.000000           1          -39.6548   
      1233:    209790.000000           1          -39.6541   
      1234:    209820.000000           1          -39.6532   
      1235:    209850.000000           1          -39.6516   
      1236:    209880.000000           1          -39.6489   
      1237:    209910.000000           1          -39.6461   
      1238:    209940.000000           1          -39.6430   
      1239:    209970.000000           1          -39.6396   
      1240:    210000.000000           1          -39.6362   
      1241:    210030.000000           1          -39.6335   
      1242:    210060.000000           1          -39.6323   
      1243:    210090.000000           1          -39.6318   
      1244:    210120.000000           1          -39.6317   
      1245:    210150.000000           1          -39.6314   
      1246:    210180.000000           1          -39.6305   
      1247:    210210.000000           1          -39.6302   
      1248:    210240.000000           1          -39.6315   
      1249:    210270.000000           1          -39.6341   
      1250:    210300.000000           1          -39.6368   
      1251:    210330.000000           1          -39.6405   
      1252:    210360.000000           1          -39.6445   
      1253:    210390.000000           1          -39.6483   
      1254:    210420.000000           1          -39.6518   
      1255:    210450.000000           1          -39.6562   
      1256:    210480.000000           1          -39.6609   
      1257:    210510.000000           1          -39.6655   
      1258:    210540.000000           1          -39.6699   
      1259:    210570.000000           1          -39.6719   
      1260:    210600.000000           1          -39.6719   
      1261:    210630.000000           1          -39.6715   
      1262:    210660.000000           1          -39.6714   
      1263:    210690.000000           1          -39.6704   
      1264:    210720.000000           1          -39.6679   
      1265:    210750.000000           1          -39.6650   
      1266:    210780.000000           1          -39.6618   
      1267:    210810.000000           1          -39.6592   
      1268:    210840.000000           1          -39.6580   
      1269:    210870.000000           1          -39.6571   
      1270:    210900.000000           1          -39.6570   
      1271:    210930.000000           1          -39.6578   
      1272:    210960.000000           1          -39.6588   
      1273:    210990.000000           1          -39.6597   
      1274:    211020.000000           1          -39.6602   
      1275:    211050.000000           1          -39.6596   
      1276:    211080.000000           1          -39.6582   
      1277:    211110.000000           1          -39.6568   
      1278:    211140.000000           1          -39.6554   
      1279:    211170.000000           1          -39.6536   
      1280:    211200.000000           1          -39.6515   
      1281:    211230.000000           1          -39.6510   
      1282:    211260.000000           1          -39.6526   
      1283:    211290.000000           1          -39.6553   
      1284:    211320.000000           1          -39.6577   
      1285:    211350.000000           1          -39.6598   
      1286:    211380.000000           1          -39.6608   
      1287:    211410.000000           1          -39.6606   
      1288:    211440.000000           1          -39.6589   
      1289:    211470.000000           1          -39.6551   
      1290:    211500.000000           1          -39.6512   
      1291:    211530.000000           1          -39.6474   
      1292:    211560.000000           1          -39.6444   
      1293:    211590.000000           1          -39.6433   
      1294:    211620.000000           1          -39.6438   
      1295:    211650.000000           1          -39.6453   
      1296:    211680.000000           1          -39.6462   
      1297:    211710.000000           1          -39.6450   
      1298:    211740.000000           1          -39.6433   
      1299:    211770.000000           1          -39.6407   
      1300:    211800.000000           1          -39.6365   
      1301:    211830.000000           1          -39.6319   
      1302:    211860.000000           1          -39.6284   
      1303:    211890.000000           1          -39.6269   
      1304:    211920.000000           1          -39.6291   
      1305:    211950.000000           1          -39.6340   
      1306:    211980.000000           1          -39.6374   
      1307:    212010.000000           1          -39.6396   
      1308:    212040.000000           1          -39.6401   
      1309:    212070.000000           1          -39.6392   
      1310:    212100.000000           1          -39.6383   
      1311:    212130.000000           1          -39.6364   
      1312:    212160.000000           1          -39.6339   
      1313:    212190.000000           1          -39.6313   
      1314:    212220.000000           1          -39.6289   
      1315:    212250.000000           1          -39.6261   
      1316:    212280.000000           1          -39.6238   
      1317:    212310.000000           1          -39.6224   
      1318:    212340.000000           1          -39.6211   
      1319:    212370.000000           1          -39.6204   
      1320:    212400.000000           1          -39.6197   
      1321:    212430.000000           1          -39.6197   
      1322:    212460.000000           1          -39.6209   
      1323:    212490.000000           1          -39.6232   
