      1935:    230850.000000           1          -27.6577   
      1936:    230880.000000           1          -27.6638   
      1937:    230910.000000           1          -27.6483   
      1938:    230940.000000           1          -27.6661   
      1939:    230970.000000           1          -27.6896   
      1940:    231000.000000           1          -27.6561   
      1941:    231030.000000           1          -27.5937   
      1942:    231060.000000           1          -27.6002   
      1943:    231090.000000           1          -27.6056   
      1944:    231120.000000           1          -27.5920   
      1945:    231150.000000           1          -27.5898   
      1946:    231180.000000           1          -27.5863   
      1947:    231210.000000           1          -27.5838   
      1948:    231240.000000           1          -27.5778   
      1949:    231270.000000           1          -27.5363   
      1950:    231300.000000           1          -27.5219   
      1951:    231330.000000           1          -27.5053   
      1952:    231360.000000           1          -27.4975   
      1953:    231390.000000           1          -27.4728   
      1954:    231420.000000           1          -27.4409   
      1955:    231450.000000           1          -27.4219   
      1956:    231480.000000           1          -27.4031   
      1957:    231510.000000           1          -27.3783   
      1958:    231540.000000           1          -27.3418   
      1959:    231570.000000           1          -27.3210   
      1960:    231600.000000           1          -27.3110   
      1961:    231630.000000           1          -27.2819   
      1962:    231660.000000           1          -27.2603   
      1963:    231690.000000           1          -27.2422   
      1964:    231720.000000           1          -27.2188   
      1965:    231750.000000           1          -27.1930   
      1966:    231780.000000           1          -27.1749   
      1967:    231810.000000           1          -27.1616   
      1968:    231840.000000           1          -27.1400   
      1969:    231870.000000           1          -27.1193   
      1970:    231900.000000           1          -27.1059   
      1971:    231930.000000           1          -27.0936   
      1972:    231960.000000           1          -27.0817   
      1973:    231990.000000           1          -27.0658   
      1974:    232020.000000           1          -27.0495   
      1975:    232050.000000           1          -27.0385   
      1976:    232080.000000           1          -27.0242   
      1977:    232110.000000           1          -27.0076   
      1978:    232140.000000           1          -27.0014   
      1979:    232170.000000           1          -27.0001   
      1980:    232200.000000           1          -26.9983   
      1981:    232230.000000           1          -26.9936   
      1982:    232260.000000           1          -26.9924   
      1983:    232290.000000           1          -26.9956   
      1984:    232320.000000           1          -26.9913   
      1985:    232350.000000           1          -26.9828   
      1986:    232380.000000           1          -26.9694   
      1987:    232410.000000           1          -26.9594   
      1988:    232440.000000           1          -26.9494   
      1989:    232470.000000           1          -26.9432   
      1990:    232500.000000           1          -26.9356   
      1991:    232530.000000           1          -26.9272   
      1992:    232560.000000           1          -26.9210   
      1993:    232590.000000           1          -26.9158   
      1994:    232620.000000           1          -26.9064   
      1995:    232650.000000           1          -26.8948   
      1996:    232680.000000           1          -26.8818   
      1997:    232710.000000           1          -26.8695   
      1998:    232740.000000           1          -26.8521   
      1999:    232770.000000           1          -26.8370   
      2000:    232800.000000           1          -26.8223   
      2001:    232830.000000           1          -26.8127   
      2002:    232860.000000           1          -26.7984   
      2003:    232890.000000           1          -26.7892   
      2004:    232920.000000           1          -26.7879   
      2005:    232950.000000           1          -26.7858   
      2006:    232980.000000           1          -26.7771   
      2007:    233010.000000           1          -26.7618   
      2008:    233040.000000           1          -26.7469   
      2009:    233070.000000           1          -26.7312   
      2010:    233100.000000           1          -26.7197   
      2011:    233130.000000           1          -26.7107   
      2012:    233160.000000           1          -26.7009   
      2013:    233190.000000           1          -26.6946   
      2014:    233220.000000           1          -26.6826   
      2015:    233250.000000           1          -26.6729   
      2016:    233280.000000           1          -26.6682   
      2017:    233310.000000           1          -26.6579   
      2018:    233340.000000           1          -26.6467   
      2019:    233370.000000           1          -26.6378   
      2020:    233400.000000           1          -26.6288   
      2021:    233430.000000           1          -26.6209   
      2022:    233460.000000           1          -26.6100   
      2023:    233490.000000           1          -26.6031   
      2024:    233520.000000           1          -26.5951   
      2025:    233550.000000           1          -26.5879   
      2026:    233580.000000           1          -26.5818   
      2027:    233610.000000           1          -26.5737   
      2028:    233640.000000           1          -26.5629   
      2029:    233670.000000           1          -26.5506   
      2030:    233700.000000           1          -26.5417   
      2031:    233730.000000           1          -26.5354   
      2032:    233760.000000           1          -26.5278   
      2033:    233790.000000           1          -26.5205   
      2034:    233820.000000           1          -26.5078   
      2035:    233850.000000           1          -26.4959   
      2036:    233880.000000           1          -26.4852   
      2037:    233910.000000           1          -26.4725   
      2038:    233940.000000           1          -26.4617   
      2039:    233970.000000           1          -26.4508   
      2040:    234000.000000           1          -26.4423   
      2041:    234030.000000           1          -26.4384   
      2042:    234060.000000           1          -26.4358   
      2043:    234090.000000           1          -26.4355   
      2044:    234120.000000           1          -26.4349   
      2045:    234150.000000           1          -26.4332   
      2046:    234180.000000           1          -26.4295   
      2047:    234210.000000           1          -26.4229   
      2048:    234240.000000           1          -26.4164   
      2049:    234270.000000           1          -26.4069   
      2050:    234300.000000           1          -26.3964   
      2051:    234330.000000           1          -26.3856   
      2052:    234360.000000           1          -26.3765   
      2053:    234390.000000           1          -26.3676   
      2054:    234420.000000           1          -26.3598   
      2055:    234450.000000           1          -26.3545   
      2056:    234480.000000           1          -26.3520   
      2057:    234510.000000           1          -26.3516   
      2058:    234540.000000           1          -26.3494   
      2059:    234570.000000           1          -26.3469   
      2060:    234600.000000           1          -26.3438   
      2061:    234630.000000           1          -26.3385   
      2062:    234660.000000           1          -26.3336   
      2063:    234690.000000           1          -26.3283   
      2064:    234720.000000           1          -26.3243   
      2065:    234750.000000           1          -26.3217   
      2066:    234780.000000           1          -26.3201   
      2067:    234810.000000           1          -26.3200   
      2068:    234840.000000           1          -26.3173   
      2069:    234870.000000           1          -26.3131   
      2070:    234900.000000           1          -26.3100   
      2071:    234930.000000           1          -26.3045   
      2072:    234960.000000           1          -26.2966   
      2073:    234990.000000           1          -26.2898   
      2074:    235020.000000           1          -26.2825   
      2075:    235050.000000           1          -26.2767   
      2076:    235080.000000           1          -26.2715   
      2077:    235110.000000           1          -26.2667   
      2078:    235140.000000           1          -26.2613   
      2079:    235170.000000           1          -26.2544   
      2080:    235200.000000           1          -26.2467   
      2081:    235230.000000           1          -26.2402   
      2082:    235260.000000           1          -26.2339   
      2083:    235290.000000           1          -26.2270   
      2084:    235320.000000           1          -26.2219   
      2085:    235350.000000           1          -26.2181   
      2086:    235380.000000           1          -26.2137   
      2087:    235410.000000           1          -26.2098   
      2088:    235440.000000           1          -26.2073   
      2089:    235470.000000           1          -26.2062   
      2090:    235500.000000           1          -26.2060   
      2091:    235530.000000           1          -26.2041   
      2092:    235560.000000           1          -26.2020   
      2093:    235590.000000           1          -26.1988   
      2094:    235620.000000           1          -26.1970   
      2095:    235650.000000           1          -26.1963   
      2096:    235680.000000           1          -26.1954   
      2097:    235710.000000           1          -26.1940   
      2098:    235740.000000           1          -26.1931   
      2099:    235770.000000           1          -26.1927   
      2100:    235800.000000           1          -26.1945   
      2101:    235830.000000           1          -26.1966   
      2102:    235860.000000           1          -26.1999   
      2103:    235890.000000           1          -26.2037   
      2104:    235920.000000           1          -26.2069   
      2105:    235950.000000           1          -26.2090   
      2106:    235980.000000           1          -26.2103   
      2107:    236010.000000           1          -26.2109   
      2108:    236040.000000           1          -26.2099   
      2109:    236070.000000           1          -26.2079   
      2110:    236100.000000           1          -26.2059   
      2111:    236130.000000           1          -26.2042   
      2112:    236160.000000           1          -26.2028   
      2113:    236190.000000           1          -26.2009   
      2114:    236220.000000           1          -26.2003   
      2115:    236250.000000           1          -26.2001   
      2116:    236280.000000           1          -26.1996   
      2117:    236310.000000           1          -26.1991   
      2118:    236340.000000           1          -26.1996   
      2119:    236370.000000           1          -26.2005   
      2120:    236400.000000           1          -26.2020   
      2121:    236430.000000           1          -26.2025   
      2122:    236460.000000           1          -26.2043   
      2123:    236490.000000           1          -26.2054   
      2124:    236520.000000           1          -26.2059   
      2125:    236550.000000           1          -26.2066   
      2126:    236580.000000           1          -26.2075   
      2127:    236610.000000           1          -26.2076   
      2128:    236640.000000           1          -26.2070   
      2129:    236670.000000           1          -26.2058   
      2130:    236700.000000           1          -26.2045   
      2131:    236730.000000           1          -26.2044   
      2132:    236760.000000           1          -26.2049   
      2133:    236790.000000           1          -26.2066   
      2134:    236820.000000           1          -26.2081   
      2135:    236850.000000           1          -26.2100   
      2136:    236880.000000           1          -26.2120   
      2137:    236910.000000           1          -26.2142   
      2138:    236940.000000           1          -26.2146   
      2139:    236970.000000           1          -26.2155   
      2140:    237000.000000           1          -26.2163   
      2141:    237030.000000           1          -26.2163   
      2142:    237060.000000           1          -26.2157   
      2143:    237090.000000           1          -26.2147   
      2144:    237120.000000           1          -26.2136   
      2145:    237150.000000           1          -26.2127   
      2146:    237180.000000           1          -26.2119   
      2147:    237210.000000           1          -26.2115   
      2148:    237240.000000           1          -26.2115   
      2149:    237270.000000           1          -26.2106   
      2150:    237300.000000           1          -26.2087   
      2151:    237330.000000           1          -26.2067   
      2152:    237360.000000           1          -26.2053   
      2153:    237390.000000           1          -26.2040   
      2154:    237420.000000           1          -26.2027   
      2155:    237450.000000           1          -26.2030   
      2156:    237480.000000           1          -26.2049   
      2157:    237510.000000           1          -26.2066   
      2158:    237540.000000           1          -26.2084   
      2159:    237570.000000           1          -26.2093   
      2160:    237600.000000           1          -26.2109   
      2161:    237630.000000           1          -26.2129   
      2162:    237660.000000           1          -26.2145   
      2163:    237690.000000           1          -26.2163   
      2164:    237720.000000           1          -26.2186   
      2165:    237750.000000           1          -26.2200   
      2166:    237780.000000           1          -26.2208   
      2167:    237810.000000           1          -26.2215   
      2168:    237840.000000           1          -26.2212   
      2169:    237870.000000           1          -26.2203   
      2170:    237900.000000           1          -26.2192   
      2171:    237930.000000           1          -26.2184   
      2172:    237960.000000           1          -26.2177   
      2173:    237990.000000           1          -26.2167   
      2174:    238020.000000           1          -26.2159   
      2175:    238050.000000           1          -26.2154   
      2176:    238080.000000           1          -26.2154   
      2177:    238110.000000           1          -26.2155   
      2178:    238140.000000           1          -26.2155   
      2179:    238170.000000           1          -26.2162   
      2180:    238200.000000           1          -26.2174   
      2181:    238230.000000           1          -26.2179   
      2182:    238260.000000           1          -26.2185   
      2183:    238290.000000           1          -26.2190   
      2184:    238320.000000           1          -26.2187   
      2185:    238350.000000           1          -26.2183   
      2186:    238380.000000           1          -26.2180   
      2187:    238410.000000           1          -26.2175   
      2188:    238440.000000           1          -26.2160   
      2189:    238470.000000           1          -26.2139   
      2190:    238500.000000           1          -26.2120   
      2191:    238530.000000           1          -26.2107   
      2192:    238560.000000           1          -26.2101   
      2193:    238590.000000           1          -26.2101   
      2194:    238620.000000           1          -26.2110   
      2195:    238650.000000           1          -26.2121   
      2196:    238680.000000           1          -26.2132   
      2197:    238710.000000           1          -26.2150   
      2198:    238740.000000           1          -26.2166   
      2199:    238770.000000           1          -26.2175   
      2200:    238800.000000           1          -26.2187   
      2201:    238830.000000           1          -26.2189   
      2202:    238860.000000           1          -26.2188   
      2203:    238890.000000           1          -26.2181   
      2204:    238920.000000           1          -26.2170   
      2205:    238950.000000           1          -26.2169   
      2206:    238980.000000           1          -26.2175   
      2207:    239010.000000           1          -26.2174   
      2208:    239040.000000           1          -26.2167   
      2209:    239070.000000           1          -26.2160   
      2210:    239100.000000           1          -26.2160   
      2211:    239130.000000           1          -26.2163   
      2212:    239160.000000           1          -26.2166   
      2213:    239190.000000           1          -26.2169   
      2214:    239220.000000           1          -26.2174   
      2215:    239250.000000           1          -26.2175   
      2216:    239280.000000           1          -26.2176   
      2217:    239310.000000           1          -26.2180   
      2218:    239340.000000           1          -26.2188   
      2219:    239370.000000           1          -26.2184   
      2220:    239400.000000           1          -26.2178   
      2221:    239430.000000           1          -26.2180   
      2222:    239460.000000           1          -26.2187   
      2223:    239490.000000           1          -26.2193   
      2224:    239520.000000           1          -26.2196   
      2225:    239550.000000           1          -26.2190   
      2226:    239580.000000           1          -26.2188   
      2227:    239610.000000           1          -26.2194   
      2228:    239640.000000           1          -26.2201   
      2229:    239670.000000           1          -26.2204   
      2230:    239700.000000           1          -26.2203   
      2231:    239730.000000           1          -26.2195   
      2232:    239760.000000           1          -26.2183   
      2233:    239790.000000           1          -26.2167   
      2234:    239820.000000           1          -26.2165   
      2235:    239850.000000           1          -26.2164   
      2236:    239880.000000           1          -26.2155   
      2237:    239910.000000           1          -26.2153   
      2238:    239940.000000           1          -26.2156   
      2239:    239970.000000           1          -26.2168   
      2240:    240000.000000           1          -26.2179   
      2241:    240030.000000           1          -26.2196   
      2242:    240060.000000           1          -26.2209   
      2243:    240090.000000           1          -26.2214   
      2244:    240120.000000           1          -26.2220   
      2245:    240150.000000           1          -26.2217   
      2246:    240180.000000           1          -26.2208   
      2247:    240210.000000           1          -26.2185   
      2248:    240240.000000           1          -26.2169   
      2249:    240270.000000           1          -26.2156   
      2250:    240300.000000           1          -26.2157   
      2251:    240330.000000           1          -26.2172   
      2252:    240360.000000           1          -26.2173   
      2253:    240390.000000           1          -26.2154   
      2254:    240420.000000           1          -26.2146   
      2255:    240450.000000           1          -26.2165   
      2256:    240480.000000           1          -26.2194   
      2257:    240510.000000           1          -26.2204   
      2258:    240540.000000           1          -26.2189   
      2259:    240570.000000           1          -26.2154   
      2260:    240600.000000           1          -26.2125   
      2261:    240630.000000           1          -26.2123   
      2262:    240660.000000           1          -26.2134   
      2263:    240690.000000           1          -26.2132   
      2264:    240720.000000           1          -26.2123   
      2265:    240750.000000           1          -26.2105   
      2266:    240780.000000           1          -26.2103   
      2267:    240810.000000           1          -26.2119   
      2268:    240840.000000           1          -26.2134   
      2269:    240870.000000           1          -26.2155   
      2270:    240900.000000           1          -26.2167   
      2271:    240930.000000           1          -26.2182   
      2272:    240960.000000           1          -26.2190   
      2273:    240990.000000           1          -26.2197   
      2274:    241020.000000           1          -26.2210   
      2275:    241050.000000           1          -26.2213   
      2276:    241080.000000           1          -26.2187   
      2277:    241110.000000           1          -26.2157   
      2278:    241140.000000           1          -26.2141   
      2279:    241170.000000           1          -26.2140   
      2280:    241200.000000           1          -26.2145   
      2281:    241230.000000           1          -26.2151   
      2282:    241260.000000           1          -26.2143   
      2283:    241290.000000           1          -26.2111   
      2284:    241320.000000           1          -26.2080   
      2285:    241350.000000           1          -26.2048   
      2286:    241380.000000           1          -26.2021   
      2287:    241410.000000           1          -26.2017   
      2288:    241440.000000           1          -26.2016   
      2289:    241470.000000           1          -26.2010   
      2290:    241500.000000           1          -26.2000   
      2291:    241530.000000           1          -26.1994   
      2292:    241560.000000           1          -26.1992   
      2293:    241590.000000           1          -26.1990   
      2294:    241620.000000           1          -26.1996   
      2295:    241650.000000           1          -26.1997   
      2296:    241680.000000           1          -26.1990   
      2297:    241710.000000           1          -26.1978   
      2298:    241740.000000           1          -26.1969   
      2299:    241770.000000           1          -26.1970   
      2300:    241800.000000           1          -26.1983   
      2301:    241830.000000           1          -26.2003   
      2302:    241860.000000           1          -26.2018   
      2303:    241890.000000           1          -26.2026   
      2304:    241920.000000           1          -26.2024   
      2305:    241950.000000           1          -26.2014   
      2306:    241980.000000           1          -26.2011   
      2307:    242010.000000           1          -26.2005   
      2308:    242040.000000           1          -26.2009   
      2309:    242070.000000           1          -26.2020   
      2310:    242100.000000           1          -26.2024   
      2311:    242130.000000           1          -26.2024   
      2312:    242160.000000           1          -26.2028   
      2313:    242190.000000           1          -26.2039   
      2314:    242220.000000           1          -26.2047   
      2315:    242250.000000           1          -26.2070   
      2316:    242280.000000           1          -26.2093   
      2317:    242310.000000           1          -26.2122   
      2318:    242340.000000           1          -26.2143   
      2319:    242370.000000           1          -26.2146   
      2320:    242400.000000           1          -26.2149   
      2321:    242430.000000           1          -26.2151   
      2322:    242460.000000           1          -26.2150   
      2323:    242490.000000           1          -26.2163   
      2324:    242520.000000           1          -26.2167   
      2325:    242550.000000           1          -26.2167   
      2326:    242580.000000           1          -26.2178   
      2327:    242610.000000           1          -26.2187   
      2328:    242640.000000           1          -26.2187   
      2329:    242670.000000           1          -26.2193   
      2330:    242700.000000           1          -26.2199   
      2331:    242730.000000           1          -26.2206   
      2332:    242760.000000           1          -26.2211   
      2333:    242790.000000           1          -26.2223   
      2334:    242820.000000           1          -26.2235   
      2335:    242850.000000           1          -26.2251   
      2336:    242880.000000           1          -26.2269   
      2337:    242910.000000           1          -26.2284   
      2338:    242940.000000           1          -26.2306   
      2339:    242970.000000           1          -26.2332   
      2340:    243000.000000           1          -26.2361   
      2341:    243030.000000           1          -26.2387   
      2342:    243060.000000           1          -26.2412   
      2343:    243090.000000           1          -26.2433   
      2344:    243120.000000           1          -26.2450   
      2345:    243150.000000           1          -26.2467   
      2346:    243180.000000           1          -26.2489   
      2347:    243210.000000           1          -26.2503   
      2348:    243240.000000           1          -26.2518   
      2349:    243270.000000           1          -26.2541   
      2350:    243300.000000           1          -26.2566   
      2351:    243330.000000           1          -26.2594   
      2352:    243360.000000           1          -26.2632   
      2353:    243390.000000           1          -26.2664   
      2354:    243420.000000           1          -26.2682   
      2355:    243450.000000           1          -26.2692   
      2356:    243480.000000           1          -26.2703   
      2357:    243510.000000           1          -26.2717   
      2358:    243540.000000           1          -26.2737   
      2359:    243570.000000           1          -26.2754   
      2360:    243600.000000           1          -26.2773   
      2361:    243630.000000           1          -26.2788   
      2362:    243660.000000           1          -26.2805   
      2363:    243690.000000           1          -26.2819   
      2364:    243720.000000           1          -26.2831   
      2365:    243750.000000           1          -26.2845   
      2366:    243780.000000           1          -26.2864   
      2367:    243810.000000           1          -26.2876   
      2368:    243840.000000           1          -26.2889   
      2369:    243870.000000           1          -26.2901   
      2370:    243900.000000           1          -26.2910   
      2371:    243930.000000           1          -26.2916   
      2372:    243960.000000           1          -26.2923   
      2373:    243990.000000           1          -26.2933   
      2374:    244020.000000           1          -26.2953   
      2375:    244050.000000           1          -26.2976   
      2376:    244080.000000           1          -26.2998   
      2377:    244110.000000           1          -26.3018   
      2378:    244140.000000           1          -26.3036   
      2379:    244170.000000           1          -26.3063   
      2380:    244200.000000           1          -26.3096   
      2381:    244230.000000           1          -26.3123   
      2382:    244260.000000           1          -26.3146   
      2383:    244290.000000           1          -26.3164   
      2384:    244320.000000           1          -26.3175   
      2385:    244350.000000           1          -26.3187   
      2386:    244380.000000           1          -26.3200   
      2387:    244410.000000           1          -26.3213   
      2388:    244440.000000           1          -26.3226   
      2389:    244470.000000           1          -26.3249   
      2390:    244500.000000           1          -26.3267   
      2391:    244530.000000           1          -26.3291   
      2392:    244560.000000           1          -26.3318   
      2393:    244590.000000           1          -26.3340   
      2394:    244620.000000           1          -26.3345   
      2395:    244650.000000           1          -26.3340   
      2396:    244680.000000           1          -26.3335   
      2397:    244710.000000           1          -26.3332   
      2398:    244740.000000           1          -26.3332   
      2399:    244770.000000           1          -26.3332   
      2400:    244800.000000           1          -26.3333   
      2401:    244830.000000           1          -26.3342   
      2402:    244860.000000           1          -26.3356   
      2403:    244890.000000           1          -26.3385   
      2404:    244920.000000           1          -26.3417   
      2405:    244950.000000           1          -26.3441   
      2406:    244980.000000           1          -26.3459   
      2407:    245010.000000           1          -26.3475   
      2408:    245040.000000           1          -26.3484   
      2409:    245070.000000           1          -26.3492   
      2410:    245100.000000           1          -26.3499   
      2411:    245130.000000           1          -26.3502   
      2412:    245160.000000           1          -26.3503   
      2413:    245190.000000           1          -26.3498   
      2414:    245220.000000           1          -26.3494   
      2415:    245250.000000           1          -26.3498   
      2416:    245280.000000           1          -26.3504   
      2417:    245310.000000           1          -26.3514   
      2418:    245340.000000           1          -26.3533   
      2419:    245370.000000           1          -26.3549   
      2420:    245400.000000           1          -26.3559   
      2421:    245430.000000           1          -26.3584   
      2422:    245460.000000           1          -26.3604   
      2423:    245490.000000           1          -26.3625   
      2424:    245520.000000           1          -26.3650   
      2425:    245550.000000           1          -26.3679   
      2426:    245580.000000           1          -26.3711   
      2427:    245610.000000           1          -26.3742   
      2428:    245640.000000           1          -26.3754   
      2429:    245670.000000           1          -26.3755   
      2430:    245700.000000           1          -26.3760   
      2431:    245730.000000           1          -26.3762   
      2432:    245760.000000           1          -26.3762   
      2433:    245790.000000           1          -26.3766   
      2434:    245820.000000           1          -26.3770   
      2435:    245850.000000           1          -26.3773   
      2436:    245880.000000           1          -26.3777   
      2437:    245910.000000           1          -26.3784   
      2438:    245940.000000           1          -26.3798   
      2439:    245970.000000           1          -26.3812   
      2440:    246000.000000           1          -26.3825   
      2441:    246030.000000           1          -26.3841   
      2442:    246060.000000           1          -26.3851   
      2443:    246090.000000           1          -26.3852   
      2444:    246120.000000           1          -26.3854   
      2445:    246150.000000           1          -26.3862   
      2446:    246180.000000           1          -26.3873   
      2447:    246210.000000           1          -26.3894   
      2448:    246240.000000           1          -26.3917   
      2449:    246270.000000           1          -26.3936   
      2450:    246300.000000           1          -26.3963   
      2451:    246330.000000           1          -26.3985   
      2452:    246360.000000           1          -26.4011   
      2453:    246390.000000           1          -26.4037   
      2454:    246420.000000           1          -26.4053   
      2455:    246450.000000           1          -26.4067   
      2456:    246480.000000           1          -26.4076   
      2457:    246510.000000           1          -26.4087   
      2458:    246540.000000           1          -26.4101   
      2459:    246570.000000           1          -26.4129   
      2460:    246600.000000           1          -26.4161   
      2461:    246630.000000           1          -26.4176   
      2462:    246660.000000           1          -26.4190   
      2463:    246690.000000           1          -26.4201   
      2464:    246720.000000           1          -26.4216   
      2465:    246750.000000           1          -26.4211   
      2466:    246780.000000           1          -26.4196   
      2467:    246810.000000           1          -26.4187   
      2468:    246840.000000           1          -26.4179   
      2469:    246870.000000           1          -26.4182   
      2470:    246900.000000           1          -26.4190   
      2471:    246930.000000           1          -26.4207   
      2472:    246960.000000           1          -26.4225   
      2473:    246990.000000           1          -26.4242   
      2474:    247020.000000           1          -26.4250   
      2475:    247050.000000           1          -26.4260   
      2476:    247080.000000           1          -26.4282   
      2477:    247110.000000           1          -26.4322   
      2478:    247140.000000           1          -26.4347   
      2479:    247170.000000           1          -26.4364   
      2480:    247200.000000           1          -26.4377   
      2481:    247230.000000           1          -26.4388   
      2482:    247260.000000           1          -26.4396   
      2483:    247290.000000           1          -26.4411   
      2484:    247320.000000           1          -26.4427   
      2485:    247350.000000           1          -26.4438   
      2486:    247380.000000           1          -26.4444   
      2487:    247410.000000           1          -26.4452   
      2488:    247440.000000           1          -26.4450   
      2489:    247470.000000           1          -26.4444   
      2490:    247500.000000           1          -26.4449   
      2491:    247530.000000           1          -26.4452   
      2492:    247560.000000           1          -26.4447   
      2493:    247590.000000           1          -26.4447   
      2494:    247620.000000           1          -26.4461   
      2495:    247650.000000           1          -26.4471   
      2496:    247680.000000           1          -26.4481   
      2497:    247710.000000           1          -26.4488   
      2498:    247740.000000           1          -26.4494   
      2499:    247770.000000           1          -26.4509   
      2500:    247800.000000           1          -26.4527   
      2501:    247830.000000           1          -26.4548   
      2502:    247860.000000           1          -26.4568   
      2503:    247890.000000           1          -26.4588   
      2504:    247920.000000           1          -26.4600   
      2505:    247950.000000           1          -26.4597   
      2506:    247980.000000           1          -26.4599   
      2507:    248010.000000           1          -26.4609   
      2508:    248040.000000           1          -26.4624   
      2509:    248070.000000           1          -26.4645   
      2510:    248100.000000           1          -26.4662   
      2511:    248130.000000           1          -26.4673   
      2512:    248160.000000           1          -26.4672   
      2513:    248190.000000           1          -26.4665   
      2514:    248220.000000           1          -26.4661   
      2515:    248250.000000           1          -26.4653   
      2516:    248280.000000           1          -26.4652   
      2517:    248310.000000           1          -26.4657   
      2518:    248340.000000           1          -26.4660   
      2519:    248370.000000           1          -26.4669   
      2520:    248400.000000           1          -26.4684   
      2521:    248430.000000           1          -26.4696   
      2522:    248460.000000           1          -26.4712   
      2523:    248490.000000           1          -26.4734   
      2524:    248520.000000           1          -26.4756   
      2525:    248550.000000           1          -26.4770   
      2526:    248580.000000           1          -26.4778   
      2527:    248610.000000           1          -26.4786   
      2528:    248640.000000           1          -26.4803   
      2529:    248670.000000           1          -26.4820   
      2530:    248700.000000           1          -26.4831   
      2531:    248730.000000           1          -26.4837   
      2532:    248760.000000           1          -26.4843   
      2533:    248790.000000           1          -26.4850   
      2534:    248820.000000           1          -26.4852   
      2535:    248850.000000           1          -26.4858   
      2536:    248880.000000           1          -26.4873   
      2537:    248910.000000           1          -26.4889   
      2538:    248940.000000           1          -26.4906   
      2539:    248970.000000           1          -26.4918   
      2540:    249000.000000           1          -26.4923   
      2541:    249030.000000           1          -26.4931   
      2542:    249060.000000           1          -26.4937   
      2543:    249090.000000           1          -26.4935   
      2544:    249120.000000           1          -26.4928   
      2545:    249150.000000           1          -26.4926   
      2546:    249180.000000           1          -26.4921   
      2547:    249210.000000           1          -26.4919   
      2548:    249240.000000           1          -26.4927   
      2549:    249270.000000           1          -26.4937   
      2550:    249300.000000           1          -26.4946   
      2551:    249330.000000           1          -26.4965   
      2552:    249360.000000           1          -26.4978   
      2553:    249390.000000           1          -26.4983   
      2554:    249420.000000           1          -26.4982   
      2555:    249450.000000           1          -26.4979   
      2556:    249480.000000           1          -26.4975   
      2557:    249510.000000           1          -26.4973   
      2558:    249540.000000           1          -26.4979   
      2559:    249570.000000           1          -26.4989   
      2560:    249600.000000           1          -26.4991   
      2561:    249630.000000           1          -26.4993   
      2562:    249660.000000           1          -26.4995   
      2563:    249690.000000           1          -26.4997   
      2564:    249720.000000           1          -26.5000   
      2565:    249750.000000           1          -26.5009   
      2566:    249780.000000           1          -26.5018   
      2567:    249810.000000           1          -26.5034   
      2568:    249840.000000           1          -26.5049   
      2569:    249870.000000           1          -26.5060   
      2570:    249900.000000           1          -26.5072   
      2571:    249930.000000           1          -26.5079   
      2572:    249960.000000           1          -26.5076   
      2573:    249990.000000           1          -26.5066   
      2574:    250020.000000           1          -26.5057   
      2575:    250050.000000           1          -26.5049   
      2576:    250080.000000           1          -26.5041   
      2577:    250110.000000           1          -26.5030   
      2578:    250140.000000           1          -26.5021   
      2579:    250170.000000           1          -26.5018   
      2580:    250200.000000           1          -26.5014   
      2581:    250230.000000           1          -26.5011   
      2582:    250260.000000           1          -26.5012   
      2583:    250290.000000           1          -26.5020   
      2584:    250320.000000           1          -26.5029   
      2585:    250350.000000           1          -26.5037   
      2586:    250380.000000           1          -26.5038   
      2587:    250410.000000           1          -26.5044   
      2588:    250440.000000           1          -26.5047   
      2589:    250470.000000           1          -26.5051   
      2590:    250500.000000           1          -26.5049   
      2591:    250530.000000           1          -26.5037   
      2592:    250560.000000           1          -26.5031   
      2593:    250590.000000           1          -26.5026   
      2594:    250620.000000           1          -26.5024   
      2595:    250650.000000           1          -26.5026   
      2596:    250680.000000           1          -26.5030   
      2597:    250710.000000           1          -26.5032   
      2598:    250740.000000           1          -26.5034   
      2599:    250770.000000           1          -26.5024   
      2600:    250800.000000           1          -26.5003   
      2601:    250830.000000           1          -26.4980   
      2602:    250860.000000           1          -26.4955   
      2603:    250890.000000           1          -26.4933   
      2604:    250920.000000           1          -26.4910   
      2605:    250950.000000           1          -26.4887   
      2606:    250980.000000           1          -26.4868   
      2607:    251010.000000           1          -26.4848   
      2608:    251040.000000           1          -26.4825   
      2609:    251070.000000           1          -26.4801   
      2610:    251100.000000           1          -26.4782   
      2611:    251130.000000           1          -26.4766   
      2612:    251160.000000           1          -26.4754   
      2613:    251190.000000           1          -26.4748   
      2614:    251220.000000           1          -26.4739   
      2615:    251250.000000           1          -26.4728   
      2616:    251280.000000           1          -26.4717   
      2617:    251310.000000           1          -26.4712   
      2618:    251340.000000           1          -26.4713   
      2619:    251370.000000           1          -26.4721   
      2620:    251400.000000           1          -26.4737   
      2621:    251430.000000           1          -26.4744   
      2622:    251460.000000           1          -26.4740   
      2623:    251490.000000           1          -26.4728   
      2624:    251520.000000           1          -26.4710   
      2625:    251550.000000           1          -26.4690   
      2626:    251580.000000           1          -26.4676   
      2627:    251610.000000           1          -26.4675   
      2628:    251640.000000           1          -26.4677   
      2629:    251670.000000           1          -26.4688   
      2630:    251700.000000           1          -26.4700   
      2631:    251730.000000           1          -26.4703   
      2632:    251760.000000           1          -26.4703   
      2633:    251790.000000           1          -26.4695   
      2634:    251820.000000           1          -26.4682   
      2635:    251850.000000           1          -26.4660   
      2636:    251880.000000           1          -26.4638   
