        48:    174240.000000           1           24.2888   
        49:    174270.000000           1           24.2979   
        50:    174300.000000           1           24.3269   
        51:    174330.000000           1           24.2890   
        52:    174360.000000           1           24.2571   
        53:    174390.000000           1           24.1999   
        54:    174420.000000           1           24.1654   
        55:    174450.000000           1           24.1211   
        56:    174480.000000           1           24.0551   
        57:    174510.000000           1           23.9985   
        58:    174540.000000           1           23.9457   
        59:    174570.000000           1           23.9279   
        60:    174600.000000           1           23.8943   
        61:    174630.000000           1           23.8375   
        62:    174660.000000           1           23.8131   
        63:    174690.000000           1           23.7779   
        64:    174720.000000           1           23.7635   
        65:    174750.000000           1           23.7211   
        66:    174780.000000           1           23.6616   
        67:    174810.000000           1           23.6254   
        68:    174840.000000           1           23.5825   
        69:    174870.000000           1           23.5415   
        70:    174900.000000           1           23.4789   
        71:    174930.000000           1           23.4285   
        72:    174960.000000           1           23.3819   
        73:    174990.000000           1           23.3332   
        74:    175020.000000           1           23.2949   
        75:    175050.000000           1           23.3022   
        76:    175080.000000           1           23.3169   
        77:    175110.000000           1           23.3043   
        78:    175140.000000           1           23.2796   
        79:    175170.000000           1           23.2509   
        80:    175200.000000           1           23.2391   
        81:    175230.000000           1           23.2496   
        82:    175260.000000           1           23.2548   
        83:    175290.000000           1           23.2573   
        84:    175320.000000           1           23.2606   
        85:    175350.000000           1           23.2686   
        86:    175380.000000           1           23.2546   
        87:    175410.000000           1           23.2603   
        88:    175440.000000           1           23.2772   
        89:    175470.000000           1           23.2858   
        90:    175500.000000           1           23.3047   
        91:    175530.000000           1           23.3451   
        92:    175560.000000           1           23.3719   
        93:    175590.000000           1           23.3932   
        94:    175620.000000           1           23.3797   
        95:    175650.000000           1           23.3248   
        96:    175680.000000           1           23.2818   
        97:    175710.000000           1           23.2546   
        98:    175740.000000           1           23.2533   
        99:    175770.000000           1           23.2589   
       100:    175800.000000           1           23.2645   
       101:    175830.000000           1           23.2820   
       102:    175860.000000           1           23.3042   
       103:    175890.000000           1           23.3352   
       104:    175920.000000           1           23.3508   
       105:    175950.000000           1           23.3469   
       106:    175980.000000           1           23.3302   
       107:    176010.000000           1           23.3019   
       108:    176040.000000           1           23.2798   
       109:    176070.000000           1           23.2501   
       110:    176100.000000           1           23.2275   
       111:    176130.000000           1           23.2282   
       112:    176160.000000           1           23.2297   
       113:    176190.000000           1           23.2444   
       114:    176220.000000           1           23.2617   
       115:    176250.000000           1           23.2735   
       116:    176280.000000           1           23.2796   
       117:    176310.000000           1           23.2675   
       118:    176340.000000           1           23.2403   
       119:    176370.000000           1           23.2096   
       120:    176400.000000           1           23.1773   
       121:    176430.000000           1           23.1447   
       122:    176460.000000           1           23.1205   
       123:    176490.000000           1           23.0966   
       124:    176520.000000           1           23.0709   
       125:    176550.000000           1           23.0502   
       126:    176580.000000           1           23.0411   
       127:    176610.000000           1           23.0396   
       128:    176640.000000           1           23.0318   
       129:    176670.000000           1           23.0146   
       130:    176700.000000           1           22.9910   
       131:    176730.000000           1           22.9617   
       132:    176760.000000           1           22.9335   
       133:    176790.000000           1           22.9097   
       134:    176820.000000           1           22.8888   
       135:    176850.000000           1           22.8789   
       136:    176880.000000           1           22.8651   
       137:    176910.000000           1           22.8400   
       138:    176940.000000           1           22.8206   
       139:    176970.000000           1           22.8205   
       140:    177000.000000           1           22.8341   
       141:    177030.000000           1           22.8531   
       142:    177060.000000           1           22.8730   
       143:    177090.000000           1           22.8878   
       144:    177120.000000           1           22.8973   
       145:    177150.000000           1           22.8995   
       146:    177180.000000           1           22.8881   
       147:    177210.000000           1           22.8713   
       148:    177240.000000           1           22.8489   
       149:    177270.000000           1           22.8382   
       150:    177300.000000           1           22.8360   
       151:    177330.000000           1           22.8378   
       152:    177360.000000           1           22.8414   
       153:    177390.000000           1           22.8470   
       154:    177420.000000           1           22.8536   
       155:    177450.000000           1           22.8594   
       156:    177480.000000           1           22.8522   
       157:    177510.000000           1           22.8474   
       158:    177540.000000           1           22.8522   
       159:    177570.000000           1           22.8618   
       160:    177600.000000           1           22.8760   
       161:    177630.000000           1           22.8985   
       162:    177660.000000           1           22.9146   
       163:    177690.000000           1           22.9180   
       164:    177720.000000           1           22.9146   
       165:    177750.000000           1           22.9142   
       166:    177780.000000           1           22.9076   
       167:    177810.000000           1           22.8954   
       168:    177840.000000           1           22.8802   
       169:    177870.000000           1           22.8682   
       170:    177900.000000           1           22.8610   
       171:    177930.000000           1           22.8668   
       172:    177960.000000           1           22.8693   
       173:    177990.000000           1           22.8726   
       174:    178020.000000           1           22.8792   
       175:    178050.000000           1           22.8895   
       176:    178080.000000           1           22.8954   
       177:    178110.000000           1           22.9016   
       178:    178140.000000           1           22.9079   
       179:    178170.000000           1           22.9068   
       180:    178200.000000           1           22.9027   
       181:    178230.000000           1           22.8954   
       182:    178260.000000           1           22.8847   
       183:    178290.000000           1           22.8846   
       184:    178320.000000           1           22.8915   
       185:    178350.000000           1           22.8960   
       186:    178380.000000           1           22.9001   
       187:    178410.000000           1           22.9088   
       188:    178440.000000           1           22.9178   
       189:    178470.000000           1           22.9180   
       190:    178500.000000           1           22.9077   
       191:    178530.000000           1           22.8971   
       192:    178560.000000           1           22.8866   
       193:    178590.000000           1           22.8770   
       194:    178620.000000           1           22.8734   
       195:    178650.000000           1           22.8734   
       196:    178680.000000           1           22.8771   
       197:    178710.000000           1           22.8853   
       198:    178740.000000           1           22.8903   
       199:    178770.000000           1           22.8816   
       200:    178800.000000           1           22.8718   
       201:    178830.000000           1           22.8631   
       202:    178860.000000           1           22.8543   
       203:    178890.000000           1           22.8390   
       204:    178920.000000           1           22.8239   
       205:    178950.000000           1           22.8006   
       206:    178980.000000           1           22.7722   
       207:    179010.000000           1           22.7597   
       208:    179040.000000           1           22.7570   
       209:    179070.000000           1           22.7658   
       210:    179100.000000           1           22.7857   
       211:    179130.000000           1           22.8115   
       212:    179160.000000           1           22.8448   
       213:    179190.000000           1           22.8760   
       214:    179220.000000           1           22.9066   
       215:    179250.000000           1           22.9359   
       216:    179280.000000           1           22.9676   
       217:    179310.000000           1           22.9871   
       218:    179340.000000           1           22.9988   
       219:    179370.000000           1           23.0143   
       220:    179400.000000           1           23.0321   
       221:    179430.000000           1           23.0492   
       222:    179460.000000           1           23.0606   
       223:    179490.000000           1           23.0627   
       224:    179520.000000           1           23.0434   
       225:    179550.000000           1           23.0061   
       226:    179580.000000           1           22.9614   
       227:    179610.000000           1           22.9166   
       228:    179640.000000           1           22.8766   
       229:    179670.000000           1           22.8479   
       230:    179700.000000           1           22.8353   
       231:    179730.000000           1           22.8249   
       232:    179760.000000           1           22.8126   
       233:    179790.000000           1           22.8039   
       234:    179820.000000           1           22.8043   
       235:    179850.000000           1           22.8126   
       236:    179880.000000           1           22.8240   
       237:    179910.000000           1           22.8410   
       238:    179940.000000           1           22.8552   
       239:    179970.000000           1           22.8673   
       240:    180000.000000           1           22.8772   
       241:    180030.000000           1           22.8810   
       242:    180060.000000           1           22.8786   
       243:    180090.000000           1           22.8677   
       244:    180120.000000           1           22.8586   
       245:    180150.000000           1           22.8420   
       246:    180180.000000           1           22.8241   
       247:    180210.000000           1           22.8076   
       248:    180240.000000           1           22.7865   
       249:    180270.000000           1           22.7701   
       250:    180300.000000           1           22.7502   
       251:    180330.000000           1           22.7200   
       252:    180360.000000           1           22.6779   
       253:    180390.000000           1           22.6347   
       254:    180420.000000           1           22.5970   
       255:    180450.000000           1           22.5721   
       256:    180480.000000           1           22.5588   
       257:    180510.000000           1           22.5529   
       258:    180540.000000           1           22.5507   
       259:    180570.000000           1           22.5501   
       260:    180600.000000           1           22.5435   
       261:    180630.000000           1           22.5342   
       262:    180660.000000           1           22.5293   
       263:    180690.000000           1           22.5279   
       264:    180720.000000           1           22.5323   
       265:    180750.000000           1           22.5354   
       266:    180780.000000           1           22.5415   
       267:    180810.000000           1           22.5484   
       268:    180840.000000           1           22.5486   
       269:    180870.000000           1           22.5519   
       270:    180900.000000           1           22.5591   
       271:    180930.000000           1           22.5643   
       272:    180960.000000           1           22.5687   
       273:    180990.000000           1           22.5702   
       274:    181020.000000           1           22.5638   
       275:    181050.000000           1           22.5539   
       276:    181080.000000           1           22.5452   
       277:    181110.000000           1           22.5338   
       278:    181140.000000           1           22.5272   
       279:    181170.000000           1           22.5257   
       280:    181200.000000           1           22.5224   
       281:    181230.000000           1           22.5154   
       282:    181260.000000           1           22.5051   
       283:    181290.000000           1           22.4857   
       284:    181320.000000           1           22.4619   
       285:    181350.000000           1           22.4456   
       286:    181380.000000           1           22.4311   
       287:    181410.000000           1           22.4152   
       288:    181440.000000           1           22.3958   
       289:    181470.000000           1           22.3783   
       290:    181500.000000           1           22.3638   
       291:    181530.000000           1           22.3510   
       292:    181560.000000           1           22.3358   
       293:    181590.000000           1           22.3236   
       294:    181620.000000           1           22.3155   
       295:    181650.000000           1           22.3118   
       296:    181680.000000           1           22.3091   
       297:    181710.000000           1           22.3059   
       298:    181740.000000           1           22.3023   
       299:    181770.000000           1           22.2942   
       300:    181800.000000           1           22.2857   
       301:    181830.000000           1           22.2705   
       302:    181860.000000           1           22.2544   
       303:    181890.000000           1           22.2438   
       304:    181920.000000           1           22.2400   
       305:    181950.000000           1           22.2388   
       306:    181980.000000           1           22.2335   
       307:    182010.000000           1           22.2229   
       308:    182040.000000           1           22.2149   
       309:    182070.000000           1           22.2037   
       310:    182100.000000           1           22.1999   
       311:    182130.000000           1           22.2044   
       312:    182160.000000           1           22.2075   
       313:    182190.000000           1           22.2116   
       314:    182220.000000           1           22.2171   
       315:    182250.000000           1           22.2309   
       316:    182280.000000           1           22.2406   
       317:    182310.000000           1           22.2462   
       318:    182340.000000           1           22.2443   
       319:    182370.000000           1           22.2318   
       320:    182400.000000           1           22.2166   
       321:    182430.000000           1           22.2049   
       322:    182460.000000           1           22.1969   
       323:    182490.000000           1           22.1871   
       324:    182520.000000           1           22.1823   
       325:    182550.000000           1           22.1711   
       326:    182580.000000           1           22.1589   
       327:    182610.000000           1           22.1530   
       328:    182640.000000           1           22.1450   
       329:    182670.000000           1           22.1352   
       330:    182700.000000           1           22.1289   
       331:    182730.000000           1           22.1306   
       332:    182760.000000           1           22.1308   
       333:    182790.000000           1           22.1319   
       334:    182820.000000           1           22.1251   
       335:    182850.000000           1           22.1161   
       336:    182880.000000           1           22.1035   
       337:    182910.000000           1           22.0961   
       338:    182940.000000           1           22.0891   
       339:    182970.000000           1           22.0791   
       340:    183000.000000           1           22.0717   
       341:    183030.000000           1           22.0610   
       342:    183060.000000           1           22.0474   
       343:    183090.000000           1           22.0405   
       344:    183120.000000           1           22.0355   
       345:    183150.000000           1           22.0264   
       346:    183180.000000           1           22.0188   
       347:    183210.000000           1           22.0162   
       348:    183240.000000           1           22.0175   
       349:    183270.000000           1           22.0211   
       350:    183300.000000           1           22.0221   
       351:    183330.000000           1           22.0216   
       352:    183360.000000           1           22.0200   
       353:    183390.000000           1           22.0153   
       354:    183420.000000           1           22.0076   
       355:    183450.000000           1           22.0048   
       356:    183480.000000           1           21.9960   
       357:    183510.000000           1           21.9874   
       358:    183540.000000           1           21.9810   
       359:    183570.000000           1           21.9793   
       360:    183600.000000           1           21.9773   
       361:    183630.000000           1           21.9779   
       362:    183660.000000           1           21.9764   
       363:    183690.000000           1           21.9769   
       364:    183720.000000           1           21.9750   
       365:    183750.000000           1           21.9723   
       366:    183780.000000           1           21.9706   
       367:    183810.000000           1           21.9670   
       368:    183840.000000           1           21.9593   
       369:    183870.000000           1           21.9529   
       370:    183900.000000           1           21.9452   
       371:    183930.000000           1           21.9371   
       372:    183960.000000           1           21.9252   
       373:    183990.000000           1           21.9132   
       374:    184020.000000           1           21.9030   
       375:    184050.000000           1           21.8966   
       376:    184080.000000           1           21.8955   
       377:    184110.000000           1           21.8904   
       378:    184140.000000           1           21.8850   
       379:    184170.000000           1           21.8859   
       380:    184200.000000           1           21.8910   
       381:    184230.000000           1           21.8988   
       382:    184260.000000           1           21.9127   
       383:    184290.000000           1           21.9262   
       384:    184320.000000           1           21.9328   
       385:    184350.000000           1           21.9353   
       386:    184380.000000           1           21.9317   
       387:    184410.000000           1           21.9209   
       388:    184440.000000           1           21.9065   
       389:    184470.000000           1           21.8924   
       390:    184500.000000           1           21.8807   
       391:    184530.000000           1           21.8725   
       392:    184560.000000           1           21.8708   
       393:    184590.000000           1           21.8666   
       394:    184620.000000           1           21.8661   
       395:    184650.000000           1           21.8731   
       396:    184680.000000           1           21.8896   
       397:    184710.000000           1           21.9078   
       398:    184740.000000           1           21.9230   
       399:    184770.000000           1           21.9397   
       400:    184800.000000           1           21.9597   
       401:    184830.000000           1           21.9718   
       402:    184860.000000           1           21.9752   
       403:    184890.000000           1           21.9725   
       404:    184920.000000           1           21.9652   
       405:    184950.000000           1           21.9517   
       406:    184980.000000           1           21.9379   
       407:    185010.000000           1           21.9226   
       408:    185040.000000           1           21.9061   
       409:    185070.000000           1           21.8942   
       410:    185100.000000           1           21.8862   
       411:    185130.000000           1           21.8773   
       412:    185160.000000           1           21.8683   
       413:    185190.000000           1           21.8634   
       414:    185220.000000           1           21.8611   
       415:    185250.000000           1           21.8591   
       416:    185280.000000           1           21.8567   
       417:    185310.000000           1           21.8586   
       418:    185340.000000           1           21.8616   
       419:    185370.000000           1           21.8599   
       420:    185400.000000           1           21.8585   
       421:    185430.000000           1           21.8547   
       422:    185460.000000           1           21.8514   
       423:    185490.000000           1           21.8451   
       424:    185520.000000           1           21.8361   
       425:    185550.000000           1           21.8295   
       426:    185580.000000           1           21.8227   
       427:    185610.000000           1           21.8155   
       428:    185640.000000           1           21.8115   
       429:    185670.000000           1           21.8076   
       430:    185700.000000           1           21.8040   
       431:    185730.000000           1           21.8015   
       432:    185760.000000           1           21.7957   
       433:    185790.000000           1           21.7876   
       434:    185820.000000           1           21.7765   
       435:    185850.000000           1           21.7635   
       436:    185880.000000           1           21.7516   
       437:    185910.000000           1           21.7414   
       438:    185940.000000           1           21.7343   
       439:    185970.000000           1           21.7254   
       440:    186000.000000           1           21.7178   
       441:    186030.000000           1           21.7091   
       442:    186060.000000           1           21.7014   
       443:    186090.000000           1           21.6938   
       444:    186120.000000           1           21.6848   
       445:    186150.000000           1           21.6752   
       446:    186180.000000           1           21.6665   
       447:    186210.000000           1           21.6582   
       448:    186240.000000           1           21.6512   
       449:    186270.000000           1           21.6407   
       450:    186300.000000           1           21.6336   
       451:    186330.000000           1           21.6306   
       452:    186360.000000           1           21.6299   
       453:    186390.000000           1           21.6297   
       454:    186420.000000           1           21.6267   
       455:    186450.000000           1           21.6233   
       456:    186480.000000           1           21.6195   
       457:    186510.000000           1           21.6154   
       458:    186540.000000           1           21.6125   
       459:    186570.000000           1           21.6084   
       460:    186600.000000           1           21.6025   
       461:    186630.000000           1           21.5977   
       462:    186660.000000           1           21.5931   
       463:    186690.000000           1           21.5886   
       464:    186720.000000           1           21.5827   
       465:    186750.000000           1           21.5774   
       466:    186780.000000           1           21.5713   
       467:    186810.000000           1           21.5650   
       468:    186840.000000           1           21.5594   
       469:    186870.000000           1           21.5547   
       470:    186900.000000           1           21.5513   
       471:    186930.000000           1           21.5455   
       472:    186960.000000           1           21.5418   
       473:    186990.000000           1           21.5397   
       474:    187020.000000           1           21.5380   
       475:    187050.000000           1           21.5380   
       476:    187080.000000           1           21.5350   
       477:    187110.000000           1           21.5295   
       478:    187140.000000           1           21.5267   
       479:    187170.000000           1           21.5235   
       480:    187200.000000           1           21.5195   
       481:    187230.000000           1           21.5150   
       482:    187260.000000           1           21.5126   
       483:    187290.000000           1           21.5127   
       484:    187320.000000           1           21.5130   
       485:    187350.000000           1           21.5152   
       486:    187380.000000           1           21.5203   
       487:    187410.000000           1           21.5263   
       488:    187440.000000           1           21.5302   
       489:    187470.000000           1           21.5327   
       490:    187500.000000           1           21.5327   
       491:    187530.000000           1           21.5312   
       492:    187560.000000           1           21.5279   
       493:    187590.000000           1           21.5251   
       494:    187620.000000           1           21.5167   
       495:    187650.000000           1           21.5114   
       496:    187680.000000           1           21.5081   
       497:    187710.000000           1           21.5040   
       498:    187740.000000           1           21.4991   
       499:    187770.000000           1           21.4950   
       500:    187800.000000           1           21.4935   
       501:    187830.000000           1           21.4871   
       502:    187860.000000           1           21.4758   
       503:    187890.000000           1           21.4662   
       504:    187920.000000           1           21.4610   
       505:    187950.000000           1           21.4556   
       506:    187980.000000           1           21.4481   
       507:    188010.000000           1           21.4398   
       508:    188040.000000           1           21.4335   
       509:    188070.000000           1           21.4244   
       510:    188100.000000           1           21.4145   
       511:    188130.000000           1           21.4098   
       512:    188160.000000           1           21.4114   
       513:    188190.000000           1           21.4120   
       514:    188220.000000           1           21.4091   
       515:    188250.000000           1           21.4054   
       516:    188280.000000           1           21.4029   
       517:    188310.000000           1           21.3966   
       518:    188340.000000           1           21.3878   
       519:    188370.000000           1           21.3765   
       520:    188400.000000           1           21.3652   
       521:    188430.000000           1           21.3565   
       522:    188460.000000           1           21.3527   
       523:    188490.000000           1           21.3491   
       524:    188520.000000           1           21.3428   
       525:    188550.000000           1           21.3383   
       526:    188580.000000           1           21.3351   
       527:    188610.000000           1           21.3303   
       528:    188640.000000           1           21.3247   
       529:    188670.000000           1           21.3158   
       530:    188700.000000           1           21.3085   
       531:    188730.000000           1           21.2991   
       532:    188760.000000           1           21.2914   
       533:    188790.000000           1           21.2877   
       534:    188820.000000           1           21.2830   
       535:    188850.000000           1           21.2721   
       536:    188880.000000           1           21.2586   
       537:    188910.000000           1           21.2479   
       538:    188940.000000           1           21.2416   
       539:    188970.000000           1           21.2376   
       540:    189000.000000           1           21.2344   
       541:    189030.000000           1           21.2328   
       542:    189060.000000           1           21.2297   
       543:    189090.000000           1           21.2271   
       544:    189120.000000           1           21.2282   
       545:    189150.000000           1           21.2255   
       546:    189180.000000           1           21.2234   
       547:    189210.000000           1           21.2231   
       548:    189240.000000           1           21.2204   
       549:    189270.000000           1           21.2174   
       550:    189300.000000           1           21.2167   
       551:    189330.000000           1           21.2147   
       552:    189360.000000           1           21.2144   
       553:    189390.000000           1           21.2169   
       554:    189420.000000           1           21.2181   
       555:    189450.000000           1           21.2184   
       556:    189480.000000           1           21.2176   
       557:    189510.000000           1           21.2166   
       558:    189540.000000           1           21.2152   
       559:    189570.000000           1           21.2139   
       560:    189600.000000           1           21.2088   
       561:    189630.000000           1           21.2049   
       562:    189660.000000           1           21.2012   
       563:    189690.000000           1           21.1972   
       564:    189720.000000           1           21.1923   
       565:    189750.000000           1           21.1864   
       566:    189780.000000           1           21.1816   
       567:    189810.000000           1           21.1799   
       568:    189840.000000           1           21.1764   
       569:    189870.000000           1           21.1719   
       570:    189900.000000           1           21.1715   
       571:    189930.000000           1           21.1730   
       572:    189960.000000           1           21.1723   
       573:    189990.000000           1           21.1679   
       574:    190020.000000           1           21.1623   
       575:    190050.000000           1           21.1568   
       576:    190080.000000           1           21.1497   
       577:    190110.000000           1           21.1465   
       578:    190140.000000           1           21.1454   
       579:    190170.000000           1           21.1440   
       580:    190200.000000           1           21.1461   
       581:    190230.000000           1           21.1450   
       582:    190260.000000           1           21.1415   
       583:    190290.000000           1           21.1385   
       584:    190320.000000           1           21.1364   
       585:    190350.000000           1           21.1361   
       586:    190380.000000           1           21.1381   
       587:    190410.000000           1           21.1409   
       588:    190440.000000           1           21.1409   
       589:    190470.000000           1           21.1416   
       590:    190500.000000           1           21.1439   
       591:    190530.000000           1           21.1461   
       592:    190560.000000           1           21.1516   
       593:    190590.000000           1           21.1590   
       594:    190620.000000           1           21.1675   
       595:    190650.000000           1           21.1781   
       596:    190680.000000           1           21.1867   
       597:    190710.000000           1           21.1898   
       598:    190740.000000           1           21.1904   
       599:    190770.000000           1           21.1890   
       600:    190800.000000           1           21.1855   
       601:    190830.000000           1           21.1791   
       602:    190860.000000           1           21.1710   
       603:    190890.000000           1           21.1628   
       604:    190920.000000           1           21.1523   
       605:    190950.000000           1           21.1423   
       606:    190980.000000           1           21.1313   
       607:    191010.000000           1           21.1239   
       608:    191040.000000           1           21.1201   
       609:    191070.000000           1           21.1190   
       610:    191100.000000           1           21.1205   
       611:    191130.000000           1           21.1230   
       612:    191160.000000           1           21.1263   
       613:    191190.000000           1           21.1294   
       614:    191220.000000           1           21.1303   
       615:    191250.000000           1           21.1305   
       616:    191280.000000           1           21.1323   
       617:    191310.000000           1           21.1329   
       618:    191340.000000           1           21.1335   
       619:    191370.000000           1           21.1374   
       620:    191400.000000           1           21.1416   
       621:    191430.000000           1           21.1449   
       622:    191460.000000           1           21.1470   
       623:    191490.000000           1           21.1461   
       624:    191520.000000           1           21.1416   
       625:    191550.000000           1           21.1365   
       626:    191580.000000           1           21.1341   
       627:    191610.000000           1           21.1312   
       628:    191640.000000           1           21.1280   
       629:    191670.000000           1           21.1266   
       630:    191700.000000           1           21.1265   
       631:    191730.000000           1           21.1265   
       632:    191760.000000           1           21.1277   
       633:    191790.000000           1           21.1302   
       634:    191820.000000           1           21.1319   
       635:    191850.000000           1           21.1300   
       636:    191880.000000           1           21.1264   
       637:    191910.000000           1           21.1214   
       638:    191940.000000           1           21.1175   
       639:    191970.000000           1           21.1160   
       640:    192000.000000           1           21.1149   
       641:    192030.000000           1           21.1133   
       642:    192060.000000           1           21.1139   
       643:    192090.000000           1           21.1144   
       644:    192120.000000           1           21.1130   
       645:    192150.000000           1           21.1093   
       646:    192180.000000           1           21.1062   
       647:    192210.000000           1           21.1030   
       648:    192240.000000           1           21.1013   
       649:    192270.000000           1           21.1009   
       650:    192300.000000           1           21.1022   
       651:    192330.000000           1           21.1073   
       652:    192360.000000           1           21.1131   
       653:    192390.000000           1           21.1176   
       654:    192420.000000           1           21.1234   
       655:    192450.000000           1           21.1305   
       656:    192480.000000           1           21.1359   
       657:    192510.000000           1           21.1372   
       658:    192540.000000           1           21.1377   
       659:    192570.000000           1           21.1378   
       660:    192600.000000           1           21.1386   
       661:    192630.000000           1           21.1375   
       662:    192660.000000           1           21.1340   
       663:    192690.000000           1           21.1288   
       664:    192720.000000           1           21.1245   
       665:    192750.000000           1           21.1213   
       666:    192780.000000           1           21.1165   
       667:    192810.000000           1           21.1142   
       668:    192840.000000           1           21.1138   
       669:    192870.000000           1           21.1140   
       670:    192900.000000           1           21.1178   
       671:    192930.000000           1           21.1247   
       672:    192960.000000           1           21.1332   
       673:    192990.000000           1           21.1400   
       674:    193020.000000           1           21.1446   
       675:    193050.000000           1           21.1480   
       676:    193080.000000           1           21.1468   
       677:    193110.000000           1           21.1444   
       678:    193140.000000           1           21.1438   
       679:    193170.000000           1           21.1432   
       680:    193200.000000           1           21.1412   
       681:    193230.000000           1           21.1394   
       682:    193260.000000           1           21.1401   
       683:    193290.000000           1           21.1401   
       684:    193320.000000           1           21.1387   
       685:    193350.000000           1           21.1373   
       686:    193380.000000           1           21.1361   
       687:    193410.000000           1           21.1392   
       688:    193440.000000           1           21.1437   
       689:    193470.000000           1           21.1443   
       690:    193500.000000           1           21.1440   
       691:    193530.000000           1           21.1435   
       692:    193560.000000           1           21.1436   
       693:    193590.000000           1           21.1430   
       694:    193620.000000           1           21.1409   
       695:    193650.000000           1           21.1363   
       696:    193680.000000           1           21.1308   
       697:    193710.000000           1           21.1257   
       698:    193740.000000           1           21.1207   
       699:    193770.000000           1           21.1179   
       700:    193800.000000           1           21.1150   
       701:    193830.000000           1           21.1117   
       702:    193860.000000           1           21.1098   
       703:    193890.000000           1           21.1065   
       704:    193920.000000           1           21.1027   
       705:    193950.000000           1           21.1000   
       706:    193980.000000           1           21.0968   
       707:    194010.000000           1           21.0950   
       708:    194040.000000           1           21.0954   
       709:    194070.000000           1           21.0951   
       710:    194100.000000           1           21.0944   
       711:    194130.000000           1           21.0922   
       712:    194160.000000           1           21.0881   
       713:    194190.000000           1           21.0867   
       714:    194220.000000           1           21.0864   
       715:    194250.000000           1           21.0841   
       716:    194280.000000           1           21.0805   
       717:    194310.000000           1           21.0774   
       718:    194340.000000           1           21.0737   
       719:    194370.000000           1           21.0712   
       720:    194400.000000           1           21.0693   
       721:    194430.000000           1           21.0689   
       722:    194460.000000           1           21.0698   
       723:    194490.000000           1           21.0726   
       724:    194520.000000           1           21.0738   
       725:    194550.000000           1           21.0730   
       726:    194580.000000           1           21.0721   
       727:    194610.000000           1           21.0699   
       728:    194640.000000           1           21.0665   
       729:    194670.000000           1           21.0644   
       730:    194700.000000           1           21.0625   
       731:    194730.000000           1           21.0609   
       732:    194760.000000           1           21.0589   
       733:    194790.000000           1           21.0556   
       734:    194820.000000           1           21.0535   
       735:    194850.000000           1           21.0555   
       736:    194880.000000           1           21.0594   
       737:    194910.000000           1           21.0627   
       738:    194940.000000           1           21.0637   
       739:    194970.000000           1           21.0635   
       740:    195000.000000           1           21.0616   
       741:    195030.000000           1           21.0575   
       742:    195060.000000           1           21.0543   
       743:    195090.000000           1           21.0515   
       744:    195120.000000           1           21.0511   
       745:    195150.000000           1           21.0507   
       746:    195180.000000           1           21.0505   
       747:    195210.000000           1           21.0524   
       748:    195240.000000           1           21.0568   
       749:    195270.000000           1           21.0582   
       750:    195300.000000           1           21.0551   
       751:    195330.000000           1           21.0512   
       752:    195360.000000           1           21.0475   
       753:    195390.000000           1           21.0435   
       754:    195420.000000           1           21.0408   
       755:    195450.000000           1           21.0365   
       756:    195480.000000           1           21.0355   
       757:    195510.000000           1           21.0366   
       758:    195540.000000           1           21.0388   
       759:    195570.000000           1           21.0407   
       760:    195600.000000           1           21.0419   
       761:    195630.000000           1           21.0429   
       762:    195660.000000           1           21.0425   
       763:    195690.000000           1           21.0407   
       764:    195720.000000           1           21.0384   
       765:    195750.000000           1           21.0356   
       766:    195780.000000           1           21.0305   
       767:    195810.000000           1           21.0252   
       768:    195840.000000           1           21.0219   
       769:    195870.000000           1           21.0212   
       770:    195900.000000           1           21.0243   
       771:    195930.000000           1           21.0282   
       772:    195960.000000           1           21.0307   
       773:    195990.000000           1           21.0338   
       774:    196020.000000           1           21.0360   
       775:    196050.000000           1           21.0375   
       776:    196080.000000           1           21.0377   
       777:    196110.000000           1           21.0375   
       778:    196140.000000           1           21.0376   
       779:    196170.000000           1           21.0383   
       780:    196200.000000           1           21.0404   
       781:    196230.000000           1           21.0413   
       782:    196260.000000           1           21.0403   
       783:    196290.000000           1           21.0387   
       784:    196320.000000           1           21.0366   
       785:    196350.000000           1           21.0356   
       786:    196380.000000           1           21.0340   
       787:    196410.000000           1           21.0310   
       788:    196440.000000           1           21.0269   
       789:    196470.000000           1           21.0236   
       790:    196500.000000           1           21.0196   
       791:    196530.000000           1           21.0182   
       792:    196560.000000           1           21.0196   
       793:    196590.000000           1           21.0223   
       794:    196620.000000           1           21.0255   
       795:    196650.000000           1           21.0292   
       796:    196680.000000           1           21.0317   
       797:    196710.000000           1           21.0327   
       798:    196740.000000           1           21.0316   
       799:    196770.000000           1           21.0299   
       800:    196800.000000           1           21.0275   
       801:    196830.000000           1           21.0261   
       802:    196860.000000           1           21.0262   
       803:    196890.000000           1           21.0287   
       804:    196920.000000           1           21.0328   
       805:    196950.000000           1           21.0345   
       806:    196980.000000           1           21.0346   
       807:    197010.000000           1           21.0342   
       808:    197040.000000           1           21.0340   
       809:    197070.000000           1           21.0348   
       810:    197100.000000           1           21.0362   
       811:    197130.000000           1           21.0386   
       812:    197160.000000           1           21.0381   
       813:    197190.000000           1           21.0402   
       814:    197220.000000           1           21.0393   
       815:    197250.000000           1           21.0328   
       816:    197280.000000           1           21.0339   
       817:    197310.000000           1           21.0392   
       818:    197340.000000           1           21.0398   
       819:    197370.000000           1           21.0335   
       820:    197400.000000           1           21.0308   
       821:    197430.000000           1           21.0345   
       822:    197460.000000           1           21.0427   
       823:    197490.000000           1           21.0537   
       824:    197520.000000           1           21.0628   
       825:    197550.000000           1           21.0664   
       826:    197580.000000           1           21.0671   
       827:    197610.000000           1           21.0678   
