      1059:    204570.000000           1           27.9697   
      1060:    204600.000000           1           28.0084   
      1061:    204630.000000           1           28.0277   
      1062:    204660.000000           1           27.9616   
      1063:    204690.000000           1           27.9412   
      1064:    204720.000000           1           27.9472   
      1065:    204750.000000           1           27.9435   
      1066:    204780.000000           1           27.9472   
      1067:    204810.000000           1           27.9558   
      1068:    204840.000000           1           27.9077   
      1069:    204870.000000           1           27.8849   
      1070:    204900.000000           1           27.8762   
      1071:    204930.000000           1           27.8697   
      1072:    204960.000000           1           27.8826   
      1073:    204990.000000           1           27.8813   
      1074:    205020.000000           1           27.8747   
      1075:    205050.000000           1           27.8821   
      1076:    205080.000000           1           27.8648   
      1077:    205110.000000           1           27.8641   
      1078:    205140.000000           1           27.8755   
      1079:    205170.000000           1           27.8896   
      1080:    205200.000000           1           27.8953   
      1081:    205230.000000           1           27.8941   
      1082:    205260.000000           1           27.8877   
      1083:    205290.000000           1           27.8754   
      1084:    205320.000000           1           27.8695   
      1085:    205350.000000           1           27.8722   
      1086:    205380.000000           1           27.8666   
      1087:    205410.000000           1           27.8632   
      1088:    205440.000000           1           27.8605   
      1089:    205470.000000           1           27.8729   
      1090:    205500.000000           1           27.8792   
      1091:    205530.000000           1           27.8704   
      1092:    205560.000000           1           27.8611   
      1093:    205590.000000           1           27.8604   
      1094:    205620.000000           1           27.8633   
      1095:    205650.000000           1           27.8620   
      1096:    205680.000000           1           27.8575   
      1097:    205710.000000           1           27.8549   
      1098:    205740.000000           1           27.8524   
      1099:    205770.000000           1           27.8503   
      1100:    205800.000000           1           27.8480   
      1101:    205830.000000           1           27.8447   
      1102:    205860.000000           1           27.8447   
      1103:    205890.000000           1           27.8487   
      1104:    205920.000000           1           27.8430   
      1105:    205950.000000           1           27.8359   
      1106:    205980.000000           1           27.8324   
      1107:    206010.000000           1           27.8391   
      1108:    206040.000000           1           27.8425   
      1109:    206070.000000           1           27.8491   
      1110:    206100.000000           1           27.8508   
      1111:    206130.000000           1           27.8581   
      1112:    206160.000000           1           27.8634   
      1113:    206190.000000           1           27.8666   
      1114:    206220.000000           1           27.8617   
      1115:    206250.000000           1           27.8566   
      1116:    206280.000000           1           27.8580   
      1117:    206310.000000           1           27.8641   
      1118:    206340.000000           1           27.8692   
      1119:    206370.000000           1           27.8681   
      1120:    206400.000000           1           27.8610   
      1121:    206430.000000           1           27.8595   
      1122:    206460.000000           1           27.8615   
      1123:    206490.000000           1           27.8633   
      1124:    206520.000000           1           27.8606   
      1125:    206550.000000           1           27.8560   
      1126:    206580.000000           1           27.8549   
      1127:    206610.000000           1           27.8572   
      1128:    206640.000000           1           27.8599   
      1129:    206670.000000           1           27.8599   
      1130:    206700.000000           1           27.8637   
      1131:    206730.000000           1           27.8665   
      1132:    206760.000000           1           27.8679   
      1133:    206790.000000           1           27.8709   
      1134:    206820.000000           1           27.8710   
      1135:    206850.000000           1           27.8708   
      1136:    206880.000000           1           27.8748   
      1137:    206910.000000           1           27.8781   
      1138:    206940.000000           1           27.8795   
      1139:    206970.000000           1           27.8803   
      1140:    207000.000000           1           27.8795   
      1141:    207030.000000           1           27.8819   
      1142:    207060.000000           1           27.8827   
      1143:    207090.000000           1           27.8826   
      1144:    207120.000000           1           27.8862   
      1145:    207150.000000           1           27.8898   
      1146:    207180.000000           1           27.8944   
      1147:    207210.000000           1           27.8984   
      1148:    207240.000000           1           27.8995   
      1149:    207270.000000           1           27.9010   
      1150:    207300.000000           1           27.9037   
      1151:    207330.000000           1           27.9077   
      1152:    207360.000000           1           27.9099   
      1153:    207390.000000           1           27.9132   
      1154:    207420.000000           1           27.9153   
      1155:    207450.000000           1           27.9159   
      1156:    207480.000000           1           27.9135   
      1157:    207510.000000           1           27.9126   
      1158:    207540.000000           1           27.9130   
      1159:    207570.000000           1           27.9124   
      1160:    207600.000000           1           27.9142   
      1161:    207630.000000           1           27.9160   
      1162:    207660.000000           1           27.9162   
      1163:    207690.000000           1           27.9170   
      1164:    207720.000000           1           27.9197   
      1165:    207750.000000           1           27.9217   
      1166:    207780.000000           1           27.9230   
      1167:    207810.000000           1           27.9243   
      1168:    207840.000000           1           27.9253   
      1169:    207870.000000           1           27.9279   
      1170:    207900.000000           1           27.9298   
      1171:    207930.000000           1           27.9295   
      1172:    207960.000000           1           27.9269   
      1173:    207990.000000           1           27.9258   
      1174:    208020.000000           1           27.9262   
      1175:    208050.000000           1           27.9267   
      1176:    208080.000000           1           27.9274   
      1177:    208110.000000           1           27.9276   
      1178:    208140.000000           1           27.9254   
      1179:    208170.000000           1           27.9216   
      1180:    208200.000000           1           27.9173   
      1181:    208230.000000           1           27.9145   
      1182:    208260.000000           1           27.9137   
      1183:    208290.000000           1           27.9169   
      1184:    208320.000000           1           27.9206   
      1185:    208350.000000           1           27.9233   
      1186:    208380.000000           1           27.9238   
      1187:    208410.000000           1           27.9204   
      1188:    208440.000000           1           27.9148   
      1189:    208470.000000           1           27.9088   
      1190:    208500.000000           1           27.9050   
      1191:    208530.000000           1           27.9038   
      1192:    208560.000000           1           27.9039   
      1193:    208590.000000           1           27.9056   
      1194:    208620.000000           1           27.9083   
      1195:    208650.000000           1           27.9134   
      1196:    208680.000000           1           27.9170   
      1197:    208710.000000           1           27.9173   
      1198:    208740.000000           1           27.9168   
      1199:    208770.000000           1           27.9136   
      1200:    208800.000000           1           27.9081   
      1201:    208830.000000           1           27.9041   
      1202:    208860.000000           1           27.9013   
      1203:    208890.000000           1           27.8993   
      1204:    208920.000000           1           27.8970   
      1205:    208950.000000           1           27.8965   
      1206:    208980.000000           1           27.8957   
      1207:    209010.000000           1           27.8956   
      1208:    209040.000000           1           27.8958   
      1209:    209070.000000           1           27.8957   
      1210:    209100.000000           1           27.8953   
      1211:    209130.000000           1           27.8962   
      1212:    209160.000000           1           27.8966   
      1213:    209190.000000           1           27.8983   
      1214:    209220.000000           1           27.9001   
      1215:    209250.000000           1           27.9017   
      1216:    209280.000000           1           27.9038   
      1217:    209310.000000           1           27.9056   
      1218:    209340.000000           1           27.9078   
      1219:    209370.000000           1           27.9101   
      1220:    209400.000000           1           27.9115   
      1221:    209430.000000           1           27.9131   
      1222:    209460.000000           1           27.9138   
      1223:    209490.000000           1           27.9142   
      1224:    209520.000000           1           27.9150   
      1225:    209550.000000           1           27.9166   
      1226:    209580.000000           1           27.9176   
      1227:    209610.000000           1           27.9181   
      1228:    209640.000000           1           27.9191   
      1229:    209670.000000           1           27.9190   
      1230:    209700.000000           1           27.9173   
      1231:    209730.000000           1           27.9156   
      1232:    209760.000000           1           27.9139   
      1233:    209790.000000           1           27.9136   
      1234:    209820.000000           1           27.9131   
      1235:    209850.000000           1           27.9132   
      1236:    209880.000000           1           27.9141   
      1237:    209910.000000           1           27.9152   
      1238:    209940.000000           1           27.9165   
      1239:    209970.000000           1           27.9184   
      1240:    210000.000000           1           27.9205   
      1241:    210030.000000           1           27.9213   
      1242:    210060.000000           1           27.9204   
      1243:    210090.000000           1           27.9192   
      1244:    210120.000000           1           27.9176   
      1245:    210150.000000           1           27.9171   
      1246:    210180.000000           1           27.9176   
      1247:    210210.000000           1           27.9174   
      1248:    210240.000000           1           27.9152   
      1249:    210270.000000           1           27.9107   
      1250:    210300.000000           1           27.9070   
      1251:    210330.000000           1           27.9030   
      1252:    210360.000000           1           27.8984   
      1253:    210390.000000           1           27.8934   
      1254:    210420.000000           1           27.8888   
      1255:    210450.000000           1           27.8832   
      1256:    210480.000000           1           27.8776   
      1257:    210510.000000           1           27.8729   
      1258:    210540.000000           1           27.8679   
      1259:    210570.000000           1           27.8659   
      1260:    210600.000000           1           27.8660   
      1261:    210630.000000           1           27.8660   
      1262:    210660.000000           1           27.8660   
      1263:    210690.000000           1           27.8667   
      1264:    210720.000000           1           27.8687   
      1265:    210750.000000           1           27.8716   
      1266:    210780.000000           1           27.8750   
      1267:    210810.000000           1           27.8775   
      1268:    210840.000000           1           27.8783   
      1269:    210870.000000           1           27.8786   
      1270:    210900.000000           1           27.8791   
      1271:    210930.000000           1           27.8788   
      1272:    210960.000000           1           27.8781   
      1273:    210990.000000           1           27.8775   
      1274:    211020.000000           1           27.8769   
      1275:    211050.000000           1           27.8774   
      1276:    211080.000000           1           27.8781   
      1277:    211110.000000           1           27.8789   
      1278:    211140.000000           1           27.8798   
      1279:    211170.000000           1           27.8815   
      1280:    211200.000000           1           27.8825   
      1281:    211230.000000           1           27.8819   
      1282:    211260.000000           1           27.8796   
      1283:    211290.000000           1           27.8760   
      1284:    211320.000000           1           27.8729   
      1285:    211350.000000           1           27.8699   
      1286:    211380.000000           1           27.8685   
      1287:    211410.000000           1           27.8685   
      1288:    211440.000000           1           27.8692   
      1289:    211470.000000           1           27.8723   
      1290:    211500.000000           1           27.8764   
      1291:    211530.000000           1           27.8800   
      1292:    211560.000000           1           27.8819   
      1293:    211590.000000           1           27.8817   
      1294:    211620.000000           1           27.8808   
      1295:    211650.000000           1           27.8792   
      1296:    211680.000000           1           27.8772   
      1297:    211710.000000           1           27.8775   
      1298:    211740.000000           1           27.8786   
      1299:    211770.000000           1           27.8801   
      1300:    211800.000000           1           27.8838   
      1301:    211830.000000           1           27.8883   
      1302:    211860.000000           1           27.8913   
      1303:    211890.000000           1           27.8929   
      1304:    211920.000000           1           27.8899   
      1305:    211950.000000           1           27.8851   
      1306:    211980.000000           1           27.8808   
      1307:    212010.000000           1           27.8783   
      1308:    212040.000000           1           27.8778   
      1309:    212070.000000           1           27.8793   
      1310:    212100.000000           1           27.8799   
      1311:    212130.000000           1           27.8812   
      1312:    212160.000000           1           27.8831   
      1313:    212190.000000           1           27.8849   
      1314:    212220.000000           1           27.8873   
      1315:    212250.000000           1           27.8899   
      1316:    212280.000000           1           27.8919   
      1317:    212310.000000           1           27.8930   
      1318:    212340.000000           1           27.8939   
      1319:    212370.000000           1           27.8948   
      1320:    212400.000000           1           27.8953   
      1321:    212430.000000           1           27.8950   
      1322:    212460.000000           1           27.8933   
      1323:    212490.000000           1           27.8906   
      1324:    212520.000000           1           27.8880   
      1325:    212550.000000           1           27.8866   
      1326:    212580.000000           1           27.8857   
      1327:    212610.000000           1           27.8844   
      1328:    212640.000000           1           27.8829   
      1329:    212670.000000           1           27.8820   
      1330:    212700.000000           1           27.8812   
      1331:    212730.000000           1           27.8788   
      1332:    212760.000000           1           27.8773   
      1333:    212790.000000           1           27.8758   
      1334:    212820.000000           1           27.8749   
      1335:    212850.000000           1           27.8737   
      1336:    212880.000000           1           27.8715   
      1337:    212910.000000           1           27.8681   
      1338:    212940.000000           1           27.8629   
      1339:    212970.000000           1           27.8582   
      1340:    213000.000000           1           27.8554   
      1341:    213030.000000           1           27.8532   
      1342:    213060.000000           1           27.8504   
      1343:    213090.000000           1           27.8483   
      1344:    213120.000000           1           27.8471   
      1345:    213150.000000           1           27.8462   
      1346:    213180.000000           1           27.8446   
      1347:    213210.000000           1           27.8414   
      1348:    213240.000000           1           27.8385   
      1349:    213270.000000           1           27.8363   
      1350:    213300.000000           1           27.8343   
      1351:    213330.000000           1           27.8343   
      1352:    213360.000000           1           27.8364   
      1353:    213390.000000           1           27.8391   
      1354:    213420.000000           1           27.8419   
      1355:    213450.000000           1           27.8432   
      1356:    213480.000000           1           27.8430   
      1357:    213510.000000           1           27.8426   
      1358:    213540.000000           1           27.8418   
      1359:    213570.000000           1           27.8400   
      1360:    213600.000000           1           27.8395   
      1361:    213630.000000           1           27.8408   
      1362:    213660.000000           1           27.8414   
      1363:    213690.000000           1           27.8412   
      1364:    213720.000000           1           27.8417   
      1365:    213750.000000           1           27.8409   
      1366:    213780.000000           1           27.8394   
      1367:    213810.000000           1           27.8376   
      1368:    213840.000000           1           27.8347   
      1369:    213870.000000           1           27.8304   
      1370:    213900.000000           1           27.8253   
      1371:    213930.000000           1           27.8208   
      1372:    213960.000000           1           27.8169   
      1373:    213990.000000           1           27.8124   
      1374:    214020.000000           1           27.8083   
      1375:    214050.000000           1           27.8045   
      1376:    214080.000000           1           27.7987   
      1377:    214110.000000           1           27.7937   
      1378:    214140.000000           1           27.7913   
      1379:    214170.000000           1           27.7870   
      1380:    214200.000000           1           27.7835   
      1381:    214230.000000           1           27.7816   
      1382:    214260.000000           1           27.7788   
      1383:    214290.000000           1           27.7750   
      1384:    214320.000000           1           27.7707   
      1385:    214350.000000           1           27.7666   
      1386:    214380.000000           1           27.7631   
      1387:    214410.000000           1           27.7604   
      1388:    214440.000000           1           27.7583   
      1389:    214470.000000           1           27.7565   
      1390:    214500.000000           1           27.7559   
      1391:    214530.000000           1           27.7554   
      1392:    214560.000000           1           27.7543   
      1393:    214590.000000           1           27.7525   
      1394:    214620.000000           1           27.7503   
      1395:    214650.000000           1           27.7494   
      1396:    214680.000000           1           27.7478   
      1397:    214710.000000           1           27.7469   
      1398:    214740.000000           1           27.7458   
      1399:    214770.000000           1           27.7447   
      1400:    214800.000000           1           27.7441   
      1401:    214830.000000           1           27.7435   
      1402:    214860.000000           1           27.7426   
      1403:    214890.000000           1           27.7427   
      1404:    214920.000000           1           27.7428   
      1405:    214950.000000           1           27.7425   
      1406:    214980.000000           1           27.7416   
      1407:    215010.000000           1           27.7416   
      1408:    215040.000000           1           27.7407   
      1409:    215070.000000           1           27.7405   
      1410:    215100.000000           1           27.7390   
      1411:    215130.000000           1           27.7373   
      1412:    215160.000000           1           27.7364   
      1413:    215190.000000           1           27.7349   
      1414:    215220.000000           1           27.7328   
      1415:    215250.000000           1           27.7307   
      1416:    215280.000000           1           27.7291   
      1417:    215310.000000           1           27.7285   
      1418:    215340.000000           1           27.7284   
      1419:    215370.000000           1           27.7287   
      1420:    215400.000000           1           27.7283   
      1421:    215430.000000           1           27.7280   
      1422:    215460.000000           1           27.7291   
      1423:    215490.000000           1           27.7321   
      1424:    215520.000000           1           27.7349   
      1425:    215550.000000           1           27.7362   
      1426:    215580.000000           1           27.7372   
      1427:    215610.000000           1           27.7371   
      1428:    215640.000000           1           27.7351   
      1429:    215670.000000           1           27.7326   
      1430:    215700.000000           1           27.7299   
      1431:    215730.000000           1           27.7274   
      1432:    215760.000000           1           27.7252   
      1433:    215790.000000           1           27.7227   
      1434:    215820.000000           1           27.7197   
      1435:    215850.000000           1           27.7162   
      1436:    215880.000000           1           27.7136   
      1437:    215910.000000           1           27.7130   
      1438:    215940.000000           1           27.7128   
      1439:    215970.000000           1           27.7139   
      1440:    216000.000000           1           27.7140   
      1441:    216030.000000           1           27.7137   
      1442:    216060.000000           1           27.7138   
      1443:    216090.000000           1           27.7136   
      1444:    216120.000000           1           27.7143   
      1445:    216150.000000           1           27.7153   
      1446:    216180.000000           1           27.7150   
      1447:    216210.000000           1           27.7142   
      1448:    216240.000000           1           27.7139   
      1449:    216270.000000           1           27.7139   
      1450:    216300.000000           1           27.7118   
      1451:    216330.000000           1           27.7086   
      1452:    216360.000000           1           27.7057   
      1453:    216390.000000           1           27.7024   
      1454:    216420.000000           1           27.6991   
      1455:    216450.000000           1           27.6956   
      1456:    216480.000000           1           27.6928   
      1457:    216510.000000           1           27.6907   
      1458:    216540.000000           1           27.6894   
      1459:    216570.000000           1           27.6885   
      1460:    216600.000000           1           27.6875   
      1461:    216630.000000           1           27.6868   
      1462:    216660.000000           1           27.6870   
      1463:    216690.000000           1           27.6887   
      1464:    216720.000000           1           27.6904   
      1465:    216750.000000           1           27.6910   
      1466:    216780.000000           1           27.6903   
      1467:    216810.000000           1           27.6886   
      1468:    216840.000000           1           27.6868   
      1469:    216870.000000           1           27.6839   
      1470:    216900.000000           1           27.6814   
      1471:    216930.000000           1           27.6807   
      1472:    216960.000000           1           27.6801   
      1473:    216990.000000           1           27.6786   
      1474:    217020.000000           1           27.6764   
      1475:    217050.000000           1           27.6744   
      1476:    217080.000000           1           27.6717   
      1477:    217110.000000           1           27.6680   
      1478:    217140.000000           1           27.6651   
      1479:    217170.000000           1           27.6621   
      1480:    217200.000000           1           27.6595   
      1481:    217230.000000           1           27.6584   
      1482:    217260.000000           1           27.6571   
      1483:    217290.000000           1           27.6562   
      1484:    217320.000000           1           27.6558   
      1485:    217350.000000           1           27.6562   
      1486:    217380.000000           1           27.6567   
      1487:    217410.000000           1           27.6565   
      1488:    217440.000000           1           27.6569   
      1489:    217470.000000           1           27.6564   
      1490:    217500.000000           1           27.6555   
      1491:    217530.000000           1           27.6537   
      1492:    217560.000000           1           27.6513   
      1493:    217590.000000           1           27.6492   
      1494:    217620.000000           1           27.6470   
      1495:    217650.000000           1           27.6468   
      1496:    217680.000000           1           27.6469   
      1497:    217710.000000           1           27.6487   
      1498:    217740.000000           1           27.6506   
      1499:    217770.000000           1           27.6508   
      1500:    217800.000000           1           27.6499   
      1819:    227370.000000           1           76.0141   
      1820:    227400.000000           1           75.9773   
      1821:    227430.000000           1           75.9758   
      1822:    227460.000000           1           75.9657   
      1823:    227490.000000           1           75.9714   
      1824:    227520.000000           1           75.9589   
      1825:    227550.000000           1           75.9814   
      1826:    227580.000000           1           75.9650   
      1827:    227610.000000           1           75.9177   
      1828:    227640.000000           1           75.9117   
      1829:    227670.000000           1           75.9167   
      1830:    227700.000000           1           75.9381   
      1831:    227730.000000           1           75.9590   
      1832:    227760.000000           1           75.9485   
      1833:    227790.000000           1           75.9187   
      1834:    227820.000000           1           75.9103   
      1835:    227850.000000           1           75.9125   
      1836:    227880.000000           1           75.9038   
      1837:    227910.000000           1           75.8846   
      1838:    227940.000000           1           75.8670   
      1839:    227970.000000           1           75.8531   
      1840:    228000.000000           1           75.8235   
      1841:    228030.000000           1           75.7961   
      1842:    228060.000000           1           75.7740   
      1843:    228090.000000           1           75.7609   
      1844:    228120.000000           1           75.7404   
      1845:    228150.000000           1           75.7192   
      1846:    228180.000000           1           75.7042   
      1847:    228210.000000           1           75.6915   
      1848:    228240.000000           1           75.6818   
      1849:    228270.000000           1           75.6807   
      1850:    228300.000000           1           75.6758   
      1851:    228330.000000           1           75.6771   
      1852:    228360.000000           1           75.6764   
      1853:    228390.000000           1           75.6645   
      1854:    228420.000000           1           75.6483   
      1855:    228450.000000           1           75.6315   
      1856:    228480.000000           1           75.6195   
      1857:    228510.000000           1           75.6062   
      1858:    228540.000000           1           75.5938   
      1859:    228570.000000           1           75.5820   
      1860:    228600.000000           1           75.5717   
      1861:    228630.000000           1           75.5630   
      1862:    228660.000000           1           75.5657   
      1863:    228690.000000           1           75.5679   
      1864:    228720.000000           1           75.5666   
      1865:    228750.000000           1           75.5668   
      1866:    228780.000000           1           75.5683   
      1867:    228810.000000           1           75.5721   
      1868:    228840.000000           1           75.5831   
      1869:    228870.000000           1           75.5836   
      1870:    228900.000000           1           75.5821   
      1871:    228930.000000           1           75.5811   
      1872:    228960.000000           1           75.5793   
      1873:    228990.000000           1           75.5808   
      1874:    229020.000000           1           75.5795   
      1875:    229050.000000           1           75.5812   
      1876:    229080.000000           1           75.5814   
      1877:    229110.000000           1           75.5835   
      1878:    229140.000000           1           75.5893   
      1879:    229170.000000           1           75.5899   
      1880:    229200.000000           1           75.5907   
      1881:    229230.000000           1           75.5970   
      1882:    229260.000000           1           75.5950   
      1883:    229290.000000           1           75.5983   
      1884:    229320.000000           1           75.6073   
      1885:    229350.000000           1           75.6122   
      1886:    229380.000000           1           75.6208   
      1887:    229410.000000           1           75.6236   
      1888:    229440.000000           1           75.6308   
      1889:    229470.000000           1           75.6395   
      1890:    229500.000000           1           75.6416   
      1891:    229530.000000           1           75.6440   
      1892:    229560.000000           1           75.6427   
      1893:    229590.000000           1           75.6457   
      1894:    229620.000000           1           75.6503   
      1895:    229650.000000           1           75.6524   
      1896:    229680.000000           1           75.6540   
      1897:    229710.000000           1           75.6569   
      1898:    229740.000000           1           75.6550   
      1899:    229770.000000           1           75.6503   
      1900:    229800.000000           1           75.6418   
      1901:    229830.000000           1           75.6346   
      1902:    229860.000000           1           75.6286   
      1903:    229890.000000           1           75.6251   
      1904:    229920.000000           1           75.6266   
      1905:    229950.000000           1           75.6254   
      1906:    229980.000000           1           75.6237   
      1907:    230010.000000           1           75.6181   
      1908:    230040.000000           1           75.6139   
      1909:    230070.000000           1           75.6047   
      1910:    230100.000000           1           75.5929   
      1911:    230130.000000           1           75.5860   
      1912:    230160.000000           1           75.5782   
      1913:    230190.000000           1           75.5754   
      1914:    230220.000000           1           75.5668   
      1915:    230250.000000           1           75.5649   
      1916:    230280.000000           1           75.5624   
      1917:    230310.000000           1           75.5605   
      1918:    230340.000000           1           75.5582   
      1919:    230370.000000           1           75.5561   
      1920:    230400.000000           1           75.5547   
      1921:    230430.000000           1           75.5561   
      1922:    230460.000000           1           75.5569   
      1923:    230490.000000           1           75.5568   
      1924:    230520.000000           1           75.5562   
      1925:    230550.000000           1           75.5554   
      1926:    230580.000000           1           75.5562   
      1927:    230610.000000           1           75.5572   
      1928:    230640.000000           1           75.5567   
      1929:    230670.000000           1           75.5538   
      1930:    230700.000000           1           75.5522   
      1931:    230730.000000           1           75.5533   
      1932:    230760.000000           1           75.5585   
      1933:    230790.000000           1           75.5628   
      1934:    230820.000000           1           75.5627   
      1935:    230850.000000           1           75.5646   
      1936:    230880.000000           1           75.5670   
      1937:    230910.000000           1           75.5705   
      1938:    230940.000000           1           75.5740   
      1939:    230970.000000           1           75.5768   
      1940:    231000.000000           1           75.5832   
      1941:    231030.000000           1           75.5899   
      1942:    231060.000000           1           75.5972   
      1943:    231090.000000           1           75.6041   
      1944:    231120.000000           1           75.6113   
      1945:    231150.000000           1           75.6170   
      1946:    231180.000000           1           75.6229   
      1947:    231210.000000           1           75.6269   
      1948:    231240.000000           1           75.6324   
      1949:    231270.000000           1           75.6366   
      1950:    231300.000000           1           75.6425   
      1951:    231330.000000           1           75.6473   
      1952:    231360.000000           1           75.6533   
      1953:    231390.000000           1           75.6579   
      1954:    231420.000000           1           75.6623   
      1955:    231450.000000           1           75.6631   
      1956:    231480.000000           1           75.6633   
      1957:    231510.000000           1           75.6638   
      1958:    231540.000000           1           75.6659   
      1959:    231570.000000           1           75.6690   
      1960:    231600.000000           1           75.6728   
      1961:    231630.000000           1           75.6770   
      1962:    231660.000000           1           75.6825   
      1963:    231690.000000           1           75.6875   
      1964:    231720.000000           1           75.6931   
      1965:    231750.000000           1           75.6995   
      1966:    231780.000000           1           75.7063   
      1967:    231810.000000           1           75.7110   
      1968:    231840.000000           1           75.7163   
      1969:    231870.000000           1           75.7213   
      1970:    231900.000000           1           75.7260   
      1971:    231930.000000           1           75.7301   
      1972:    231960.000000           1           75.7347   
      1973:    231990.000000           1           75.7381   
      1974:    232020.000000           1           75.7417   
      1975:    232050.000000           1           75.7453   
      1976:    232080.000000           1           75.7503   
      1977:    232110.000000           1           75.7545   
      1978:    232140.000000           1           75.7597   
      1979:    232170.000000           1           75.7634   
      1980:    232200.000000           1           75.7665   
      1981:    232230.000000           1           75.7686   
      1982:    232260.000000           1           75.7716   
      1983:    232290.000000           1           75.7749   
      1984:    232320.000000           1           75.7790   
      1985:    232350.000000           1           75.7831   
      1986:    232380.000000           1           75.7868   
      1987:    232410.000000           1           75.7910   
      1988:    232440.000000           1           75.7937   
      1989:    232470.000000           1           75.7950   
      1990:    232500.000000           1           75.7957   
      1991:    232530.000000           1           75.7971   
      1992:    232560.000000           1           75.7995   
      1993:    232590.000000           1           75.8018   
      1994:    232620.000000           1           75.8052   
      1995:    232650.000000           1           75.8082   
      1996:    232680.000000           1           75.8119   
      1997:    232710.000000           1           75.8136   
      1998:    232740.000000           1           75.8163   
      1999:    232770.000000           1           75.8203   
      2000:    232800.000000           1           75.8237   
      2001:    232830.000000           1           75.8262   
      2002:    232860.000000           1           75.8287   
      2003:    232890.000000           1           75.8318   
      2004:    232920.000000           1           75.8357   
      2005:    232950.000000           1           75.8401   
      2006:    232980.000000           1           75.8441   
      2007:    233010.000000           1           75.8484   
      2008:    233040.000000           1           75.8533   
      2009:    233070.000000           1           75.8592   
      2010:    233100.000000           1           75.8642   
      2011:    233130.000000           1           75.8706   
      2012:    233160.000000           1           75.8763   
      2013:    233190.000000           1           75.8813   
      2014:    233220.000000           1           75.8866   
      2015:    233250.000000           1           75.8925   
      2016:    233280.000000           1           75.8970   
      2017:    233310.000000           1           75.9020   
      2018:    233340.000000           1           75.9077   
      2019:    233370.000000           1           75.9128   
      2020:    233400.000000           1           75.9171   
      2021:    233430.000000           1           75.9206   
      2022:    233460.000000           1           75.9235   
      2023:    233490.000000           1           75.9266   
      2024:    233520.000000           1           75.9291   
      2025:    233550.000000           1           75.9310   
      2026:    233580.000000           1           75.9328   
      2027:    233610.000000           1           75.9355   
      2028:    233640.000000           1           75.9389   
      2029:    233670.000000           1           75.9432   
      2030:    233700.000000           1           75.9459   
      2031:    233730.000000           1           75.9486   
      2032:    233760.000000           1           75.9518   
      2033:    233790.000000           1           75.9544   
      2034:    233820.000000           1           75.9578   
      2035:    233850.000000           1           75.9621   
      2036:    233880.000000           1           75.9668   
      2037:    233910.000000           1           75.9720   
      2038:    233940.000000           1           75.9766   
      2039:    233970.000000           1           75.9812   
      2040:    234000.000000           1           75.9847   
      2041:    234030.000000           1           75.9854   
      2042:    234060.000000           1           75.9850   
      2043:    234090.000000           1           75.9840   
      2044:    234120.000000           1           75.9832   
      2045:    234150.000000           1           75.9837   
      2046:    234180.000000           1           75.9845   
      2047:    234210.000000           1           75.9863   
      2048:    234240.000000           1           75.9881   
      2049:    234270.000000           1           75.9898   
      2050:    234300.000000           1           75.9903   
      2051:    234330.000000           1           75.9916   
      2052:    234360.000000           1           75.9942   
      2053:    234390.000000           1           75.9956   
      2054:    234420.000000           1           75.9951   
      2055:    234450.000000           1           75.9936   
      2056:    234480.000000           1           75.9920   
      2057:    234510.000000           1           75.9905   
      2058:    234540.000000           1           75.9895   
      2059:    234570.000000           1           75.9894   
      2060:    234600.000000           1           75.9904   
      2061:    234630.000000           1           75.9914   
      2062:    234660.000000           1           75.9918   
      2063:    234690.000000           1           75.9918   
      2064:    234720.000000           1           75.9898   
      2065:    234750.000000           1           75.9863   
      2066:    234780.000000           1           75.9836   
      2067:    234810.000000           1           75.9813   
      2068:    234840.000000           1           75.9771   
      2069:    234870.000000           1           75.9709   
      2070:    234900.000000           1           75.9647   
      2071:    234930.000000           1           75.9600   
      2072:    234960.000000           1           75.9568   
      2073:    234990.000000           1           75.9548   
      2074:    235020.000000           1           75.9527   
      2075:    235050.000000           1           75.9496   
      2076:    235080.000000           1           75.9465   
      2077:    235110.000000           1           75.9432   
      2078:    235140.000000           1           75.9399   
      2079:    235170.000000           1           75.9376   
      2080:    235200.000000           1           75.9368   
      2081:    235230.000000           1           75.9364   
      2082:    235260.000000           1           75.9367   
      2083:    235290.000000           1           75.9375   
      2084:    235320.000000           1           75.9380   
      2085:    235350.000000           1           75.9382   
      2086:    235380.000000           1           75.9400   
      2087:    235410.000000           1           75.9420   
      2088:    235440.000000           1           75.9426   
      2089:    235470.000000           1           75.9422   
      2090:    235500.000000           1           75.9410   
      2091:    235530.000000           1           75.9405   
      2092:    235560.000000           1           75.9405   
      2093:    235590.000000           1           75.9410   
      2094:    235620.000000           1           75.9419   
      2095:    235650.000000           1           75.9429   
      2096:    235680.000000           1           75.9444   
      2097:    235710.000000           1           75.9458   
      2098:    235740.000000           1           75.9467   
      2099:    235770.000000           1           75.9467   
      2100:    235800.000000           1           75.9455   
      2101:    235830.000000           1           75.9443   
      2102:    235860.000000           1           75.9419   
      2103:    235890.000000           1           75.9394   
      2104:    235920.000000           1           75.9374   
      2105:    235950.000000           1           75.9363   
      2106:    235980.000000           1           75.9358   
      2107:    236010.000000           1           75.9365   
      2108:    236040.000000           1           75.9387   
      2109:    236070.000000           1           75.9410   
      2110:    236100.000000           1           75.9435   
      2111:    236130.000000           1           75.9455   
      2112:    236160.000000           1           75.9484   
      2113:    236190.000000           1           75.9515   
      2114:    236220.000000           1           75.9540   
      2115:    236250.000000           1           75.9561   
      2116:    236280.000000           1           75.9590   
      2117:    236310.000000           1           75.9617   
      2118:    236340.000000           1           75.9630   
      2119:    236370.000000           1           75.9639   
      2120:    236400.000000           1           75.9648   
      2121:    236430.000000           1           75.9665   
      2122:    236460.000000           1           75.9674   
      2123:    236490.000000           1           75.9684   
      2124:    236520.000000           1           75.9700   
      2125:    236550.000000           1           75.9716   
      2126:    236580.000000           1           75.9729   
      2127:    236610.000000           1           75.9744   
      2128:    236640.000000           1           75.9771   
      2129:    236670.000000           1           75.9803   
      2130:    236700.000000           1           75.9824   
      2131:    236730.000000           1           75.9831   
      2132:    236760.000000           1           75.9837   
      2133:    236790.000000           1           75.9839   
      2134:    236820.000000           1           75.9838   
      2135:    236850.000000           1           75.9833   
      2136:    236880.000000           1           75.9831   
      2137:    236910.000000           1           75.9836   
      2138:    236940.000000           1           75.9846   
      2139:    236970.000000           1           75.9850   
      2140:    237000.000000           1           75.9852   
      2141:    237030.000000           1           75.9861   
      2142:    237060.000000           1           75.9870   
      2143:    237090.000000           1           75.9882   
      2144:    237120.000000           1           75.9901   
      2145:    237150.000000           1           75.9919   
      2146:    237180.000000           1           75.9935   
      2147:    237210.000000           1           75.9950   
      2148:    237240.000000           1           75.9961   
      2149:    237270.000000           1           75.9976   
      2150:    237300.000000           1           76.0004   
      2151:    237330.000000           1           76.0032   
      2152:    237360.000000           1           76.0055   
      2153:    237390.000000           1           76.0074   
      2154:    237420.000000           1           76.0095   
      2155:    237450.000000           1           76.0100   
      2156:    237480.000000           1           76.0089   
      2157:    237510.000000           1           76.0080   
      2158:    237540.000000           1           76.0069   
      2159:    237570.000000           1           76.0062   
      2160:    237600.000000           1           76.0051   
      2161:    237630.000000           1           76.0031   
      2162:    237660.000000           1           76.0015   
      2163:    237690.000000           1           75.9995   
      2164:    237720.000000           1           75.9979   
      2165:    237750.000000           1           75.9977   
      2166:    237780.000000           1           75.9984   
      2167:    237810.000000           1           75.9991   
      2168:    237840.000000           1           76.0004   
      2169:    237870.000000           1           76.0020   
      2170:    237900.000000           1           76.0035   
      2171:    237930.000000           1           76.0043   
      2172:    237960.000000           1           76.0052   
      2173:    237990.000000           1           76.0066   
      2174:    238020.000000           1           76.0077   
      2175:    238050.000000           1           76.0085   
      2176:    238080.000000           1           76.0092   
      2177:    238110.000000           1           76.0099   
      2178:    238140.000000           1           76.0107   
      2179:    238170.000000           1           76.0110   
      2180:    238200.000000           1           76.0106   
      2181:    238230.000000           1           76.0105   
      2182:    238260.000000           1           76.0102   
      2183:    238290.000000           1           76.0101   
      2184:    238320.000000           1           76.0107   
      2185:    238350.000000           1           76.0114   
      2186:    238380.000000           1           76.0115   
      2187:    238410.000000           1           76.0121   
      2188:    238440.000000           1           76.0138   
      2189:    238470.000000           1           76.0162   
      2190:    238500.000000           1           76.0188   
      2191:    238530.000000           1           76.0215   
      2192:    238560.000000           1           76.0234   
      2193:    238590.000000           1           76.0247   
      2194:    238620.000000           1           76.0246   
      2195:    238650.000000           1           76.0243   
      2196:    238680.000000           1           76.0235   
      2197:    238710.000000           1           76.0220   
      2198:    238740.000000           1           76.0209   
      2199:    238770.000000           1           76.0202   
      2200:    238800.000000           1           76.0199   
      2201:    238830.000000           1           76.0200   
      2202:    238860.000000           1           76.0207   
      2203:    238890.000000           1           76.0220   
      2204:    238920.000000           1           76.0235   
      2205:    238950.000000           1           76.0247   
      2206:    238980.000000           1           76.0252   
      2207:    239010.000000           1           76.0259   
      2208:    239040.000000           1           76.0269   
      2209:    239070.000000           1           76.0279   
      2210:    239100.000000           1           76.0277   
      2211:    239130.000000           1           76.0274   
      2212:    239160.000000           1           76.0270   
      2213:    239190.000000           1           76.0266   
      2214:    239220.000000           1           76.0256   
      2215:    239250.000000           1           76.0244   
      2216:    239280.000000           1           76.0233   
      2217:    239310.000000           1           76.0223   
      2218:    239340.000000           1           76.0212   
      2219:    239370.000000           1           76.0217   
      2220:    239400.000000           1           76.0222   
      2221:    239430.000000           1           76.0221   
      2222:    239460.000000           1           76.0214   
      2223:    239490.000000           1           76.0206   
      2224:    239520.000000           1           76.0204   
      2225:    239550.000000           1           76.0207   
      2226:    239580.000000           1           76.0202   
      2227:    239610.000000           1           76.0193   
      2228:    239640.000000           1           76.0183   
      2229:    239670.000000           1           76.0181   
      2230:    239700.000000           1           76.0179   
      2231:    239730.000000           1           76.0187   
      2232:    239760.000000           1           76.0201   
      2233:    239790.000000           1           76.0219   
      2234:    239820.000000           1           76.0228   
      2235:    239850.000000           1           76.0234   
      2236:    239880.000000           1           76.0245   
      2237:    239910.000000           1           76.0246   
      2238:    239940.000000           1           76.0238   
      2239:    239970.000000           1           76.0223   
      2240:    240000.000000           1           76.0209   
      2241:    240030.000000           1           76.0189   
      2242:    240060.000000           1           76.0170   
      2243:    240090.000000           1           76.0162   
      2244:    240120.000000           1           76.0156   
      2245:    240150.000000           1           76.0160   
      2246:    240180.000000           1           76.0173   
      2247:    240210.000000           1           76.0193   
      2248:    240240.000000           1           76.0208   
      2249:    240270.000000           1           76.0218   
      2250:    240300.000000           1           76.0214   
      2251:    240330.000000           1           76.0198   
      2252:    240360.000000           1           76.0199   
      2253:    240390.000000           1           76.0209   
      2254:    240420.000000           1           76.0206   
      2255:    240450.000000           1           76.0176   
      2256:    240480.000000           1           76.0139   
      2257:    240510.000000           1           76.0116   
      2258:    240540.000000           1           76.0124   
      2259:    240570.000000           1           76.0153   
      2260:    240600.000000           1           76.0177   
      2261:    240630.000000           1           76.0177   
      2262:    240660.000000           1           76.0165   
      2263:    240690.000000           1           76.0164   
      2264:    240720.000000           1           76.0168   
      2265:    240750.000000           1           76.0182   
      2266:    240780.000000           1           76.0182   
      2267:    240810.000000           1           76.0170   
      2268:    240840.000000           1           76.0152   
      2269:    240870.000000           1           76.0131   
      2270:    240900.000000           1           76.0115   
      2271:    240930.000000           1           76.0098   
      2272:    240960.000000           1           76.0085   
      2273:    240990.000000           1           76.0073   
      2274:    241020.000000           1           76.0050   
      2275:    241050.000000           1           76.0043   
      2276:    241080.000000           1           76.0064   
      2277:    241110.000000           1           76.0089   
      2278:    241140.000000           1           76.0102   
      2279:    241170.000000           1           76.0101   
      2280:    241200.000000           1           76.0095   
      2281:    241230.000000           1           76.0087   
      2282:    241260.000000           1           76.0096   
      2283:    241290.000000           1           76.0126   
      2284:    241320.000000           1           76.0160   
      2285:    241350.000000           1           76.0191   
      2286:    241380.000000           1           76.0213   
      2287:    241410.000000           1           76.0214   
      2288:    241440.000000           1           76.0214   
      2289:    241470.000000           1           76.0220   
      2290:    241500.000000           1           76.0230   
      2291:    241530.000000           1           76.0235   
      2292:    241560.000000           1           76.0236   
      2293:    241590.000000           1           76.0234   
      2294:    241620.000000           1           76.0226   
      2295:    241650.000000           1           76.0222   
      2296:    241680.000000           1           76.0225   
      2297:    241710.000000           1           76.0232   
      2298:    241740.000000           1           76.0237   
      2299:    241770.000000           1           76.0234   
      2300:    241800.000000           1           76.0218   
      2301:    241830.000000           1           76.0194   
      2302:    241860.000000           1           76.0177   
      2303:    241890.000000           1           76.0168   
      2304:    241920.000000           1           76.0167   
      2305:    241950.000000           1           76.0173   
      2306:    241980.000000           1           76.0171   
      2307:    242010.000000           1           76.0171   
      2308:    242040.000000           1           76.0163   
      2309:    242070.000000           1           76.0148   
      2310:    242100.000000           1           76.0140   
      2311:    242130.000000           1           76.0137   
      2312:    242160.000000           1           76.0131   
      2313:    242190.000000           1           76.0118   
      2314:    242220.000000           1           76.0104   
      2315:    242250.000000           1           76.0081   
      2316:    242280.000000           1           76.0056   
      2317:    242310.000000           1           76.0026   
      2318:    242340.000000           1           76.0002   
      2319:    242370.000000           1           75.9994   
      2320:    242400.000000           1           75.9987   
      2321:    242430.000000           1           75.9983   
      2322:    242460.000000           1           75.9981   
      2323:    242490.000000           1           75.9969   
      2324:    242520.000000           1           75.9961   
      2325:    242550.000000           1           75.9955   
      2326:    242580.000000           1           75.9939   
      2327:    242610.000000           1           75.9926   
      2328:    242640.000000           1           75.9923   
      2329:    242670.000000           1           75.9917   
      2330:    242700.000000           1           75.9912   
      2331:    242730.000000           1           75.9905   
      2332:    242760.000000           1           75.9898   
      2333:    242790.000000           1           75.9885   
      2334:    242820.000000           1           75.9872   
      2335:    242850.000000           1           75.9855   
      2336:    242880.000000           1           75.9836   
      2337:    242910.000000           1           75.9821   
      2338:    242940.000000           1           75.9800   
      2339:    242970.000000           1           75.9776   
      2340:    243000.000000           1           75.9749   
      2341:    243030.000000           1           75.9725   
      2342:    243060.000000           1           75.9701   
      2343:    243090.000000           1           75.9682   
      2344:    243120.000000           1           75.9666   
      2345:    243150.000000           1           75.9650   
      2346:    243180.000000           1           75.9634   
      2347:    243210.000000           1           75.9624   
      2348:    243240.000000           1           75.9610   
      2349:    243270.000000           1           75.9590   
      2350:    243300.000000           1           75.9567   
      2351:    243330.000000           1           75.9541   
      2352:    243360.000000           1           75.9508   
      2353:    243390.000000           1           75.9483   
      2354:    243420.000000           1           75.9470   
      2355:    243450.000000           1           75.9464   
      2356:    243480.000000           1           75.9457   
      2357:    243510.000000           1           75.9447   
      2358:    243540.000000           1           75.9434   
      2360:    243600.000000           1           75.2938   
      2361:    243630.000000           1           75.4183   
      2362:    243660.000000           1           75.3496   
      2363:    243690.000000           1           75.2222   
      2364:    243720.000000           1           75.2120   
      2365:    243750.000000           1           75.2040   
      2366:    243780.000000           1           75.1618   
      2367:    243810.000000           1           75.1452   
      2368:    243840.000000           1           75.1414   
      2369:    243870.000000           1           75.1383   
      2370:    243900.000000           1           75.1627   
      2371:    243930.000000           1           75.1635   
      2372:    243960.000000           1           75.1311   
      2373:    243990.000000           1           75.1199   
      2374:    244020.000000           1           75.1129   
      2375:    244050.000000           1           75.0823   
