      1183:    208290.000000           1           69.9258   
      1184:    208320.000000           1           69.9654   
      1185:    208350.000000           1           70.0067   
      1186:    208380.000000           1           70.0348   
      1187:    208410.000000           1           70.0107   
      1188:    208440.000000           1           70.0463   
      1189:    208470.000000           1           70.0544   
      1190:    208500.000000           1           70.0422   
      1191:    208530.000000           1           70.0396   
      1192:    208560.000000           1           70.0471   
      1193:    208590.000000           1           70.0484   
      1194:    208620.000000           1           70.0502   
      1195:    208650.000000           1           70.0583   
      1196:    208680.000000           1           70.0649   
      1197:    208710.000000           1           70.0565   
      1198:    208740.000000           1           70.0504   
      1199:    208770.000000           1           70.0427   
      1200:    208800.000000           1           70.0243   
      1201:    208830.000000           1           70.0030   
      1202:    208860.000000           1           69.9911   
      1203:    208890.000000           1           69.9793   
      1204:    208920.000000           1           69.9703   
      1205:    208950.000000           1           69.9642   
      1206:    208980.000000           1           69.9542   
      1207:    209010.000000           1           69.9494   
      1208:    209040.000000           1           69.9492   
      1209:    209070.000000           1           69.9592   
      1210:    209100.000000           1           69.9692   
      1211:    209130.000000           1           69.9779   
      1212:    209160.000000           1           69.9811   
      1213:    209190.000000           1           69.9861   
      1214:    209220.000000           1           69.9859   
      1215:    209250.000000           1           69.9904   
      1216:    209280.000000           1           69.9965   
      1217:    209310.000000           1           70.0017   
      1218:    209340.000000           1           70.0055   
      1219:    209370.000000           1           70.0044   
      1220:    209400.000000           1           70.0034   
      1221:    209430.000000           1           70.0060   
      1222:    209460.000000           1           70.0061   
      1223:    209490.000000           1           70.0045   
      1224:    209520.000000           1           70.0093   
      1225:    209550.000000           1           70.0091   
      1226:    209580.000000           1           70.0071   
      1227:    209610.000000           1           70.0077   
      1228:    209640.000000           1           70.0080   
      1229:    209670.000000           1           70.0061   
      1230:    209700.000000           1           70.0073   
      1231:    209730.000000           1           70.0038   
      1232:    209760.000000           1           70.0005   
      1233:    209790.000000           1           70.0020   
      1234:    209820.000000           1           70.0061   
      1235:    209850.000000           1           70.0134   
      1236:    209880.000000           1           70.0209   
      1237:    209910.000000           1           70.0231   
      1238:    209940.000000           1           70.0282   
      1239:    209970.000000           1           70.0312   
      1240:    210000.000000           1           70.0346   
      1241:    210030.000000           1           70.0331   
      1242:    210060.000000           1           70.0325   
      1243:    210090.000000           1           70.0340   
      1244:    210120.000000           1           70.0352   
      1245:    210150.000000           1           70.0361   
      1246:    210180.000000           1           70.0363   
      1247:    210210.000000           1           70.0358   
      1248:    210240.000000           1           70.0351   
      1249:    210270.000000           1           70.0292   
      1250:    210300.000000           1           70.0285   
      1251:    210330.000000           1           70.0312   
      1252:    210360.000000           1           70.0283   
      1253:    210390.000000           1           70.0272   
      1254:    210420.000000           1           70.0258   
      1255:    210450.000000           1           70.0189   
      1256:    210480.000000           1           70.0146   
      1257:    210510.000000           1           70.0095   
      1258:    210540.000000           1           70.0059   
      1259:    210570.000000           1           70.0023   
      1260:    210600.000000           1           70.0051   
      1261:    210630.000000           1           70.0063   
      1262:    210660.000000           1           70.0112   
      1263:    210690.000000           1           70.0175   
      1264:    210720.000000           1           70.0193   
      1265:    210750.000000           1           70.0257   
      1266:    210780.000000           1           70.0316   
      1267:    210810.000000           1           70.0353   
      1268:    210840.000000           1           70.0357   
      1269:    210870.000000           1           70.0389   
      1270:    210900.000000           1           70.0417   
      1271:    210930.000000           1           70.0448   
      1272:    210960.000000           1           70.0467   
      1273:    210990.000000           1           70.0463   
      1274:    211020.000000           1           70.0471   
      1275:    211050.000000           1           70.0474   
      1276:    211080.000000           1           70.0449   
      1277:    211110.000000           1           70.0461   
      1278:    211140.000000           1           70.0454   
      1279:    211170.000000           1           70.0453   
      1280:    211200.000000           1           70.0451   
      1281:    211230.000000           1           70.0448   
      1282:    211260.000000           1           70.0422   
      1283:    211290.000000           1           70.0393   
      1284:    211320.000000           1           70.0385   
      1285:    211350.000000           1           70.0378   
      1286:    211380.000000           1           70.0390   
      1287:    211410.000000           1           70.0404   
      1288:    211440.000000           1           70.0403   
      1289:    211470.000000           1           70.0416   
      1290:    211500.000000           1           70.0439   
      1291:    211530.000000           1           70.0463   
      1292:    211560.000000           1           70.0464   
      1293:    211590.000000           1           70.0465   
      1294:    211620.000000           1           70.0482   
      1295:    211650.000000           1           70.0502   
      1296:    211680.000000           1           70.0528   
      1297:    211710.000000           1           70.0541   
      1298:    211740.000000           1           70.0557   
      1299:    211770.000000           1           70.0562   
      1300:    211800.000000           1           70.0575   
      1301:    211830.000000           1           70.0609   
      1302:    211860.000000           1           70.0633   
      1303:    211890.000000           1           70.0615   
      1304:    211920.000000           1           70.0570   
      1305:    211950.000000           1           70.0538   
      1306:    211980.000000           1           70.0505   
      1307:    212010.000000           1           70.0485   
      1308:    212040.000000           1           70.0491   
      1309:    212070.000000           1           70.0542   
      1310:    212100.000000           1           70.0574   
      1311:    212130.000000           1           70.0606   
      1312:    212160.000000           1           70.0636   
      1313:    212190.000000           1           70.0672   
      1314:    212220.000000           1           70.0712   
      1315:    212250.000000           1           70.0766   
      1316:    212280.000000           1           70.0791   
      1317:    212310.000000           1           70.0787   
      1318:    212340.000000           1           70.0779   
      1319:    212370.000000           1           70.0769   
      1320:    212400.000000           1           70.0761   
      1321:    212430.000000           1           70.0751   
      1322:    212460.000000           1           70.0727   
      1323:    212490.000000           1           70.0710   
      1324:    212520.000000           1           70.0700   
      1325:    212550.000000           1           70.0687   
      1326:    212580.000000           1           70.0684   
      1327:    212610.000000           1           70.0691   
      1328:    212640.000000           1           70.0688   
      1329:    212670.000000           1           70.0693   
      1330:    212700.000000           1           70.0700   
      1331:    212730.000000           1           70.0705   
      1332:    212760.000000           1           70.0715   
      1333:    212790.000000           1           70.0716   
      1334:    212820.000000           1           70.0714   
      1335:    212850.000000           1           70.0704   
      1336:    212880.000000           1           70.0689   
      1337:    212910.000000           1           70.0670   
      1338:    212940.000000           1           70.0629   
      1339:    212970.000000           1           70.0597   
      1340:    213000.000000           1           70.0581   
      1341:    213030.000000           1           70.0566   
      1342:    213060.000000           1           70.0556   
      1343:    213090.000000           1           70.0545   
      1344:    213120.000000           1           70.0551   
      1345:    213150.000000           1           70.0550   
      1346:    213180.000000           1           70.0543   
      1347:    213210.000000           1           70.0523   
      1348:    213240.000000           1           70.0504   
      1349:    213270.000000           1           70.0503   
      1350:    213300.000000           1           70.0504   
      1351:    213330.000000           1           70.0518   
      1352:    213360.000000           1           70.0548   
      1353:    213390.000000           1           70.0582   
      1354:    213420.000000           1           70.0615   
      1355:    213450.000000           1           70.0634   
      1356:    213480.000000           1           70.0649   
      1357:    213510.000000           1           70.0662   
      1358:    213540.000000           1           70.0660   
      1359:    213570.000000           1           70.0645   
      1360:    213600.000000           1           70.0638   
      1361:    213630.000000           1           70.0653   
      1362:    213660.000000           1           70.0667   
      1363:    213690.000000           1           70.0673   
      1364:    213720.000000           1           70.0680   
      1365:    213750.000000           1           70.0672   
      1366:    213780.000000           1           70.0656   
      1367:    213810.000000           1           70.0642   
      1368:    213840.000000           1           70.0619   
      1369:    213870.000000           1           70.0587   
      1370:    213900.000000           1           70.0544   
      1371:    213930.000000           1           70.0503   
      1372:    213960.000000           1           70.0473   
      1373:    213990.000000           1           70.0438   
      1374:    214020.000000           1           70.0408   
      1375:    214050.000000           1           70.0374   
      1376:    214080.000000           1           70.0334   
      1377:    214110.000000           1           70.0297   
      1378:    214140.000000           1           70.0278   
      1379:    214170.000000           1           70.0243   
      1380:    214200.000000           1           70.0220   
      1381:    214230.000000           1           70.0202   
      1382:    214260.000000           1           70.0183   
      1383:    214290.000000           1           70.0155   
      1384:    214320.000000           1           70.0116   
      1385:    214350.000000           1           70.0078   
      1386:    214380.000000           1           70.0047   
      1387:    214410.000000           1           70.0025   
      1388:    214440.000000           1           70.0012   
      1389:    214470.000000           1           70.0005   
      1390:    214500.000000           1           70.0010   
      1391:    214530.000000           1           70.0024   
      1392:    214560.000000           1           70.0027   
      1393:    214590.000000           1           70.0023   
      1394:    214620.000000           1           70.0016   
      1395:    214650.000000           1           70.0019   
      1396:    214680.000000           1           70.0017   
      1397:    214710.000000           1           70.0019   
      1398:    214740.000000           1           70.0015   
      1399:    214770.000000           1           70.0012   
      1400:    214800.000000           1           70.0009   
      1401:    214830.000000           1           70.0001   
      1402:    214860.000000           1           69.9997   
      1403:    214890.000000           1           69.9999   
      1404:    214920.000000           1           69.9997   
      1405:    214950.000000           1           69.9995   
      1406:    214980.000000           1           69.9989   
      1407:    215010.000000           1           69.9989   
      1408:    215040.000000           1           69.9985   
      1409:    215070.000000           1           69.9985   
      1410:    215100.000000           1           69.9972   
      1411:    215130.000000           1           69.9961   
      1412:    215160.000000           1           69.9957   
      1413:    215190.000000           1           69.9949   
      1414:    215220.000000           1           69.9937   
      1415:    215250.000000           1           69.9921   
      1416:    215280.000000           1           69.9912   
      1417:    215310.000000           1           69.9912   
      1418:    215340.000000           1           69.9914   
      1419:    215370.000000           1           69.9917   
      1420:    215400.000000           1           69.9912   
      1421:    215430.000000           1           69.9912   
      1422:    215460.000000           1           69.9926   
      1423:    215490.000000           1           69.9960   
      1424:    215520.000000           1           69.9991   
      1425:    215550.000000           1           70.0011   
      1426:    215580.000000           1           70.0024   
      1427:    215610.000000           1           70.0026   
      1428:    215640.000000           1           70.0011   
      1429:    215670.000000           1           69.9994   
      1430:    215700.000000           1           69.9977   
      1431:    215730.000000           1           69.9961   
      1432:    215760.000000           1           69.9944   
      1433:    215790.000000           1           69.9921   
      1434:    215820.000000           1           69.9890   
      1435:    215850.000000           1           69.9858   
      1436:    215880.000000           1           69.9837   
      1437:    215910.000000           1           69.9833   
      1438:    215940.000000           1           69.9838   
      1439:    215970.000000           1           69.9852   
      1440:    216000.000000           1           69.9856   
      1441:    216030.000000           1           69.9856   
      1442:    216060.000000           1           69.9858   
      1443:    216090.000000           1           69.9852   
      1444:    216120.000000           1           69.9857   
      1445:    216150.000000           1           69.9866   
      1446:    216180.000000           1           69.9862   
      1447:    216210.000000           1           69.9854   
      1448:    216240.000000           1           69.9853   
      1449:    216270.000000           1           69.9851   
      1450:    216300.000000           1           69.9832   
      1451:    216330.000000           1           69.9804   
      1452:    216360.000000           1           69.9780   
      1453:    216390.000000           1           69.9754   
      1454:    216420.000000           1           69.9721   
      1455:    216450.000000           1           69.9685   
      1456:    216480.000000           1           69.9654   
      1457:    216510.000000           1           69.9628   
      1458:    216540.000000           1           69.9611   
      1459:    216570.000000           1           69.9599   
      1460:    216600.000000           1           69.9590   
      1461:    216630.000000           1           69.9583   
      1462:    216660.000000           1           69.9582   
      1463:    216690.000000           1           69.9597   
      1464:    216720.000000           1           69.9612   
      1465:    216750.000000           1           69.9622   
      1466:    216780.000000           1           69.9621   
      1467:    216810.000000           1           69.9608   
      1468:    216840.000000           1           69.9593   
      1469:    216870.000000           1           69.9566   
      1470:    216900.000000           1           69.9541   
      1471:    216930.000000           1           69.9536   
      1472:    216960.000000           1           69.9533   
      1473:    216990.000000           1           69.9524   
      1474:    217020.000000           1           69.9504   
      1475:    217050.000000           1           69.9484   
      1476:    217080.000000           1           69.9457   
      1477:    217110.000000           1           69.9420   
      1478:    217140.000000           1           69.9391   
      1479:    217170.000000           1           69.9363   
      1480:    217200.000000           1           69.9337   
      1481:    217230.000000           1           69.9324   
      1482:    217260.000000           1           69.9307   
      1483:    217290.000000           1           69.9299   
      1484:    217320.000000           1           69.9297   
      1485:    217350.000000           1           69.9301   
      1486:    217380.000000           1           69.9308   
      1487:    217410.000000           1           69.9311   
      1488:    217440.000000           1           69.9317   
      1489:    217470.000000           1           69.9312   
      1490:    217500.000000           1           69.9308   
      1491:    217530.000000           1           69.9290   
      1492:    217560.000000           1           69.9267   
      1493:    217590.000000           1           69.9247   
      1494:    217620.000000           1           69.9226   
      1495:    217650.000000           1           69.9227   
      1496:    217680.000000           1           69.9228   
      1497:    217710.000000           1           69.9245   
      1498:    217740.000000           1           69.9264   
      1499:    217770.000000           1           69.9263   
      1500:    217800.000000           1           69.9254   
      1501:    217830.000000           1           69.9247   
      1502:    217860.000000           1           69.9258   
      1503:    217890.000000           1           69.9278   
      1504:    217920.000000           1           69.9301   
      1505:    217950.000000           1           69.9339   
      1506:    217980.000000           1           69.9375   
      1507:    218010.000000           1           69.9411   
      1508:    218040.000000           1           69.9445   
      1509:    218070.000000           1           69.9460   
      1510:    218100.000000           1           69.9470   
      1511:    218130.000000           1           69.9474   
      1512:    218160.000000           1           69.9478   
      1513:    218190.000000           1           69.9482   
      1514:    218220.000000           1           69.9493   
      1515:    218250.000000           1           69.9521   
      1516:    218280.000000           1           69.9537   
      1517:    218310.000000           1           69.9539   
      1518:    218340.000000           1           69.9542   
      1519:    218370.000000           1           69.9540   
      1520:    218400.000000           1           69.9546   
      1521:    218430.000000           1           69.9558   
      1522:    218460.000000           1           69.9574   
      1523:    218490.000000           1           69.9594   
      1524:    218520.000000           1           69.9600   
      1525:    218550.000000           1           69.9600   
      1526:    218580.000000           1           69.9598   
      1527:    218610.000000           1           69.9579   
      1528:    218640.000000           1           69.9562   
      1529:    218670.000000           1           69.9550   
      1530:    218700.000000           1           69.9546   
      1531:    218730.000000           1           69.9553   
      1532:    218760.000000           1           69.9566   
      1533:    218790.000000           1           69.9595   
      1534:    218820.000000           1           69.9624   
      1535:    218850.000000           1           69.9642   
      1536:    218880.000000           1           69.9646   
      1537:    218910.000000           1           69.9626   
      1538:    218940.000000           1           69.9597   
      1539:    218970.000000           1           69.9569   
      1540:    219000.000000           1           69.9542   
      1541:    219030.000000           1           69.9532   
      1542:    219060.000000           1           69.9535   
      1543:    219090.000000           1           69.9545   
      1544:    219120.000000           1           69.9566   
      1545:    219150.000000           1           69.9588   
      1546:    219180.000000           1           69.9612   
      1547:    219210.000000           1           69.9620   
      1548:    219240.000000           1           69.9616   
      1549:    219270.000000           1           69.9610   
      1550:    219300.000000           1           69.9601   
      1551:    219330.000000           1           69.9581   
      1552:    219360.000000           1           69.9557   
      1553:    219390.000000           1           69.9541   
      1554:    219420.000000           1           69.9540   
      1555:    219450.000000           1           69.9546   
      1556:    219480.000000           1           69.9547   
      1557:    219510.000000           1           69.9544   
      1558:    219540.000000           1           69.9539   
      1559:    219570.000000           1           69.9534   
      1560:    219600.000000           1           69.9524   
      1561:    219630.000000           1           69.9507   
      1562:    219660.000000           1           69.9477   
      1563:    219690.000000           1           69.9435   
      1564:    219720.000000           1           69.9393   
      1565:    219750.000000           1           69.9360   
      1566:    219780.000000           1           69.9338   
      1567:    219810.000000           1           69.9324   
      1568:    219840.000000           1           69.9317   
      1569:    219870.000000           1           69.9308   
      1570:    219900.000000           1           69.9292   
      1571:    219930.000000           1           69.9284   
      1572:    219960.000000           1           69.9281   
      1573:    219990.000000           1           69.9270   
      1574:    220020.000000           1           69.9252   
      1575:    220050.000000           1           69.9224   
      1576:    220080.000000           1           69.9196   
      1577:    220110.000000           1           69.9171   
      1578:    220140.000000           1           69.9139   
      1579:    220170.000000           1           69.9111   
      1580:    220200.000000           1           69.9090   
      1581:    220230.000000           1           69.9082   
      1582:    220260.000000           1           69.9067   
      1583:    220290.000000           1           69.9053   
      1584:    220320.000000           1           69.9044   
      1585:    220350.000000           1           69.9027   
      1586:    220380.000000           1           69.9014   
      1587:    220410.000000           1           69.9000   
      1588:    220440.000000           1           69.8983   
      1589:    220470.000000           1           69.8959   
      1590:    220500.000000           1           69.8942   
      1591:    220530.000000           1           69.8923   
      1592:    220560.000000           1           69.8908   
      1593:    220590.000000           1           69.8906   
      1594:    220620.000000           1           69.8900   
      1595:    220650.000000           1           69.8894   
      1596:    220680.000000           1           69.8881   
      1597:    220710.000000           1           69.8856   
      1598:    220740.000000           1           69.8833   
      1599:    220770.000000           1           69.8811   
      1600:    220800.000000           1           69.8785   
      1601:    220830.000000           1           69.8756   
      1602:    220860.000000           1           69.8724   
      1603:    220890.000000           1           69.8680   
      1604:    220920.000000           1           69.8644   
      1605:    220950.000000           1           69.8622   
      1606:    220980.000000           1           69.8604   
      1607:    221010.000000           1           69.8580   
      1608:    221040.000000           1           69.8560   
      1609:    221070.000000           1           69.8546   
      1610:    221100.000000           1           69.8533   
      1611:    221130.000000           1           69.8522   
      1612:    221160.000000           1           69.8513   
      1613:    221190.000000           1           69.8502   
      1614:    221220.000000           1           69.8484   
      1615:    221250.000000           1           69.8477   
      1616:    221280.000000           1           69.8476   
      1617:    221310.000000           1           69.8456   
      1618:    221340.000000           1           69.8423   
      1619:    221370.000000           1           69.8381   
      1620:    221400.000000           1           69.8338   
      1621:    221430.000000           1           69.8302   
      1622:    221460.000000           1           69.8268   
      1623:    221490.000000           1           69.8239   
      1624:    221520.000000           1           69.8221   
      1625:    221550.000000           1           69.8204   
      1626:    221580.000000           1           69.8185   
      1627:    221610.000000           1           69.8155   
      1628:    221640.000000           1           69.8117   
      1629:    221670.000000           1           69.8065   
      1630:    221700.000000           1           69.8017   
      1631:    221730.000000           1           69.7982   
      1632:    221760.000000           1           69.7951   
      1633:    221790.000000           1           69.7921   
      1634:    221820.000000           1           69.7892   
      1635:    221850.000000           1           69.7856   
      1636:    221880.000000           1           69.7817   
      1637:    221910.000000           1           69.7778   
      1638:    221940.000000           1           69.7748   
      1639:    221970.000000           1           69.7713   
      1640:    222000.000000           1           69.7670   
      1641:    222030.000000           1           69.7631   
      1642:    222060.000000           1           69.7602   
      1643:    222090.000000           1           69.7583   
      1644:    222120.000000           1           69.7563   
      1645:    222150.000000           1           69.7538   
      1646:    222180.000000           1           69.7516   
      1647:    222210.000000           1           69.7497   
      1648:    222240.000000           1           69.7480   
      1649:    222270.000000           1           69.7470   
      1650:    222300.000000           1           69.7469   
      1651:    222330.000000           1           69.7455   
      1652:    222360.000000           1           69.7431   
      1653:    222390.000000           1           69.7412   
      1654:    222420.000000           1           69.7397   
      1655:    222450.000000           1           69.7384   
      1656:    222480.000000           1           69.7378   
      1657:    222510.000000           1           69.7373   
      1658:    222540.000000           1           69.7369   
      1659:    222570.000000           1           69.7357   
      1660:    222600.000000           1           69.7343   
      1661:    222630.000000           1           69.7328   
      1662:    222660.000000           1           69.7306   
      1663:    222690.000000           1           69.7283   
      1664:    222720.000000           1           69.7254   
      1665:    222750.000000           1           69.7221   
      1666:    222780.000000           1           69.7193   
      1667:    222810.000000           1           69.7164   
      1668:    222840.000000           1           69.7143   
      1669:    222870.000000           1           69.7139   
      1670:    222900.000000           1           69.7134   
      1671:    222930.000000           1           69.7118   
      1672:    222960.000000           1           69.7094   
      1673:    222990.000000           1           69.7055   
      1674:    223020.000000           1           69.7012   
      1675:    223050.000000           1           69.6969   
      1676:    223080.000000           1           69.6927   
      1677:    223110.000000           1           69.6898   
      1678:    223140.000000           1           69.6878   
      1679:    223170.000000           1           69.6845   
      1680:    223200.000000           1           69.6815   
      1681:    223230.000000           1           69.6784   
      1682:    223260.000000           1           69.6764   
      1683:    223290.000000           1           69.6739   
      1684:    223320.000000           1           69.6713   
      1685:    223350.000000           1           69.6690   
      1686:    223380.000000           1           69.6667   
      1687:    223410.000000           1           69.6643   
      1688:    223440.000000           1           69.6632   
      1689:    223470.000000           1           69.6621   
      1690:    223500.000000           1           69.6605   
      1691:    223530.000000           1           69.6583   
      1692:    223560.000000           1           69.6553   
      1693:    223590.000000           1           69.6534   
      1694:    223620.000000           1           69.6527   
      1695:    223650.000000           1           69.6518   
      1696:    223680.000000           1           69.6510   
      1697:    223710.000000           1           69.6503   
      1698:    223740.000000           1           69.6498   
      1699:    223770.000000           1           69.6503   
      1700:    223800.000000           1           69.6505   
      1701:    223830.000000           1           69.6511   
      1702:    223860.000000           1           69.6527   
      1703:    223890.000000           1           69.6548   
      1704:    223920.000000           1           69.6565   
      1705:    223950.000000           1           69.6573   
      1706:    223980.000000           1           69.6565   
      1707:    224010.000000           1           69.6547   
      1708:    224040.000000           1           69.6532   
      1709:    224070.000000           1           69.6523   
      1710:    224100.000000           1           69.6516   
      1711:    224130.000000           1           69.6517   
      1712:    224160.000000           1           69.6526   
      1713:    224190.000000           1           69.6530   
      1714:    224220.000000           1           69.6535   
      1715:    224250.000000           1           69.6530   
      1716:    224280.000000           1           69.6510   
      1717:    224310.000000           1           69.6477   
      1718:    224340.000000           1           69.6440   
      1719:    224370.000000           1           69.6407   
      1720:    224400.000000           1           69.6371   
      1721:    224430.000000           1           69.6332   
      1722:    224460.000000           1           69.6294   
      1723:    224490.000000           1           69.6256   
      1724:    224520.000000           1           69.6225   
      1725:    224550.000000           1           69.6193   
      1726:    224580.000000           1           69.6158   
      1727:    224610.000000           1           69.6119   
      1728:    224640.000000           1           69.6080   
      1729:    224670.000000           1           69.6037   
      1730:    224700.000000           1           69.5995   
      1731:    224730.000000           1           69.5946   
      1732:    224760.000000           1           69.5905   
      1733:    224790.000000           1           69.5871   
      1734:    224820.000000           1           69.5850   
      1735:    224850.000000           1           69.5839   
      1736:    224880.000000           1           69.5823   
      1737:    224910.000000           1           69.5815   
      1738:    224940.000000           1           69.5804   
      1739:    224970.000000           1           69.5794   
      1740:    225000.000000           1           69.5774   
      1741:    225030.000000           1           69.5744   
      1742:    225060.000000           1           69.5716   
      1743:    225090.000000           1           69.5691   
      1744:    225120.000000           1           69.5670   
      1745:    225150.000000           1           69.5656   
      1746:    225180.000000           1           69.5640   
      1747:    225210.000000           1           69.5626   
      1748:    225240.000000           1           69.5604   
      1749:    225270.000000           1           69.5577   
      1750:    225300.000000           1           69.5551   
      1751:    225330.000000           1           69.5534   
      1752:    225360.000000           1           69.5522   
      1753:    225390.000000           1           69.5502   
      1754:    225420.000000           1           69.5468   
      1755:    225450.000000           1           69.5430   
      1756:    225480.000000           1           69.5394   
      1757:    225510.000000           1           69.5357   
      1758:    225540.000000           1           69.5318   
      1759:    225570.000000           1           69.5292   
      1760:    225600.000000           1           69.5267   
      1761:    225630.000000           1           69.5254   
      1762:    225660.000000           1           69.5243   
      1763:    225690.000000           1           69.5236   
      1764:    225720.000000           1           69.5226   
      1765:    225750.000000           1           69.5204   
      1766:    225780.000000           1           69.5185   
      1767:    225810.000000           1           69.5168   
      1768:    225840.000000           1           69.5157   
      1769:    225870.000000           1           69.5162   
      1770:    225900.000000           1           69.5167   
      1771:    225930.000000           1           69.5164   
      1772:    225960.000000           1           69.5155   
      1773:    225990.000000           1           69.5146   
      1774:    226020.000000           1           69.5138   
      1775:    226050.000000           1           69.5124   
      1776:    226080.000000           1           69.5108   
      1777:    226110.000000           1           69.5086   
      1778:    226140.000000           1           69.5061   
      1779:    226170.000000           1           69.5042   
      1780:    226200.000000           1           69.5038   
      1781:    226230.000000           1           69.5037   
      1782:    226260.000000           1           69.5032   
      1783:    226290.000000           1           69.5028   
      1784:    226320.000000           1           69.5016   
      1785:    226350.000000           1           69.5000   
      1786:    226380.000000           1           69.4982   
      1787:    226410.000000           1           69.4961   
      1788:    226440.000000           1           69.4933   
      1789:    226470.000000           1           69.4903   
      1790:    226500.000000           1           69.4875   
      1791:    226530.000000           1           69.4857   
      1792:    226560.000000           1           69.4847   
      1793:    226590.000000           1           69.4833   
      1794:    226620.000000           1           69.4820   
      1795:    226650.000000           1           69.4811   
      1796:    226680.000000           1           69.4805   
      1797:    226710.000000           1           69.4797   
      1798:    226740.000000           1           69.4793   
      1799:    226770.000000           1           69.4801   
      1800:    226800.000000           1           69.4813   
      1801:    226830.000000           1           69.4821   
      1802:    226860.000000           1           69.4829   
      1803:    226890.000000           1           69.4827   
      1804:    226920.000000           1           69.4825   
      1805:    226950.000000           1           69.4817   
      1806:    226980.000000           1           69.4798   
      1807:    227010.000000           1           69.4774   
      1808:    227040.000000           1           69.4752   
      1809:    227070.000000           1           69.4738   
      1810:    227100.000000           1           69.4730   
      1811:    227130.000000           1           69.4731   
      1812:    227160.000000           1           69.4738   
      1813:    227190.000000           1           69.4745   
      1814:    227220.000000           1           69.4751   
      1815:    227250.000000           1           69.4755   
      1816:    227280.000000           1           69.4755   
      1817:    227310.000000           1           69.4756   
      1818:    227340.000000           1           69.4763   
      1819:    227370.000000           1           69.4779   
      1820:    227400.000000           1           69.4798   
      1821:    227430.000000           1           69.4821   
      1822:    227460.000000           1           69.4845   
      1823:    227490.000000           1           69.4853   
      1824:    227520.000000           1           69.4851   
      1825:    227550.000000           1           69.4851   
      1826:    227580.000000           1           69.4861   
      1827:    227610.000000           1           69.4872   
      1828:    227640.000000           1           69.4883   
      1829:    227670.000000           1           69.4890   
      1830:    227700.000000           1           69.4898   
      1831:    227730.000000           1           69.4904   
      1832:    227760.000000           1           69.4913   
      1833:    227790.000000           1           69.4914   
      1834:    227820.000000           1           69.4913   
      1835:    227850.000000           1           69.4921   
      1836:    227880.000000           1           69.4934   
      1837:    227910.000000           1           69.4949   
      1838:    227940.000000           1           69.4967   
      1839:    227970.000000           1           69.4982   
      1840:    228000.000000           1           69.4991   
      1841:    228030.000000           1           69.4993   
      1842:    228060.000000           1           69.4988   
      1843:    228090.000000           1           69.4978   
      1844:    228120.000000           1           69.4972   
      1845:    228150.000000           1           69.4972   
      1846:    228180.000000           1           69.4966   
      1847:    228210.000000           1           69.4969   
      1848:    228240.000000           1           69.4979   
      1849:    228270.000000           1           69.4988   
      1850:    228300.000000           1           69.5002   
      1851:    228330.000000           1           69.5020   
      1852:    228360.000000           1           69.5046   
      1853:    228390.000000           1           69.5071   
      1854:    228420.000000           1           69.5089   
      1855:    228450.000000           1           69.5096   
      1856:    228480.000000           1           69.5095   
      1857:    228510.000000           1           69.5091   
      1858:    228540.000000           1           69.5084   
      1859:    228570.000000           1           69.5074   
      1860:    228600.000000           1           69.5070   
      1861:    228630.000000           1           69.5071   
      1862:    228660.000000           1           69.5073   
      1863:    228690.000000           1           69.5085   
      1864:    228720.000000           1           69.5108   
      1865:    228750.000000           1           69.5147   
      1866:    228780.000000           1           69.5195   
      1867:    228810.000000           1           69.5244   
      1868:    228840.000000           1           69.5296   
      1869:    228870.000000           1           69.5348   
      1870:    228900.000000           1           69.5399   
      1871:    228930.000000           1           69.5442   
      1872:    228960.000000           1           69.5469   
      1873:    228990.000000           1           69.5485   
      1874:    229020.000000           1           69.5499   
      1875:    229050.000000           1           69.5505   
      1876:    229080.000000           1           69.5506   
      1877:    229110.000000           1           69.5510   
      1878:    229140.000000           1           69.5521   
      1879:    229170.000000           1           69.5537   
      1880:    229200.000000           1           69.5554   
      1881:    229230.000000           1           69.5573   
      1882:    229260.000000           1           69.5599   
      1883:    229290.000000           1           69.5622   
      1884:    229320.000000           1           69.5652   
      1885:    229350.000000           1           69.5688   
      1886:    229380.000000           1           69.5717   
      1887:    229410.000000           1           69.5745   
      1888:    229440.000000           1           69.5769   
      1889:    229470.000000           1           69.5791   
      1890:    229500.000000           1           69.5807   
      1891:    229530.000000           1           69.5830   
      1892:    229560.000000           1           69.5851   
      1893:    229590.000000           1           69.5871   
      1894:    229620.000000           1           69.5891   
      1895:    229650.000000           1           69.5915   
      1896:    229680.000000           1           69.5942   
      1897:    229710.000000           1           69.5973   
      1898:    229740.000000           1           69.6002   
      1899:    229770.000000           1           69.6039   
      1900:    229800.000000           1           69.6083   
      1901:    229830.000000           1           69.6114   
      1902:    229860.000000           1           69.6136   
      1903:    229890.000000           1           69.6155   
      1904:    229920.000000           1           69.6171   
