         0:    172800.000000           1          -52.5616   
         1:    172830.000000           1           -1.3038   
         2:    172860.000000           1          -15.4977   
         3:    172890.000000           1          -22.3364   
         4:    172920.000000           1          -25.0896   
         5:    172950.000000           1          -27.6429   
         6:    172980.000000           1          -28.9465   
         7:    173010.000000           1          -29.6059   
         8:    173040.000000           1          -30.2872   
         9:    173070.000000           1          -30.3371   
        10:    173100.000000           1          -30.6643   
        11:    173130.000000           1          -31.0154   
        12:    173160.000000           1          -31.3534   
        13:    173190.000000           1          -31.4194   
        14:    173220.000000           1          -31.6151   
        15:    173250.000000           1          -31.6778   
        16:    173280.000000           1          -31.8773   
        17:    173310.000000           1          -32.1109   
        18:    173340.000000           1          -32.2183   
        19:    173370.000000           1          -32.3247   
        20:    173400.000000           1          -32.3054   
        21:    173430.000000           1          -32.1927   
        22:    173460.000000           1          -32.1174   
        23:    173490.000000           1          -32.0554   
        24:    173520.000000           1          -32.0011   
        25:    173550.000000           1          -32.0721   
        26:    173580.000000           1          -32.1158   
        27:    173610.000000           1          -32.2377   
        28:    173640.000000           1          -32.2702   
        29:    173670.000000           1          -32.3105   
        30:    173700.000000           1          -32.3512   
        31:    173730.000000           1          -32.3917   
        32:    173760.000000           1          -32.4353   
        33:    173790.000000           1          -32.4541   
        34:    173820.000000           1          -32.4084   
        35:    173850.000000           1          -32.3865   
        36:    173880.000000           1          -32.3976   
        37:    173910.000000           1          -32.4525   
        38:    173940.000000           1          -32.5576   
        39:    173970.000000           1          -32.6843   
        40:    174000.000000           1          -32.8101   
        41:    174030.000000           1          -32.8721   
        42:    174060.000000           1          -32.8741   
        43:    174090.000000           1          -32.8455   
        44:    174120.000000           1          -32.8696   
        45:    174150.000000           1          -32.9356   
        46:    174180.000000           1          -33.0270   
        47:    174210.000000           1          -33.1078   
        48:    174240.000000           1          -33.1444   
        49:    174270.000000           1          -33.1433   
        50:    174300.000000           1          -33.1575   
        51:    174330.000000           1          -33.1754   
        52:    174360.000000           1          -33.1734   
        53:    174390.000000           1          -33.1903   
        54:    174420.000000           1          -33.2141   
        55:    174450.000000           1          -33.2666   
        56:    174480.000000           1          -33.3542   
        57:    174510.000000           1          -33.4179   
        58:    174540.000000           1          -33.4685   
        59:    174570.000000           1          -33.4860   
        60:    174600.000000           1          -33.4970   
        61:    174630.000000           1          -33.5212   
        62:    174660.000000           1          -33.5270   
        63:    174690.000000           1          -33.5501   
        64:    174720.000000           1          -33.5911   
        65:    174750.000000           1          -33.6330   
        66:    174780.000000           1          -33.6811   
        67:    174810.000000           1          -33.7254   
        68:    174840.000000           1          -33.7750   
        69:    174870.000000           1          -33.8094   
        70:    174900.000000           1          -33.8324   
        71:    174930.000000           1          -33.8626   
        72:    174960.000000           1          -33.8966   
        73:    174990.000000           1          -33.9222   
        75:    175050.000000           1          -34.1188   
      2099:    235770.000000           1         -130.3145   
      2100:    235800.000000           1         -130.3688   
      2101:    235830.000000           1         -130.3931   
      2102:    235860.000000           1         -130.3498   
      2103:    235890.000000           1         -130.3509   
      2104:    235920.000000           1         -130.3656   
      2105:    235950.000000           1         -130.3946   
      2106:    235980.000000           1         -130.3944   
      2107:    236010.000000           1         -130.3671   
      2108:    236040.000000           1         -130.2836   
      2109:    236070.000000           1         -130.2098   
      2110:    236100.000000           1         -130.1403   
      2111:    236130.000000           1         -130.0738   
      2112:    236160.000000           1         -130.0169   
      2113:    236190.000000           1         -129.9696   
      2114:    236220.000000           1         -129.9257   
      2115:    236250.000000           1         -129.8775   
      2116:    236280.000000           1         -129.8349   
      2117:    236310.000000           1         -129.7950   
      2118:    236340.000000           1         -129.7684   
      2119:    236370.000000           1         -129.7397   
      2120:    236400.000000           1         -129.7163   
      2121:    236430.000000           1         -129.6921   
      2122:    236460.000000           1         -129.6608   
      2123:    236490.000000           1         -129.6165   
      2124:    236520.000000           1         -129.5766   
      2125:    236550.000000           1         -129.5454   
      2126:    236580.000000           1         -129.5263   
      2127:    236610.000000           1         -129.5058   
      2128:    236640.000000           1         -129.4983   
      2129:    236670.000000           1         -129.4871   
      2130:    236700.000000           1         -129.4656   
      2131:    236730.000000           1         -129.4397   
      2132:    236760.000000           1         -129.4189   
      2133:    236790.000000           1         -129.4050   
      2134:    236820.000000           1         -129.3826   
      2135:    236850.000000           1         -129.3637   
      2136:    236880.000000           1         -129.3495   
      2137:    236910.000000           1         -129.3320   
      2138:    236940.000000           1         -129.3104   
      2139:    236970.000000           1         -129.2851   
      2140:    237000.000000           1         -129.2562   
      2141:    237030.000000           1         -129.2343   
      2142:    237060.000000           1         -129.2124   
      2143:    237090.000000           1         -129.1941   
      2144:    237120.000000           1         -129.1729   
      2145:    237150.000000           1         -129.1630   
      2146:    237180.000000           1         -129.1422   
      2147:    237210.000000           1         -129.1146   
      2148:    237240.000000           1         -129.0862   
      2149:    237270.000000           1         -129.0666   
      2150:    237300.000000           1         -129.0439   
      2151:    237330.000000           1         -129.0245   
      2152:    237360.000000           1         -129.0078   
      2153:    237390.000000           1         -129.0023   
      2154:    237420.000000           1         -129.0015   
      2155:    237450.000000           1         -129.0017   
      2156:    237480.000000           1         -128.9997   
      2157:    237510.000000           1         -128.9967   
      2158:    237540.000000           1         -128.9875   
      2159:    237570.000000           1         -128.9838   
      2160:    237600.000000           1         -128.9855   
      2161:    237630.000000           1         -128.9860   
      2162:    237660.000000           1         -128.9806   
      2163:    237690.000000           1         -128.9716   
      2164:    237720.000000           1         -128.9667   
      2165:    237750.000000           1         -128.9659   
      2166:    237780.000000           1         -128.9649   
      2167:    237810.000000           1         -128.9683   
      2168:    237840.000000           1         -128.9741   
      2169:    237870.000000           1         -128.9733   
      2170:    237900.000000           1         -128.9767   
      2171:    237930.000000           1         -128.9775   
      2172:    237960.000000           1         -128.9750   
      2173:    237990.000000           1         -128.9698   
      2174:    238020.000000           1         -128.9682   
      2175:    238050.000000           1         -128.9677   
      2176:    238080.000000           1         -128.9684   
      2177:    238110.000000           1         -128.9693   
      2178:    238140.000000           1         -128.9731   
      2179:    238170.000000           1         -128.9754   
      2180:    238200.000000           1         -128.9771   
      2181:    238230.000000           1         -128.9791   
      2182:    238260.000000           1         -128.9771   
      2183:    238290.000000           1         -128.9793   
      2184:    238320.000000           1         -128.9833   
      2185:    238350.000000           1         -128.9899   
      2186:    238380.000000           1         -128.9973   
      2187:    238410.000000           1         -129.0001   
      2188:    238440.000000           1         -129.0026   
      2189:    238470.000000           1         -129.0066   
      2190:    238500.000000           1         -129.0065   
      2191:    238530.000000           1         -129.0066   
      2192:    238560.000000           1         -129.0085   
      2193:    238590.000000           1         -129.0123   
      2194:    238620.000000           1         -129.0149   
      2195:    238650.000000           1         -129.0218   
      2196:    238680.000000           1         -129.0284   
      2197:    238710.000000           1         -129.0343   
      2198:    238740.000000           1         -129.0368   
      2199:    238770.000000           1         -129.0409   
      2200:    238800.000000           1         -129.0468   
      2201:    238830.000000           1         -129.0519   
      2202:    238860.000000           1         -129.0538   
      2203:    238890.000000           1         -129.0579   
      2204:    238920.000000           1         -129.0608   
      2205:    238950.000000           1         -129.0669   
      2206:    238980.000000           1         -129.0711   
      2207:    239010.000000           1         -129.0764   
      2208:    239040.000000           1         -129.0816   
      2209:    239070.000000           1         -129.0845   
      2210:    239100.000000           1         -129.0843   
      2211:    239130.000000           1         -129.0815   
      2212:    239160.000000           1         -129.0799   
      2213:    239190.000000           1         -129.0811   
      2214:    239220.000000           1         -129.0823   
      2215:    239250.000000           1         -129.0851   
      2216:    239280.000000           1         -129.0876   
      2217:    239310.000000           1         -129.0902   
      2218:    239340.000000           1         -129.0874   
      2219:    239370.000000           1         -129.0859   
      2220:    239400.000000           1         -129.0855   
      2221:    239430.000000           1         -129.0873   
      2222:    239460.000000           1         -129.0898   
      2223:    239490.000000           1         -129.0940   
      2224:    239520.000000           1         -129.0973   
      2225:    239550.000000           1         -129.0993   
      2226:    239580.000000           1         -129.1016   
      2227:    239610.000000           1         -129.1036   
      2228:    239640.000000           1         -129.1039   
      2229:    239670.000000           1         -129.1053   
      2230:    239700.000000           1         -129.1063   
      2231:    239730.000000           1         -129.1081   
      2232:    239760.000000           1         -129.1064   
      2233:    239790.000000           1         -129.1028   
      2234:    239820.000000           1         -129.0989   
      2235:    239850.000000           1         -129.0977   
      2236:    239880.000000           1         -129.0948   
      2237:    239910.000000           1         -129.0894   
      2238:    239940.000000           1         -129.0832   
      2239:    239970.000000           1         -129.0758   
      2240:    240000.000000           1         -129.0688   
      2241:    240030.000000           1         -129.0612   
      2242:    240060.000000           1         -129.0545   
      2243:    240090.000000           1         -129.0452   
      2244:    240120.000000           1         -129.0379   
      2245:    240150.000000           1         -129.0328   
      2246:    240180.000000           1         -129.0254   
      2247:    240210.000000           1         -129.0192   
      2248:    240240.000000           1         -129.0142   
      2249:    240270.000000           1         -129.0090   
      2250:    240300.000000           1         -129.0048   
      2251:    240330.000000           1         -129.0030   
      2252:    240360.000000           1         -128.9988   
      2253:    240390.000000           1         -128.9942   
      2254:    240420.000000           1         -128.9884   
      2255:    240450.000000           1         -128.9860   
      2256:    240480.000000           1         -128.9826   
      2257:    240510.000000           1         -128.9778   
      2258:    240540.000000           1         -128.9710   
      2259:    240570.000000           1         -128.9631   
      2260:    240600.000000           1         -128.9550   
      2261:    240630.000000           1         -128.9500   
      2262:    240660.000000           1         -128.9464   
      2263:    240690.000000           1         -128.9415   
      2264:    240720.000000           1         -128.9354   
      2265:    240750.000000           1         -128.9292   
      2266:    240780.000000           1         -128.9250   
      2267:    240810.000000           1         -128.9213   
      2268:    240840.000000           1         -128.9208   
      2269:    240870.000000           1         -128.9204   
      2270:    240900.000000           1         -128.9195   
      2271:    240930.000000           1         -128.9194   
      2272:    240960.000000           1         -128.9185   
      2273:    240990.000000           1         -128.9188   
      2274:    241020.000000           1         -128.9190   
      2275:    241050.000000           1         -128.9176   
      2276:    241080.000000           1         -128.9147   
      2277:    241110.000000           1         -128.9109   
      2278:    241140.000000           1         -128.9091   
      2279:    241170.000000           1         -128.9101   
      2280:    241200.000000           1         -128.9107   
      2281:    241230.000000           1         -128.9101   
      2282:    241260.000000           1         -128.9100   
      2283:    241290.000000           1         -128.9060   
      2284:    241320.000000           1         -128.9018   
      2285:    241350.000000           1         -128.8975   
      2286:    241380.000000           1         -128.8908   
      2287:    241410.000000           1         -128.8870   
      2288:    241440.000000           1         -128.8852   
      2289:    241470.000000           1         -128.8822   
      2290:    241500.000000           1         -128.8794   
      2291:    241530.000000           1         -128.8762   
      2292:    241560.000000           1         -128.8745   
      2293:    241590.000000           1         -128.8715   
      2294:    241620.000000           1         -128.8698   
      2295:    241650.000000           1         -128.8674   
      2296:    241680.000000           1         -128.8642   
      2297:    241710.000000           1         -128.8606   
      2298:    241740.000000           1         -128.8583   
      2299:    241770.000000           1         -128.8567   
      2300:    241800.000000           1         -128.8555   
      2301:    241830.000000           1         -128.8540   
      2302:    241860.000000           1         -128.8526   
      2303:    241890.000000           1         -128.8509   
      2304:    241920.000000           1         -128.8473   
      2305:    241950.000000           1         -128.8436   
      2306:    241980.000000           1         -128.8402   
      2307:    242010.000000           1         -128.8381   
      2308:    242040.000000           1         -128.8361   
      2309:    242070.000000           1         -128.8346   
      2310:    242100.000000           1         -128.8320   
      2311:    242130.000000           1         -128.8292   
      2312:    242160.000000           1         -128.8268   
      2313:    242190.000000           1         -128.8257   
      2314:    242220.000000           1         -128.8201   
      2315:    242250.000000           1         -128.8204   
      2316:    242280.000000           1         -128.8231   
      2317:    242310.000000           1         -128.8256   
      2318:    242340.000000           1         -128.8270   
      2319:    242370.000000           1         -128.8266   
      2320:    242400.000000           1         -128.8268   
      2321:    242430.000000           1         -128.8251   
      2322:    242460.000000           1         -128.8227   
      2323:    242490.000000           1         -128.8220   
      2324:    242520.000000           1         -128.8188   
      2325:    242550.000000           1         -128.8154   
      2326:    242580.000000           1         -128.8128   
      2327:    242610.000000           1         -128.8106   
      2328:    242640.000000           1         -128.8073   
      2329:    242670.000000           1         -128.8041   
      2330:    242700.000000           1         -128.8022   
      2331:    242730.000000           1         -128.7997   
      2332:    242760.000000           1         -128.7966   
      2333:    242790.000000           1         -128.7935   
      2334:    242820.000000           1         -128.7915   
      2335:    242850.000000           1         -128.7900   
      2336:    242880.000000           1         -128.7878   
      2337:    242910.000000           1         -128.7851   
      2338:    242940.000000           1         -128.7834   
      2339:    242970.000000           1         -128.7810   
      2340:    243000.000000           1         -128.7799   
      2341:    243030.000000           1         -128.7790   
      2342:    243060.000000           1         -128.7775   
      2343:    243090.000000           1         -128.7756   
      2344:    243120.000000           1         -128.7749   
      2345:    243150.000000           1         -128.7728   
      2346:    243180.000000           1         -128.7700   
      2347:    243210.000000           1         -128.7672   
      2348:    243240.000000           1         -128.7651   
      2349:    243270.000000           1         -128.7631   
      2350:    243300.000000           1         -128.7609   
      2351:    243330.000000           1         -128.7593   
      2352:    243360.000000           1         -128.7580   
      2353:    243390.000000           1         -128.7557   
      2354:    243420.000000           1         -128.7530   
      2355:    243450.000000           1         -128.7495   
      2356:    243480.000000           1         -128.7453   
      2357:    243510.000000           1         -128.7423   
      2358:    243540.000000           1         -128.7393   
      2359:    243570.000000           1         -128.7375   
      2360:    243600.000000           1         -128.7357   
      2361:    243630.000000           1         -128.7341   
      2362:    243660.000000           1         -128.7322   
      2363:    243690.000000           1         -128.7310   
      2364:    243720.000000           1         -128.7298   
      2365:    243750.000000           1         -128.7283   
      2366:    243780.000000           1         -128.7267   
      2367:    243810.000000           1         -128.7251   
      2368:    243840.000000           1         -128.7238   
      2369:    243870.000000           1         -128.7221   
      2370:    243900.000000           1         -128.7203   
      2371:    243930.000000           1         -128.7189   
      2372:    243960.000000           1         -128.7187   
      2373:    243990.000000           1         -128.7190   
      2374:    244020.000000           1         -128.7199   
      2375:    244050.000000           1         -128.7203   
      2376:    244080.000000           1         -128.7213   
      2377:    244110.000000           1         -128.7224   
      2378:    244140.000000           1         -128.7229   
      2379:    244170.000000           1         -128.7238   
      2380:    244200.000000           1         -128.7248   
      2381:    244230.000000           1         -128.7245   
      2382:    244260.000000           1         -128.7241   
      2383:    244290.000000           1         -128.7242   
      2384:    244320.000000           1         -128.7238   
      2385:    244350.000000           1         -128.7239   
      2386:    244380.000000           1         -128.7236   
      2387:    244410.000000           1         -128.7233   
      2388:    244440.000000           1         -128.7232   
      2389:    244470.000000           1         -128.7241   
      2390:    244500.000000           1         -128.7248   
      2391:    244530.000000           1         -128.7259   
      2392:    244560.000000           1         -128.7263   
      2393:    244590.000000           1         -128.7265   
      2394:    244620.000000           1         -128.7259   
      2395:    244650.000000           1         -128.7250   
      2396:    244680.000000           1         -128.7244   
      2397:    244710.000000           1         -128.7241   
      2398:    244740.000000           1         -128.7244   
      2399:    244770.000000           1         -128.7245   
      2400:    244800.000000           1         -128.7245   
      2401:    244830.000000           1         -128.7249   
      2402:    244860.000000           1         -128.7257   
      2403:    244890.000000           1         -128.7270   
      2404:    244920.000000           1         -128.7279   
      2405:    244950.000000           1         -128.7282   
      2406:    244980.000000           1         -128.7274   
      2407:    245010.000000           1         -128.7268   
      2408:    245040.000000           1         -128.7260   
      2409:    245070.000000           1         -128.7255   
      2410:    245100.000000           1         -128.7246   
      2411:    245130.000000           1         -128.7239   
      2412:    245160.000000           1         -128.7232   
      2413:    245190.000000           1         -128.7225   
      2414:    245220.000000           1         -128.7221   
      2415:    245250.000000           1         -128.7224   
      2416:    245280.000000           1         -128.7236   
      2417:    245310.000000           1         -128.7247   
      2418:    245340.000000           1         -128.7253   
      2419:    245370.000000           1         -128.7257   
      2420:    245400.000000           1         -128.7260   
      2421:    245430.000000           1         -128.7274   
      2422:    245460.000000           1         -128.7284   
      2423:    245490.000000           1         -128.7290   
      2424:    245520.000000           1         -128.7301   
      2425:    245550.000000           1         -128.7316   
      2426:    245580.000000           1         -128.7331   
      2427:    245610.000000           1         -128.7346   
      2428:    245640.000000           1         -128.7347   
      2429:    245670.000000           1         -128.7341   
      2430:    245700.000000           1         -128.7338   
      2431:    245730.000000           1         -128.7339   
      2432:    245760.000000           1         -128.7335   
      2433:    245790.000000           1         -128.7335   
      2434:    245820.000000           1         -128.7331   
      2435:    245850.000000           1         -128.7325   
      2436:    245880.000000           1         -128.7326   
      2437:    245910.000000           1         -128.7330   
      2438:    245940.000000           1         -128.7344   
      2439:    245970.000000           1         -128.7356   
      2440:    246000.000000           1         -128.7361   
      2441:    246030.000000           1         -128.7365   
      2442:    246060.000000           1         -128.7366   
      2443:    246090.000000           1         -128.7362   
      2444:    246120.000000           1         -128.7365   
      2445:    246150.000000           1         -128.7376   
      2446:    246180.000000           1         -128.7388   
      2447:    246210.000000           1         -128.7409   
      2448:    246240.000000           1         -128.7430   
      2449:    246270.000000           1         -128.7448   
      2450:    246300.000000           1         -128.7473   
      2451:    246330.000000           1         -128.7491   
      2452:    246360.000000           1         -128.7510   
      2453:    246390.000000           1         -128.7529   
      2454:    246420.000000           1         -128.7539   
      2455:    246450.000000           1         -128.7548   
      2456:    246480.000000           1         -128.7554   
      2457:    246510.000000           1         -128.7562   
      2458:    246540.000000           1         -128.7574   
      2459:    246570.000000           1         -128.7600   
      2460:    246600.000000           1         -128.7628   
      2461:    246630.000000           1         -128.7643   
      2462:    246660.000000           1         -128.7652   
      2463:    246690.000000           1         -128.7661   
      2464:    246720.000000           1         -128.7675   
      2465:    246750.000000           1         -128.7670   
      2466:    246780.000000           1         -128.7654   
      2467:    246810.000000           1         -128.7643   
      2468:    246840.000000           1         -128.7627   
      2469:    246870.000000           1         -128.7623   
      2470:    246900.000000           1         -128.7624   
      2471:    246930.000000           1         -128.7629   
      2472:    246960.000000           1         -128.7638   
      2473:    246990.000000           1         -128.7643   
      2474:    247020.000000           1         -128.7647   
      2475:    247050.000000           1         -128.7655   
      2476:    247080.000000           1         -128.7673   
      2477:    247110.000000           1         -128.7710   
      2478:    247140.000000           1         -128.7730   
      2479:    247170.000000           1         -128.7741   
      2480:    247200.000000           1         -128.7750   
      2481:    247230.000000           1         -128.7760   
      2482:    247260.000000           1         -128.7769   
      2483:    247290.000000           1         -128.7783   
      2484:    247320.000000           1         -128.7794   
      2485:    247350.000000           1         -128.7803   
      2486:    247380.000000           1         -128.7806   
      2487:    247410.000000           1         -128.7809   
      2488:    247440.000000           1         -128.7802   
      2489:    247470.000000           1         -128.7793   
      2490:    247500.000000           1         -128.7794   
      2491:    247530.000000           1         -128.7795   
      2492:    247560.000000           1         -128.7790   
      2493:    247590.000000           1         -128.7789   
      2494:    247620.000000           1         -128.7798   
      2495:    247650.000000           1         -128.7803   
      2496:    247680.000000           1         -128.7809   
      2497:    247710.000000           1         -128.7814   
      2498:    247740.000000           1         -128.7819   
      2499:    247770.000000           1         -128.7830   
      2500:    247800.000000           1         -128.7845   
      2501:    247830.000000           1         -128.7861   
      2502:    247860.000000           1         -128.7874   
      2503:    247890.000000           1         -128.7888   
      2504:    247920.000000           1         -128.7898   
      2505:    247950.000000           1         -128.7896   
      2506:    247980.000000           1         -128.7901   
      2507:    248010.000000           1         -128.7905   
      2508:    248040.000000           1         -128.7912   
      2509:    248070.000000           1         -128.7925   
      2510:    248100.000000           1         -128.7936   
      2511:    248130.000000           1         -128.7940   
      2512:    248160.000000           1         -128.7932   
      2513:    248190.000000           1         -128.7920   
      2514:    248220.000000           1         -128.7911   
      2515:    248250.000000           1         -128.7901   
      2516:    248280.000000           1         -128.7896   
      2517:    248310.000000           1         -128.7896   
      2518:    248340.000000           1         -128.7896   
      2519:    248370.000000           1         -128.7903   
      2520:    248400.000000           1         -128.7915   
      2521:    248430.000000           1         -128.7924   
      2522:    248460.000000           1         -128.7936   
      2523:    248490.000000           1         -128.7952   
      2524:    248520.000000           1         -128.7968   
      2525:    248550.000000           1         -128.7976   
      2526:    248580.000000           1         -128.7979   
      2527:    248610.000000           1         -128.7981   
      2528:    248640.000000           1         -128.7993   
      2529:    248670.000000           1         -128.8004   
      2530:    248700.000000           1         -128.8008   
      2531:    248730.000000           1         -128.8008   
      2532:    248760.000000           1         -128.8010   
      2533:    248790.000000           1         -128.8013   
      2534:    248820.000000           1         -128.8009   
      2535:    248850.000000           1         -128.8009   
      2536:    248880.000000           1         -128.8018   
      2537:    248910.000000           1         -128.8029   
      2538:    248940.000000           1         -128.8042   
      2539:    248970.000000           1         -128.8050   
      2540:    249000.000000           1         -128.8053   
      2541:    249030.000000           1         -128.8059   
      2542:    249060.000000           1         -128.8064   
      2543:    249090.000000           1         -128.8059   
      2544:    249120.000000           1         -128.8051   
      2545:    249150.000000           1         -128.8047   
      2546:    249180.000000           1         -128.8040   
      2547:    249210.000000           1         -128.8035   
      2548:    249240.000000           1         -128.8040   
      2549:    249270.000000           1         -128.8048   
      2550:    249300.000000           1         -128.8054   
      2551:    249330.000000           1         -128.8069   
      2552:    249360.000000           1         -128.8081   
      2553:    249390.000000           1         -128.8083   
      2554:    249420.000000           1         -128.8078   
      2555:    249450.000000           1         -128.8073   
      2556:    249480.000000           1         -128.8062   
      2557:    249510.000000           1         -128.8056   
      2558:    249540.000000           1         -128.8059   
      2559:    249570.000000           1         -128.8066   
      2560:    249600.000000           1         -128.8064   
      2561:    249630.000000           1         -128.8063   
      2562:    249660.000000           1         -128.8062   
      2563:    249690.000000           1         -128.8064   
      2564:    249720.000000           1         -128.8063   
      2565:    249750.000000           1         -128.8069   
      2566:    249780.000000           1         -128.8076   
      2567:    249810.000000           1         -128.8092   
      2568:    249840.000000           1         -128.8104   
      2569:    249870.000000           1         -128.8113   
      2570:    249900.000000           1         -128.8121   
      2571:    249930.000000           1         -128.8126   
      2572:    249960.000000           1         -128.8119   
      2573:    249990.000000           1         -128.8107   
      2574:    250020.000000           1         -128.8097   
      2575:    250050.000000           1         -128.8089   
      2576:    250080.000000           1         -128.8080   
      2577:    250110.000000           1         -128.8069   
      2578:    250140.000000           1         -128.8060   
      2579:    250170.000000           1         -128.8057   
      2580:    250200.000000           1         -128.8051   
      2581:    250230.000000           1         -128.8049   
      2582:    250260.000000           1         -128.8050   
      2583:    250290.000000           1         -128.8056   
      2584:    250320.000000           1         -128.8065   
      2585:    250350.000000           1         -128.8071   
      2586:    250380.000000           1         -128.8067   
      2587:    250410.000000           1         -128.8071   
      2588:    250440.000000           1         -128.8070   
      2589:    250470.000000           1         -128.8072   
      2590:    250500.000000           1         -128.8070   
      2591:    250530.000000           1         -128.8056   
      2592:    250560.000000           1         -128.8048   
      2593:    250590.000000           1         -128.8040   
      2594:    250620.000000           1         -128.8037   
      2595:    250650.000000           1         -128.8037   
      2596:    250680.000000           1         -128.8041   
      2597:    250710.000000           1         -128.8042   
      2598:    250740.000000           1         -128.8044   
      2599:    250770.000000           1         -128.8033   
      2600:    250800.000000           1         -128.8013   
      2601:    250830.000000           1         -128.7990   
      2602:    250860.000000           1         -128.7964   
      2603:    250890.000000           1         -128.7942   
      2604:    250920.000000           1         -128.7920   
      2605:    250950.000000           1         -128.7897   
      2606:    250980.000000           1         -128.7877   
      2607:    251010.000000           1         -128.7857   
      2608:    251040.000000           1         -128.7833   
      2609:    251070.000000           1         -128.7807   
      2610:    251100.000000           1         -128.7788   
      2611:    251130.000000           1         -128.7772   
      2612:    251160.000000           1         -128.7760   
      2613:    251190.000000           1         -128.7754   
      2614:    251220.000000           1         -128.7745   
      2615:    251250.000000           1         -128.7732   
      2616:    251280.000000           1         -128.7720   
      2617:    251310.000000           1         -128.7715   
      2618:    251340.000000           1         -128.7717   
      2619:    251370.000000           1         -128.7725   
      2620:    251400.000000           1         -128.7743   
      2621:    251430.000000           1         -128.7752   
      2622:    251460.000000           1         -128.7750   
      2623:    251490.000000           1         -128.7740   
      2624:    251520.000000           1         -128.7721   
      2625:    251550.000000           1         -128.7702   
      2626:    251580.000000           1         -128.7687   
      2627:    251610.000000           1         -128.7687   
      2628:    251640.000000           1         -128.7687   
      2629:    251670.000000           1         -128.7697   
      2630:    251700.000000           1         -128.7711   
      2631:    251730.000000           1         -128.7713   
      2632:    251760.000000           1         -128.7712   
      2633:    251790.000000           1         -128.7701   
      2634:    251820.000000           1         -128.7687   
      2635:    251850.000000           1         -128.7664   
      2636:    251880.000000           1         -128.7641   
      2637:    251910.000000           1         -128.7628   
      2638:    251940.000000           1         -128.7620   
      2639:    251970.000000           1         -128.7612   
      2640:    252000.000000           1         -128.7609   
      2641:    252030.000000           1         -128.7611   
      2642:    252060.000000           1         -128.7610   
      2643:    252090.000000           1         -128.7599   
      2644:    252120.000000           1         -128.7592   
      2645:    252150.000000           1         -128.7584   
      2646:    252180.000000           1         -128.7576   
      2647:    252210.000000           1         -128.7572   
      2648:    252240.000000           1         -128.7566   
      2649:    252270.000000           1         -128.7566   
      2650:    252300.000000           1         -128.7571   
      2651:    252330.000000           1         -128.7575   
      2652:    252360.000000           1         -128.7576   
      2653:    252390.000000           1         -128.7565   
      2654:    252420.000000           1         -128.7549   
      2655:    252450.000000           1         -128.7531   
      2656:    252480.000000           1         -128.7507   
      2657:    252510.000000           1         -128.7482   
      2658:    252540.000000           1         -128.7476   
      2659:    252570.000000           1         -128.7484   
      2660:    252600.000000           1         -128.7494   
      2661:    252630.000000           1         -128.7499   
      2662:    252660.000000           1         -128.7499   
      2663:    252690.000000           1         -128.7492   
      2664:    252720.000000           1         -128.7485   
      2665:    252750.000000           1         -128.7470   
      2666:    252780.000000           1         -128.7450   
      2667:    252810.000000           1         -128.7427   
      2668:    252840.000000           1         -128.7403   
      2669:    252870.000000           1         -128.7385   
      2670:    252900.000000           1         -128.7375   
      2671:    252930.000000           1         -128.7374   
      2672:    252960.000000           1         -128.7379   
      2673:    252990.000000           1         -128.7380   
      2674:    253020.000000           1         -128.7375   
      2675:    253050.000000           1         -128.7362   
      2676:    253080.000000           1         -128.7343   
      2677:    253110.000000           1         -128.7318   
      2678:    253140.000000           1         -128.7286   
      2679:    253170.000000           1         -128.7267   
      2680:    253200.000000           1         -128.7261   
      2681:    253230.000000           1         -128.7261   
      2682:    253260.000000           1         -128.7256   
      2683:    253290.000000           1         -128.7252   
      2684:    253320.000000           1         -128.7244   
      2685:    253350.000000           1         -128.7232   
      2686:    253380.000000           1         -128.7213   
      2687:    253410.000000           1         -128.7196   
      2688:    253440.000000           1         -128.7183   
      2689:    253470.000000           1         -128.7178   
      2690:    253500.000000           1         -128.7171   
      2691:    253530.000000           1         -128.7159   
      2692:    253560.000000           1         -128.7145   
      2693:    253590.000000           1         -128.7132   
      2694:    253620.000000           1         -128.7120   
      2695:    253650.000000           1         -128.7105   
      2696:    253680.000000           1         -128.7091   
      2697:    253710.000000           1         -128.7083   
      2698:    253740.000000           1         -128.7077   
      2699:    253770.000000           1         -128.7065   
      2700:    253800.000000           1         -128.7046   
      2701:    253830.000000           1         -128.7023   
      2702:    253860.000000           1         -128.7001   
      2703:    253890.000000           1         -128.6979   
      2704:    253920.000000           1         -128.6963   
      2705:    253950.000000           1         -128.6952   
      2706:    253980.000000           1         -128.6942   
      2707:    254010.000000           1         -128.6936   
      2708:    254040.000000           1         -128.6928   
      2709:    254070.000000           1         -128.6920   
      2710:    254100.000000           1         -128.6920   
      2711:    254130.000000           1         -128.6915   
      2712:    254160.000000           1         -128.6916   
      2713:    254190.000000           1         -128.6908   
      2714:    254220.000000           1         -128.6897   
      2715:    254250.000000           1         -128.6888   
      2716:    254280.000000           1         -128.6879   
      2717:    254310.000000           1         -128.6861   
      2718:    254340.000000           1         -128.6833   
      2719:    254370.000000           1         -128.6806   
      2720:    254400.000000           1         -128.6785   
      2721:    254430.000000           1         -128.6763   
      2722:    254460.000000           1         -128.6746   
      2723:    254490.000000           1         -128.6733   
      2724:    254520.000000           1         -128.6718   
      2725:    254550.000000           1         -128.6703   
      2726:    254580.000000           1         -128.6686   
      2727:    254610.000000           1         -128.6671   
      2728:    254640.000000           1         -128.6656   
      2729:    254670.000000           1         -128.6642   
      2730:    254700.000000           1         -128.6629   
      2731:    254730.000000           1         -128.6617   
      2732:    254760.000000           1         -128.6604   
      2733:    254790.000000           1         -128.6583   
      2734:    254820.000000           1         -128.6562   
      2735:    254850.000000           1         -128.6551   
      2736:    254880.000000           1         -128.6542   
      2737:    254910.000000           1         -128.6535   
      2738:    254940.000000           1         -128.6527   
      2739:    254970.000000           1         -128.6516   
      2740:    255000.000000           1         -128.6507   
      2741:    255030.000000           1         -128.6505   
      2742:    255060.000000           1         -128.6499   
      2743:    255090.000000           1         -128.6497   
      2744:    255120.000000           1         -128.6498   
      2745:    255150.000000           1         -128.6491   
      2746:    255180.000000           1         -128.6475   
      2747:    255210.000000           1         -128.6458   
      2748:    255240.000000           1         -128.6452   
      2749:    255270.000000           1         -128.6448   
      2750:    255300.000000           1         -128.6447   
      2751:    255330.000000           1         -128.6442   
      2752:    255360.000000           1         -128.6439   
      2753:    255390.000000           1         -128.6441   
      2754:    255420.000000           1         -128.6444   
      2755:    255450.000000           1         -128.6431   
      2756:    255480.000000           1         -128.6412   
      2757:    255510.000000           1         -128.6391   
      2758:    255540.000000           1         -128.6369   
      2759:    255570.000000           1         -128.6344   
      2760:    255600.000000           1         -128.6314   
      2761:    255630.000000           1         -128.6281   
      2762:    255660.000000           1         -128.6256   
      2763:    255690.000000           1         -128.6235   
      2764:    255720.000000           1         -128.6214   
      2765:    255750.000000           1         -128.6200   
      2766:    255780.000000           1         -128.6192   
      2767:    255810.000000           1         -128.6184   
      2768:    255840.000000           1         -128.6174   
      2769:    255870.000000           1         -128.6152   
      2770:    255900.000000           1         -128.6119   
      2771:    255930.000000           1         -128.6084   
      2772:    255960.000000           1         -128.6058   
      2773:    255990.000000           1         -128.6033   
      2774:    256020.000000           1         -128.6003   
      2775:    256050.000000           1         -128.5972   
      2776:    256080.000000           1         -128.5943   
      2777:    256110.000000           1         -128.5922   
      2778:    256140.000000           1         -128.5903   
      2779:    256170.000000           1         -128.5884   
      2780:    256200.000000           1         -128.5867   
      2781:    256230.000000           1         -128.5853   
      2782:    256260.000000           1         -128.5847   
      2783:    256290.000000           1         -128.5833   
      2784:    256320.000000           1         -128.5807   
      2785:    256350.000000           1         -128.5785   
      2786:    256380.000000           1         -128.5762   
      2787:    256410.000000           1         -128.5736   
      2788:    256440.000000           1         -128.5716   
      2789:    256470.000000           1         -128.5695   
      2790:    256500.000000           1         -128.5682   
      2791:    256530.000000           1         -128.5667   
      2792:    256560.000000           1         -128.5649   
      2793:    256590.000000           1         -128.5640   
      2794:    256620.000000           1         -128.5625   
      2795:    256650.000000           1         -128.5611   
      2796:    256680.000000           1         -128.5589   
      2797:    256710.000000           1         -128.5562   
      2798:    256740.000000           1         -128.5533   
      2799:    256770.000000           1         -128.5508   
      2800:    256800.000000           1         -128.5480   
      2801:    256830.000000           1         -128.5450   
      2802:    256860.000000           1         -128.5426   
      2803:    256890.000000           1         -128.5398   
      2804:    256920.000000           1         -128.5376   
      2805:    256950.000000           1         -128.5361   
      2806:    256980.000000           1         -128.5352   
      2807:    257010.000000           1         -128.5350   
      2808:    257040.000000           1         -128.5357   
      2809:    257070.000000           1         -128.5371   
      2810:    257100.000000           1         -128.5382   
      2811:    257130.000000           1         -128.5384   
      2812:    257160.000000           1         -128.5374   
      2813:    257190.000000           1         -128.5360   
      2814:    257220.000000           1         -128.5345   
      2815:    257250.000000           1         -128.5328   
      2816:    257280.000000           1         -128.5309   
      2817:    257310.000000           1         -128.5287   
      2818:    257340.000000           1         -128.5266   
      2819:    257370.000000           1         -128.5246   
      2820:    257400.000000           1         -128.5240   
      2821:    257430.000000           1         -128.5234   
      2822:    257460.000000           1         -128.5224   
      2823:    257490.000000           1         -128.5219   
      2824:    257520.000000           1         -128.5218   
      2825:    257550.000000           1         -128.5216   
      2826:    257580.000000           1         -128.5218   
      2827:    257610.000000           1         -128.5225   
      2828:    257640.000000           1         -128.5228   
      2829:    257670.000000           1         -128.5224   
      2830:    257700.000000           1         -128.5211   
      2831:    257730.000000           1         -128.5198   
      2832:    257760.000000           1         -128.5188   
      2833:    257790.000000           1         -128.5173   
      2834:    257820.000000           1         -128.5151   
      2835:    257850.000000           1         -128.5133   
      2836:    257880.000000           1         -128.5121   
      2837:    257910.000000           1         -128.5107   
      2838:    257940.000000           1         -128.5093   
      2839:    257970.000000           1         -128.5087   
      2840:    258000.000000           1         -128.5084   
      2841:    258030.000000           1         -128.5083   
      2842:    258060.000000           1         -128.5085   
      2843:    258090.000000           1         -128.5091   
      2844:    258120.000000           1         -128.5096   
      2845:    258150.000000           1         -128.5099   
      2846:    258180.000000           1         -128.5105   
      2847:    258210.000000           1         -128.5113   
      2848:    258240.000000           1         -128.5119   
      2849:    258270.000000           1         -128.5123   
      2850:    258300.000000           1         -128.5113   
      2851:    258330.000000           1         -128.5092   
      2852:    258360.000000           1         -128.5067   
      2853:    258390.000000           1         -128.5044   
      2854:    258420.000000           1         -128.5030   
      2855:    258450.000000           1         -128.5022   
      2856:    258480.000000           1         -128.5013   
      2857:    258510.000000           1         -128.5001   
      2858:    258540.000000           1         -128.4987   
      2859:    258570.000000           1         -128.4978   
      2860:    258600.000000           1         -128.4967   
      2861:    258630.000000           1         -128.4958   
      2862:    258660.000000           1         -128.4950   
      2863:    258690.000000           1         -128.4942   
      2864:    258720.000000           1         -128.4936   
      2865:    258750.000000           1         -128.4928   
      2866:    258780.000000           1         -128.4919   
      2867:    258810.000000           1         -128.4908   
      2868:    258840.000000           1         -128.4897   
      2869:    258870.000000           1         -128.4890   
      2870:    258900.000000           1         -128.4882   
      2871:    258930.000000           1         -128.4876   
      2872:    258960.000000           1         -128.4869   
      2873:    258990.000000           1         -128.4858   
      2874:    259020.000000           1         -128.4842   
      2875:    259050.000000           1         -128.4824   
      2876:    259080.000000           1         -128.4804   
      2877:    259110.000000           1         -128.4778   
      2878:    259140.000000           1         -128.4756   
      2879:    259170.000000           1         -128.4734   
