      1307:    212010.000000           1           23.2123   
      1308:    212040.000000           1           23.1100   
      1309:    212070.000000           1           23.0640   
      1310:    212100.000000           1           23.0872   
      1311:    212130.000000           1           23.1157   
      1312:    212160.000000           1           23.1567   
      1313:    212190.000000           1           23.1970   
      1314:    212220.000000           1           23.2500   
      1315:    212250.000000           1           23.2853   
      1316:    212280.000000           1           23.2967   
      1317:    212310.000000           1           23.2981   
      1318:    212340.000000           1           23.2966   
      1319:    212370.000000           1           23.2887   
      1320:    212400.000000           1           23.2795   
      1321:    212430.000000           1           23.2632   
      1322:    212460.000000           1           23.2632   
      1323:    212490.000000           1           23.2693   
      1324:    212520.000000           1           23.2755   
      1325:    212550.000000           1           23.2770   
      1326:    212580.000000           1           23.2766   
      1327:    212610.000000           1           23.2770   
      1328:    212640.000000           1           23.2974   
      1329:    212670.000000           1           23.3207   
      1330:    212700.000000           1           23.3511   
      1331:    212730.000000           1           23.3757   
      1332:    212760.000000           1           23.3933   
      1333:    212790.000000           1           23.4017   
      1334:    212820.000000           1           23.4072   
      1335:    212850.000000           1           23.4149   
      1336:    212880.000000           1           23.4209   
      1337:    212910.000000           1           23.4233   
      1338:    212940.000000           1           23.4270   
      1339:    212970.000000           1           23.4333   
      1340:    213000.000000           1           23.4406   
      1341:    213030.000000           1           23.4472   
      1342:    213060.000000           1           23.4510   
      1343:    213090.000000           1           23.4508   
      1344:    213120.000000           1           23.4541   
      1345:    213150.000000           1           23.4592   
      1346:    213180.000000           1           23.4744   
      1347:    213210.000000           1           23.4897   
      1348:    213240.000000           1           23.4970   
      1349:    213270.000000           1           23.5015   
      1350:    213300.000000           1           23.5017   
      1351:    213330.000000           1           23.5019   
      1352:    213360.000000           1           23.5142   
      1353:    213390.000000           1           23.5270   
      1354:    213420.000000           1           23.5422   
      1355:    213450.000000           1           23.5507   
      1356:    213480.000000           1           23.5561   
      1357:    213510.000000           1           23.5621   
      1358:    213540.000000           1           23.5723   
      1359:    213570.000000           1           23.5910   
      1360:    213600.000000           1           23.6065   
      1361:    213630.000000           1           23.6148   
      1362:    213660.000000           1           23.6197   
      1363:    213690.000000           1           23.6247   
      1364:    213720.000000           1           23.6353   
      1365:    213750.000000           1           23.6409   
      1366:    213780.000000           1           23.6484   
      1367:    213810.000000           1           23.6445   
      1368:    213840.000000           1           23.6410   
      1369:    213870.000000           1           23.6430   
      1370:    213900.000000           1           23.6462   
      1371:    213930.000000           1           23.6543   
      1372:    213960.000000           1           23.6526   
      1373:    213990.000000           1           23.6513   
      1374:    214020.000000           1           23.6477   
      1375:    214050.000000           1           23.6487   
      1376:    214080.000000           1           23.6475   
      1377:    214110.000000           1           23.6552   
      1378:    214140.000000           1           23.6579   
      1379:    214170.000000           1           23.6641   
      1380:    214200.000000           1           23.6593   
      1381:    214230.000000           1           23.6592   
      1382:    214260.000000           1           23.6557   
      1383:    214290.000000           1           23.6562   
      1384:    214320.000000           1           23.6599   
      1385:    214350.000000           1           23.6624   
      1386:    214380.000000           1           23.6625   
      1387:    214410.000000           1           23.6636   
      1388:    214440.000000           1           23.6619   
      1389:    214470.000000           1           23.6663   
      1390:    214500.000000           1           23.6718   
      1391:    214530.000000           1           23.6737   
      1392:    214560.000000           1           23.6759   
      1393:    214590.000000           1           23.6781   
      1394:    214620.000000           1           23.6829   
      1395:    214650.000000           1           23.6853   
      1396:    214680.000000           1           23.6897   
      1397:    214710.000000           1           23.6893   
      1398:    214740.000000           1           23.6906   
      1399:    214770.000000           1           23.6916   
      1400:    214800.000000           1           23.6927   
      1401:    214830.000000           1           23.6965   
      1402:    214860.000000           1           23.7019   
      1403:    214890.000000           1           23.7080   
      1404:    214920.000000           1           23.7146   
      1405:    214950.000000           1           23.7153   
      1406:    214980.000000           1           23.7172   
      1407:    215010.000000           1           23.7182   
      1408:    215040.000000           1           23.7205   
      1409:    215070.000000           1           23.7250   
      1410:    215100.000000           1           23.7288   
      1411:    215130.000000           1           23.7297   
      1412:    215160.000000           1           23.7307   
      1413:    215190.000000           1           23.7310   
      1414:    215220.000000           1           23.7296   
      1415:    215250.000000           1           23.7299   
      1416:    215280.000000           1           23.7322   
      1417:    215310.000000           1           23.7344   
      1418:    215340.000000           1           23.7376   
      1419:    215370.000000           1           23.7409   
      1420:    215400.000000           1           23.7440   
      1421:    215430.000000           1           23.7456   
      1422:    215460.000000           1           23.7488   
      1423:    215490.000000           1           23.7529   
      1424:    215520.000000           1           23.7571   
      1425:    215550.000000           1           23.7594   
      1426:    215580.000000           1           23.7617   
      1427:    215610.000000           1           23.7643   
      1428:    215640.000000           1           23.7655   
      1429:    215670.000000           1           23.7656   
      1430:    215700.000000           1           23.7652   
      1431:    215730.000000           1           23.7634   
      1432:    215760.000000           1           23.7622   
      1433:    215790.000000           1           23.7628   
      1434:    215820.000000           1           23.7628   
      1435:    215850.000000           1           23.7612   
      1436:    215880.000000           1           23.7605   
      1437:    215910.000000           1           23.7611   
      1438:    215940.000000           1           23.7611   
      1439:    215970.000000           1           23.7625   
      1440:    216000.000000           1           23.7639   
      1441:    216030.000000           1           23.7657   
      1442:    216060.000000           1           23.7679   
      1443:    216090.000000           1           23.7688   
      1444:    216120.000000           1           23.7698   
      1445:    216150.000000           1           23.7712   
      1446:    216180.000000           1           23.7729   
      1447:    216210.000000           1           23.7736   
      1448:    216240.000000           1           23.7745   
      1449:    216270.000000           1           23.7748   
      1450:    216300.000000           1           23.7735   
      1451:    216330.000000           1           23.7713   
      1452:    216360.000000           1           23.7687   
      1453:    216390.000000           1           23.7658   
      1454:    216420.000000           1           23.7642   
      1455:    216450.000000           1           23.7621   
      1456:    216480.000000           1           23.7600   
      1457:    216510.000000           1           23.7583   
      1458:    216540.000000           1           23.7583   
      1459:    216570.000000           1           23.7583   
      1460:    216600.000000           1           23.7585   
      1461:    216630.000000           1           23.7600   
      1462:    216660.000000           1           23.7617   
      1463:    216690.000000           1           23.7656   
      1464:    216720.000000           1           23.7695   
      1465:    216750.000000           1           23.7711   
      1466:    216780.000000           1           23.7709   
      1467:    216810.000000           1           23.7702   
      1468:    216840.000000           1           23.7694   
      1469:    216870.000000           1           23.7681   
      1470:    216900.000000           1           23.7677   
      1471:    216930.000000           1           23.7684   
      1472:    216960.000000           1           23.7685   
      1473:    216990.000000           1           23.7680   
      1474:    217020.000000           1           23.7670   
      1475:    217050.000000           1           23.7654   
      1476:    217080.000000           1           23.7638   
      1477:    217110.000000           1           23.7610   
      1478:    217140.000000           1           23.7595   
      1479:    217170.000000           1           23.7572   
      1480:    217200.000000           1           23.7548   
      1481:    217230.000000           1           23.7541   
      1482:    217260.000000           1           23.7532   
      1483:    217290.000000           1           23.7529   
      1484:    217320.000000           1           23.7530   
      1485:    217350.000000           1           23.7537   
      1486:    217380.000000           1           23.7544   
      1487:    217410.000000           1           23.7543   
      1488:    217440.000000           1           23.7548   
      1489:    217470.000000           1           23.7541   
      1490:    217500.000000           1           23.7533   
      1491:    217530.000000           1           23.7517   
      1492:    217560.000000           1           23.7496   
      1493:    217590.000000           1           23.7477   
      1494:    217620.000000           1           23.7456   
      1495:    217650.000000           1           23.7456   
      1496:    217680.000000           1           23.7461   
      1497:    217710.000000           1           23.7484   
      1498:    217740.000000           1           23.7504   
      1499:    217770.000000           1           23.7513   
      1500:    217800.000000           1           23.7516   
      1501:    217830.000000           1           23.7520   
      1502:    217860.000000           1           23.7538   
      1503:    217890.000000           1           23.7566   
      1504:    217920.000000           1           23.7594   
      1505:    217950.000000           1           23.7632   
      1506:    217980.000000           1           23.7669   
      1507:    218010.000000           1           23.7704   
      1508:    218040.000000           1           23.7735   
      1509:    218070.000000           1           23.7749   
      1510:    218100.000000           1           23.7762   
      1511:    218130.000000           1           23.7767   
      1512:    218160.000000           1           23.7773   
      1513:    218190.000000           1           23.7782   
      1514:    218220.000000           1           23.7798   
      1515:    218250.000000           1           23.7830   
      1516:    218280.000000           1           23.7851   
      1517:    218310.000000           1           23.7861   
      1518:    218340.000000           1           23.7871   
      1519:    218370.000000           1           23.7877   
      1520:    218400.000000           1           23.7886   
      1521:    218430.000000           1           23.7908   
      1522:    218460.000000           1           23.7928   
      1523:    218490.000000           1           23.7954   
      1524:    218520.000000           1           23.7964   
      1525:    218550.000000           1           23.7965   
      1526:    218580.000000           1           23.7966   
      1527:    218610.000000           1           23.7950   
      1528:    218640.000000           1           23.7938   
      1529:    218670.000000           1           23.7928   
      1530:    218700.000000           1           23.7923   
      1531:    218730.000000           1           23.7927   
      1532:    218760.000000           1           23.7941   
      1533:    218790.000000           1           23.7972   
      1534:    218820.000000           1           23.8006   
      1535:    218850.000000           1           23.8029   
      1536:    218880.000000           1           23.8039   
      1537:    218910.000000           1           23.8029   
      1538:    218940.000000           1           23.8004   
      1539:    218970.000000           1           23.7978   
      1540:    219000.000000           1           23.7954   
      1541:    219030.000000           1           23.7948   
      1542:    219060.000000           1           23.7953   
      1543:    219090.000000           1           23.7966   
      1544:    219120.000000           1           23.7992   
      1545:    219150.000000           1           23.8017   
      1546:    219180.000000           1           23.8042   
      1547:    219210.000000           1           23.8053   
      1548:    219240.000000           1           23.8055   
      1549:    219270.000000           1           23.8056   
      1550:    219300.000000           1           23.8050   
      1551:    219330.000000           1           23.8032   
      1552:    219360.000000           1           23.8010   
      1553:    219390.000000           1           23.8000   
      1554:    219420.000000           1           23.8002   
      1555:    219450.000000           1           23.8010   
      1556:    219480.000000           1           23.8013   
      1557:    219510.000000           1           23.8016   
      1558:    219540.000000           1           23.8018   
      1559:    219570.000000           1           23.8018   
      1560:    219600.000000           1           23.8016   
      1561:    219630.000000           1           23.8011   
      1562:    219660.000000           1           23.7991   
      1563:    219690.000000           1           23.7961   
      1564:    219720.000000           1           23.7925   
      1565:    219750.000000           1           23.7898   
      1566:    219780.000000           1           23.7879   
      1567:    219810.000000           1           23.7865   
      1568:    219840.000000           1           23.7859   
      1569:    219870.000000           1           23.7854   
      1570:    219900.000000           1           23.7840   
      1571:    219930.000000           1           23.7834   
      1572:    219960.000000           1           23.7834   
      1573:    219990.000000           1           23.7826   
      1574:    220020.000000           1           23.7814   
      1575:    220050.000000           1           23.7792   
      1576:    220080.000000           1           23.7767   
      1577:    220110.000000           1           23.7746   
      1578:    220140.000000           1           23.7718   
      1579:    220170.000000           1           23.7696   
      1580:    220200.000000           1           23.7683   
      1581:    220230.000000           1           23.7684   
      1582:    220260.000000           1           23.7673   
      1583:    220290.000000           1           23.7664   
      1584:    220320.000000           1           23.7654   
      1585:    220350.000000           1           23.7642   
      1586:    220380.000000           1           23.7632   
      1587:    220410.000000           1           23.7624   
      1588:    220440.000000           1           23.7612   
      1589:    220470.000000           1           23.7595   
      1590:    220500.000000           1           23.7582   
      1591:    220530.000000           1           23.7569   
      1592:    220560.000000           1           23.7560   
      1593:    220590.000000           1           23.7561   
      1594:    220620.000000           1           23.7558   
      1595:    220650.000000           1           23.7552   
      1596:    220680.000000           1           23.7538   
      1597:    220710.000000           1           23.7514   
      1598:    220740.000000           1           23.7491   
      1599:    220770.000000           1           23.7468   
      1600:    220800.000000           1           23.7443   
      1601:    220830.000000           1           23.7417   
      1602:    220860.000000           1           23.7381   
      1603:    220890.000000           1           23.7336   
      1604:    220920.000000           1           23.7300   
      1605:    220950.000000           1           23.7278   
      1606:    220980.000000           1           23.7265   
      1607:    221010.000000           1           23.7245   
      1608:    221040.000000           1           23.7229   
      1609:    221070.000000           1           23.7216   
      1610:    221100.000000           1           23.7204   
      1611:    221130.000000           1           23.7192   
      1612:    221160.000000           1           23.7179   
      1613:    221190.000000           1           23.7166   
      1614:    221220.000000           1           23.7148   
      1615:    221250.000000           1           23.7140   
      1616:    221280.000000           1           23.7138   
      1617:    221310.000000           1           23.7121   
      1618:    221340.000000           1           23.7091   
      1619:    221370.000000           1           23.7055   
      1620:    221400.000000           1           23.7014   
      1621:    221430.000000           1           23.6977   
      1622:    221460.000000           1           23.6940   
      1623:    221490.000000           1           23.6906   
      1624:    221520.000000           1           23.6880   
      1625:    221550.000000           1           23.6852   
      1626:    221580.000000           1           23.6825   
      1627:    221610.000000           1           23.6789   
      1628:    221640.000000           1           23.6739   
      1629:    221670.000000           1           23.6675   
      1630:    221700.000000           1           23.6621   
      1631:    221730.000000           1           23.6580   
      1632:    221760.000000           1           23.6548   
      1633:    221790.000000           1           23.6517   
      1634:    221820.000000           1           23.6484   
      1635:    221850.000000           1           23.6447   
      1636:    221880.000000           1           23.6406   
      1637:    221910.000000           1           23.6367   
      1638:    221940.000000           1           23.6335   
      1639:    221970.000000           1           23.6295   
      1640:    222000.000000           1           23.6249   
      1641:    222030.000000           1           23.6205   
      1642:    222060.000000           1           23.6172   
      1643:    222090.000000           1           23.6150   
      1644:    222120.000000           1           23.6127   
      1645:    222150.000000           1           23.6099   
      1646:    222180.000000           1           23.6075   
      1647:    222210.000000           1           23.6054   
      1648:    222240.000000           1           23.6039   
      1649:    222270.000000           1           23.6028   
      1650:    222300.000000           1           23.6028   
      1651:    222330.000000           1           23.6013   
      1652:    222360.000000           1           23.5987   
      1653:    222390.000000           1           23.5966   
      1654:    222420.000000           1           23.5950   
      1655:    222450.000000           1           23.5937   
      1656:    222480.000000           1           23.5930   
      1657:    222510.000000           1           23.5922   
      1658:    222540.000000           1           23.5918   
      1659:    222570.000000           1           23.5906   
      1660:    222600.000000           1           23.5891   
      1661:    222630.000000           1           23.5876   
      1662:    222660.000000           1           23.5853   
      1663:    222690.000000           1           23.5832   
      1664:    222720.000000           1           23.5804   
      1665:    222750.000000           1           23.5771   
      1666:    222780.000000           1           23.5746   
      1667:    222810.000000           1           23.5722   
      1668:    222840.000000           1           23.5702   
      1669:    222870.000000           1           23.5695   
      1670:    222900.000000           1           23.5686   
      1671:    222930.000000           1           23.5669   
      1672:    222960.000000           1           23.5648   
      1673:    222990.000000           1           23.5614   
      1674:    223020.000000           1           23.5578   
      1675:    223050.000000           1           23.5541   
      1676:    223080.000000           1           23.5503   
      1677:    223110.000000           1           23.5474   
      1678:    223140.000000           1           23.5456   
      1679:    223170.000000           1           23.5422   
      1680:    223200.000000           1           23.5393   
      1681:    223230.000000           1           23.5363   
      1682:    223260.000000           1           23.5345   
      1683:    223290.000000           1           23.5323   
      1684:    223320.000000           1           23.5297   
      1685:    223350.000000           1           23.5276   
      1686:    223380.000000           1           23.5255   
      1687:    223410.000000           1           23.5232   
      1688:    223440.000000           1           23.5221   
      1689:    223470.000000           1           23.5210   
      1690:    223500.000000           1           23.5195   
      1691:    223530.000000           1           23.5174   
      1692:    223560.000000           1           23.5145   
      1693:    223590.000000           1           23.5129   
      1694:    223620.000000           1           23.5122   
      1695:    223650.000000           1           23.5111   
      1696:    223680.000000           1           23.5101   
      1697:    223710.000000           1           23.5092   
      1698:    223740.000000           1           23.5085   
      1699:    223770.000000           1           23.5088   
      1700:    223800.000000           1           23.5090   
      1701:    223830.000000           1           23.5092   
      1702:    223860.000000           1           23.5103   
      1703:    223890.000000           1           23.5118   
      1704:    223920.000000           1           23.5129   
      1705:    223950.000000           1           23.5132   
      1706:    223980.000000           1           23.5119   
      1707:    224010.000000           1           23.5095   
      1708:    224040.000000           1           23.5076   
      1709:    224070.000000           1           23.5066   
      1710:    224100.000000           1           23.5059   
      1711:    224130.000000           1           23.5060   
      1712:    224160.000000           1           23.5070   
      1713:    224190.000000           1           23.5077   
      1714:    224220.000000           1           23.5084   
      1715:    224250.000000           1           23.5082   
      1716:    224280.000000           1           23.5063   
      1717:    224310.000000           1           23.5030   
      1718:    224340.000000           1           23.4994   
      1719:    224370.000000           1           23.4962   
      1720:    224400.000000           1           23.4924   
      1721:    224430.000000           1           23.4885   
      1722:    224460.000000           1           23.4848   
      1723:    224490.000000           1           23.4811   
      1724:    224520.000000           1           23.4780   
      1725:    224550.000000           1           23.4749   
      1726:    224580.000000           1           23.4714   
      1727:    224610.000000           1           23.4676   
      1728:    224640.000000           1           23.4638   
      1729:    224670.000000           1           23.4593   
      1730:    224700.000000           1           23.4551   
      1731:    224730.000000           1           23.4501   
      1732:    224760.000000           1           23.4461   
      1733:    224790.000000           1           23.4429   
      1734:    224820.000000           1           23.4410   
      1735:    224850.000000           1           23.4401   
      1736:    224880.000000           1           23.4385   
      1737:    224910.000000           1           23.4377   
      1738:    224940.000000           1           23.4367   
      1739:    224970.000000           1           23.4356   
      1740:    225000.000000           1           23.4333   
      1741:    225030.000000           1           23.4302   
      1742:    225060.000000           1           23.4270   
      1743:    225090.000000           1           23.4244   
      1744:    225120.000000           1           23.4221   
      1745:    225150.000000           1           23.4207   
      1746:    225180.000000           1           23.4192   
      1747:    225210.000000           1           23.4178   
      1748:    225240.000000           1           23.4157   
      1749:    225270.000000           1           23.4128   
      1750:    225300.000000           1           23.4099   
      1751:    225330.000000           1           23.4080   
      1752:    225360.000000           1           23.4065   
      1753:    225390.000000           1           23.4042   
      1754:    225420.000000           1           23.4006   
      1755:    225450.000000           1           23.3966   
      1756:    225480.000000           1           23.3928   
      1757:    225510.000000           1           23.3889   
      1758:    225540.000000           1           23.3848   
      1759:    225570.000000           1           23.3818   
      1760:    225600.000000           1           23.3790   
      1761:    225630.000000           1           23.3773   
      1762:    225660.000000           1           23.3758   
      1763:    225690.000000           1           23.3747   
      1764:    225720.000000           1           23.3734   
      1765:    225750.000000           1           23.3707   
      1766:    225780.000000           1           23.3683   
      1767:    225810.000000           1           23.3661   
      1768:    225840.000000           1           23.3646   
      1769:    225870.000000           1           23.3647   
      1770:    225900.000000           1           23.3650   
      1771:    225930.000000           1           23.3646   
      1772:    225960.000000           1           23.3636   
      1773:    225990.000000           1           23.3627   
      1774:    226020.000000           1           23.3621   
      1775:    226050.000000           1           23.3607   
      1776:    226080.000000           1           23.3593   
      1777:    226110.000000           1           23.3572   
      1778:    226140.000000           1           23.3550   
      1779:    226170.000000           1           23.3535   
      1780:    226200.000000           1           23.3533   
      1781:    226230.000000           1           23.3536   
      1782:    226260.000000           1           23.3533   
      1783:    226290.000000           1           23.3533   
      1784:    226320.000000           1           23.3524   
      1785:    226350.000000           1           23.3505   
      1786:    226380.000000           1           23.3484   
      1787:    226410.000000           1           23.3458   
      1788:    226440.000000           1           23.3424   
      1789:    226470.000000           1           23.3388   
      1790:    226500.000000           1           23.3356   
      1791:    226530.000000           1           23.3332   
      1792:    226560.000000           1           23.3317   
      1793:    226590.000000           1           23.3297   
      1794:    226620.000000           1           23.3278   
      1795:    226650.000000           1           23.3265   
      1796:    226680.000000           1           23.3256   
      1797:    226710.000000           1           23.3245   
      1798:    226740.000000           1           23.3240   
      1799:    226770.000000           1           23.3247   
      1800:    226800.000000           1           23.3257   
      1801:    226830.000000           1           23.3266   
      1802:    226860.000000           1           23.3275   
      1803:    226890.000000           1           23.3276   
      1804:    226920.000000           1           23.3276   
      1805:    226950.000000           1           23.3271   
      1806:    226980.000000           1           23.3254   
      1807:    227010.000000           1           23.3233   
      1808:    227040.000000           1           23.3211   
      1809:    227070.000000           1           23.3197   
      1810:    227100.000000           1           23.3189   
      1811:    227130.000000           1           23.3190   
      1812:    227160.000000           1           23.3197   
      1813:    227190.000000           1           23.3202   
      1814:    227220.000000           1           23.3206   
      1815:    227250.000000           1           23.3209   
      1816:    227280.000000           1           23.3209   
      1817:    227310.000000           1           23.3211   
      1818:    227340.000000           1           23.3219   
      1819:    227370.000000           1           23.3236   
      1820:    227400.000000           1           23.3255   
      1821:    227430.000000           1           23.3278   
      1822:    227460.000000           1           23.3303   
      1823:    227490.000000           1           23.3313   
      1824:    227520.000000           1           23.3315   
      1825:    227550.000000           1           23.3320   
      1826:    227580.000000           1           23.3332   
      1827:    227610.000000           1           23.3343   
      1828:    227640.000000           1           23.3351   
      1829:    227670.000000           1           23.3354   
      1830:    227700.000000           1           23.3359   
      1831:    227730.000000           1           23.3362   
      1832:    227760.000000           1           23.3371   
      1833:    227790.000000           1           23.3372   
      1834:    227820.000000           1           23.3371   
      1835:    227850.000000           1           23.3381   
      1836:    227880.000000           1           23.3394   
      1837:    227910.000000           1           23.3409   
      1838:    227940.000000           1           23.3427   
      1839:    227970.000000           1           23.3442   
      1840:    228000.000000           1           23.3452   
      1841:    228030.000000           1           23.3455   
      1842:    228060.000000           1           23.3453   
      1843:    228090.000000           1           23.3445   
      1844:    228120.000000           1           23.3442   
      1845:    228150.000000           1           23.3445   
      1846:    228180.000000           1           23.3441   
      1847:    228210.000000           1           23.3446   
      1848:    228240.000000           1           23.3459   
      1849:    228270.000000           1           23.3472   
      1850:    228300.000000           1           23.3489   
      1851:    228330.000000           1           23.3508   
      1852:    228360.000000           1           23.3535   
      1853:    228390.000000           1           23.3561   
      1854:    228420.000000           1           23.3580   
      1855:    228450.000000           1           23.3591   
      1856:    228480.000000           1           23.3594   
      1857:    228510.000000           1           23.3594   
      1858:    228540.000000           1           23.3593   
      1859:    228570.000000           1           23.3588   
      1860:    228600.000000           1           23.3590   
      1861:    228630.000000           1           23.3598   
      1862:    228660.000000           1           23.3607   
      1863:    228690.000000           1           23.3627   
      1864:    228720.000000           1           23.3657   
      1865:    228750.000000           1           23.3702   
      1866:    228780.000000           1           23.3755   
      1867:    228810.000000           1           23.3807   
      1868:    228840.000000           1           23.3862   
      1869:    228870.000000           1           23.3916   
      1870:    228900.000000           1           23.3969   
      1871:    228930.000000           1           23.4013   
      1872:    228960.000000           1           23.4042   
      1873:    228990.000000           1           23.4059   
      1874:    229020.000000           1           23.4074   
      1875:    229050.000000           1           23.4081   
      1876:    229080.000000           1           23.4083   
      1877:    229110.000000           1           23.4088   
      1878:    229140.000000           1           23.4098   
      1879:    229170.000000           1           23.4114   
      1880:    229200.000000           1           23.4132   
      1881:    229230.000000           1           23.4151   
      1882:    229260.000000           1           23.4178   
      1883:    229290.000000           1           23.4202   
      1884:    229320.000000           1           23.4233   
      1885:    229350.000000           1           23.4270   
      1886:    229380.000000           1           23.4300   
      1887:    229410.000000           1           23.4329   
      1888:    229440.000000           1           23.4354   
      1889:    229470.000000           1           23.4376   
      1890:    229500.000000           1           23.4394   
      1891:    229530.000000           1           23.4416   
      1892:    229560.000000           1           23.4438   
      1893:    229590.000000           1           23.4459   
      1894:    229620.000000           1           23.4480   
      1895:    229650.000000           1           23.4504   
      1896:    229680.000000           1           23.4530   
      1897:    229710.000000           1           23.4560   
      1898:    229740.000000           1           23.4588   
      1899:    229770.000000           1           23.4625   
      1900:    229800.000000           1           23.4670   
      1901:    229830.000000           1           23.4701   
      1902:    229860.000000           1           23.4723   
      1903:    229890.000000           1           23.4742   
      1904:    229920.000000           1           23.4757   
      1905:    229950.000000           1           23.4775   
      1906:    229980.000000           1           23.4791   
      1907:    230010.000000           1           23.4808   
      1908:    230040.000000           1           23.4826   
      1909:    230070.000000           1           23.4838   
      1910:    230100.000000           1           23.4844   
      1911:    230130.000000           1           23.4848   
      1912:    230160.000000           1           23.4843   
      1913:    230190.000000           1           23.4837   
      1914:    230220.000000           1           23.4838   
      1915:    230250.000000           1           23.4839   
      1916:    230280.000000           1           23.4841   
      1917:    230310.000000           1           23.4842   
      1918:    230340.000000           1           23.4837   
      1919:    230370.000000           1           23.4837   
      1920:    230400.000000           1           23.4839   
      1921:    230430.000000           1           23.4852   
      1922:    230460.000000           1           23.4858   
      1923:    230490.000000           1           23.4855   
      1924:    230520.000000           1           23.4857   
      1925:    230550.000000           1           23.4869   
      1926:    230580.000000           1           23.4886   
      1927:    230610.000000           1           23.4900   
      1928:    230640.000000           1           23.4917   
      1929:    230670.000000           1           23.4938   
      1930:    230700.000000           1           23.4956   
      1931:    230730.000000           1           23.4970   
      1932:    230760.000000           1           23.4990   
      1933:    230790.000000           1           23.5018   
      1934:    230820.000000           1           23.5044   
      1935:    230850.000000           1           23.5069   
      1936:    230880.000000           1           23.5099   
      1937:    230910.000000           1           23.5134   
      1938:    230940.000000           1           23.5170   
      1939:    230970.000000           1           23.5201   
      1940:    231000.000000           1           23.5233   
      1941:    231030.000000           1           23.5270   
      1942:    231060.000000           1           23.5309   
      1943:    231090.000000           1           23.5345   
      1944:    231120.000000           1           23.5386   
      1945:    231150.000000           1           23.5431   
      1946:    231180.000000           1           23.5475   
      1947:    231210.000000           1           23.5521   
      1948:    231240.000000           1           23.5565   
      1949:    231270.000000           1           23.5604   
      1950:    231300.000000           1           23.5644   
      1951:    231330.000000           1           23.5683   
      1952:    231360.000000           1           23.5719   
      1953:    231390.000000           1           23.5746   
      1954:    231420.000000           1           23.5767   
      1955:    231450.000000           1           23.5790   
      1956:    231480.000000           1           23.5808   
      1957:    231510.000000           1           23.5824   
      1958:    231540.000000           1           23.5840   
      1959:    231570.000000           1           23.5859   
      1960:    231600.000000           1           23.5880   
      1961:    231630.000000           1           23.5898   
      1962:    231660.000000           1           23.5924   
      1963:    231690.000000           1           23.5954   
      1964:    231720.000000           1           23.5979   
      1965:    231750.000000           1           23.6005   
      1966:    231780.000000           1           23.6022   
      1967:    231810.000000           1           23.6039   
      1968:    231840.000000           1           23.6061   
      1969:    231870.000000           1           23.6085   
      1970:    231900.000000           1           23.6110   
      1971:    231930.000000           1           23.6130   
      1972:    231960.000000           1           23.6150   
      1973:    231990.000000           1           23.6165   
      1974:    232020.000000           1           23.6171   
      1975:    232050.000000           1           23.6184   
      1976:    232080.000000           1           23.6206   
      1977:    232110.000000           1           23.6225   
      1978:    232140.000000           1           23.6243   
      1979:    232170.000000           1           23.6254   
      1980:    232200.000000           1           23.6264   
      1981:    232230.000000           1           23.6277   
      1982:    232260.000000           1           23.6298   
      1983:    232290.000000           1           23.6324   
      1984:    232320.000000           1           23.6351   
      1985:    232350.000000           1           23.6382   
      1986:    232380.000000           1           23.6414   
      1987:    232410.000000           1           23.6435   
      1988:    232440.000000           1           23.6450   
      1989:    232470.000000           1           23.6464   
      1990:    232500.000000           1           23.6476   
      1991:    232530.000000           1           23.6489   
      1992:    232560.000000           1           23.6512   
      1993:    232590.000000           1           23.6550   
      1994:    232620.000000           1           23.6586   
      1995:    232650.000000           1           23.6620   
      1996:    232680.000000           1           23.6650   
      1997:    232710.000000           1           23.6672   
      1998:    232740.000000           1           23.6686   
      1999:    232770.000000           1           23.6705   
      2000:    232800.000000           1           23.6732   
      2001:    232830.000000           1           23.6754   
      2002:    232860.000000           1           23.6770   
      2003:    232890.000000           1           23.6785   
      2004:    232920.000000           1           23.6804   
      2005:    232950.000000           1           23.6824   
      2006:    232980.000000           1           23.6851   
      2007:    233010.000000           1           23.6881   
      2008:    233040.000000           1           23.6915   
      2009:    233070.000000           1           23.6948   
      2010:    233100.000000           1           23.6988   
      2011:    233130.000000           1           23.7028   
      2012:    233160.000000           1           23.7062   
      2013:    233190.000000           1           23.7091   
      2014:    233220.000000           1           23.7125   
      2015:    233250.000000           1           23.7161   
      2016:    233280.000000           1           23.7196   
      2017:    233310.000000           1           23.7235   
      2018:    233340.000000           1           23.7275   
      2019:    233370.000000           1           23.7312   
      2020:    233400.000000           1           23.7342   
      2021:    233430.000000           1           23.7371   
      2022:    233460.000000           1           23.7397   
      2023:    233490.000000           1           23.7414   
      2024:    233520.000000           1           23.7427   
      2025:    233550.000000           1           23.7443   
      2026:    233580.000000           1           23.7467   
      2027:    233610.000000           1           23.7491   
      2028:    233640.000000           1           23.7517   
      2029:    233670.000000           1           23.7547   
      2030:    233700.000000           1           23.7563   
      2031:    233730.000000           1           23.7582   
      2032:    233760.000000           1           23.7601   
      2033:    233790.000000           1           23.7613   
      2034:    233820.000000           1           23.7622   
      2035:    233850.000000           1           23.7634   
      2036:    233880.000000           1           23.7645   
      2037:    233910.000000           1           23.7660   
      2038:    233940.000000           1           23.7677   
      2039:    233970.000000           1           23.7694   
      2040:    234000.000000           1           23.7719   
      2041:    234030.000000           1           23.7745   
      2042:    234060.000000           1           23.7765   
      2043:    234090.000000           1           23.7778   
      2044:    234120.000000           1           23.7797   
      2045:    234150.000000           1           23.7818   
      2046:    234180.000000           1           23.7843   
      2047:    234210.000000           1           23.7871   
      2048:    234240.000000           1           23.7906   
      2049:    234270.000000           1           23.7951   
      2050:    234300.000000           1           23.7995   
      2051:    234330.000000           1           23.8035   
      2052:    234360.000000           1           23.8076   
      2053:    234390.000000           1           23.8118   
      2054:    234420.000000           1           23.8153   
      2055:    234450.000000           1           23.8178   
      2056:    234480.000000           1           23.8200   
      2057:    234510.000000           1           23.8228   
      2058:    234540.000000           1           23.8254   
      2059:    234570.000000           1           23.8282   
      2060:    234600.000000           1           23.8309   
      2061:    234630.000000           1           23.8345   
      2062:    234660.000000           1           23.8392   
      2063:    234690.000000           1           23.8435   
      2064:    234720.000000           1           23.8462   
      2065:    234750.000000           1           23.8472   
      2066:    234780.000000           1           23.8481   
      2067:    234810.000000           1           23.8501   
      2068:    234840.000000           1           23.8519   
      2069:    234870.000000           1           23.8538   
      2070:    234900.000000           1           23.8560   
      2071:    234930.000000           1           23.8586   
      2072:    234960.000000           1           23.8623   
      2073:    234990.000000           1           23.8658   
      2074:    235020.000000           1           23.8694   
      2075:    235050.000000           1           23.8722   
      2076:    235080.000000           1           23.8738   
      2077:    235110.000000           1           23.8745   
      2078:    235140.000000           1           23.8748   
      2079:    235170.000000           1           23.8757   
      2080:    235200.000000           1           23.8770   
      2081:    235230.000000           1           23.8781   
      2082:    235260.000000           1           23.8798   
      2083:    235290.000000           1           23.8820   
      2084:    235320.000000           1           23.8838   
      2085:    235350.000000           1           23.8847   
      2086:    235380.000000           1           23.8864   
      2087:    235410.000000           1           23.8882   
      2088:    235440.000000           1           23.8884   
      2089:    235470.000000           1           23.8874   
      2090:    235500.000000           1           23.8858   
      2091:    235530.000000           1           23.8851   
      2092:    235560.000000           1           23.8843   
      2093:    235590.000000           1           23.8835   
      2094:    235620.000000           1           23.8839   
      2095:    235650.000000           1           23.8839   
      2096:    235680.000000           1           23.8841   
      2097:    235710.000000           1           23.8845   
      2098:    235740.000000           1           23.8852   
      2099:    235770.000000           1           23.8856   
      2100:    235800.000000           1           23.8850   
      2101:    235830.000000           1           23.8839   
      2102:    235860.000000           1           23.8824   
      2103:    235890.000000           1           23.8806   
      2104:    235920.000000           1           23.8793   
      2105:    235950.000000           1           23.8791   
      2106:    235980.000000           1           23.8797   
      2107:    236010.000000           1           23.8819   
      2108:    236040.000000           1           23.8848   
      2109:    236070.000000           1           23.8878   
      2110:    236100.000000           1           23.8911   
      2111:    236130.000000           1           23.8939   
      2112:    236160.000000           1           23.8976   
      2113:    236190.000000           1           23.9012   
      2114:    236220.000000           1           23.9044   
      2115:    236250.000000           1           23.9072   
      2116:    236280.000000           1           23.9103   
      2117:    236310.000000           1           23.9133   
      2118:    236340.000000           1           23.9156   
      2119:    236370.000000           1           23.9171   
      2120:    236400.000000           1           23.9185   
      2121:    236430.000000           1           23.9206   
      2122:    236460.000000           1           23.9219   
      2123:    236490.000000           1           23.9232   
      2124:    236520.000000           1           23.9252   
      2125:    236550.000000           1           23.9275   
      2126:    236580.000000           1           23.9290   
      2127:    236610.000000           1           23.9311   
      2128:    236640.000000           1           23.9341   
      2129:    236670.000000           1           23.9378   
      2130:    236700.000000           1           23.9402   
      2131:    236730.000000           1           23.9413   
      2132:    236760.000000           1           23.9424   
      2133:    236790.000000           1           23.9428   
      2134:    236820.000000           1           23.9429   
      2135:    236850.000000           1           23.9430   
      2136:    236880.000000           1           23.9434   
      2137:    236910.000000           1           23.9442   
      2138:    236940.000000           1           23.9459   
      2139:    236970.000000           1           23.9469   
      2140:    237000.000000           1           23.9478   
      2141:    237030.000000           1           23.9490   
      2142:    237060.000000           1           23.9505   
      2143:    237090.000000           1           23.9520   
      2144:    237120.000000           1           23.9540   
      2145:    237150.000000           1           23.9561   
      2146:    237180.000000           1           23.9578   
      2147:    237210.000000           1           23.9596   
      2148:    237240.000000           1           23.9612   
      2149:    237270.000000           1           23.9633   
      2150:    237300.000000           1           23.9666   
      2151:    237330.000000           1           23.9698   
      2152:    237360.000000           1           23.9726   
      2153:    237390.000000           1           23.9752   
      2154:    237420.000000           1           23.9777   
      2155:    237450.000000           1           23.9788   
      2156:    237480.000000           1           23.9782   
      2157:    237510.000000           1           23.9777   
      2158:    237540.000000           1           23.9772   
      2159:    237570.000000           1           23.9771   
      2160:    237600.000000           1           23.9765   
      2161:    237630.000000           1           23.9750   
      2162:    237660.000000           1           23.9742   
      2163:    237690.000000           1           23.9730   
      2164:    237720.000000           1           23.9718   
      2165:    237750.000000           1           23.9720   
      2166:    237780.000000           1           23.9730   
      2167:    237810.000000           1           23.9742   
      2168:    237840.000000           1           23.9758   
      2169:    237870.000000           1           23.9777   
      2170:    237900.000000           1           23.9795   
      2171:    237930.000000           1           23.9809   
      2172:    237960.000000           1           23.9820   
      2173:    237990.000000           1           23.9837   
      2174:    238020.000000           1           23.9852   
      2175:    238050.000000           1           23.9864   
      2176:    238080.000000           1           23.9873   
      2177:    238110.000000           1           23.9882   
      2178:    238140.000000           1           23.9892   
      2179:    238170.000000           1           23.9896   
      2180:    238200.000000           1           23.9890   
      2181:    238230.000000           1           23.9890   
      2182:    238260.000000           1           23.9889   
      2183:    238290.000000           1           23.9888   
      2184:    238320.000000           1           23.9896   
      2185:    238350.000000           1           23.9906   
      2186:    238380.000000           1           23.9906   
      2187:    238410.000000           1           23.9911   
      2188:    238440.000000           1           23.9927   
      2189:    238470.000000           1           23.9948   
      2190:    238500.000000           1           23.9972   
      2191:    238530.000000           1           23.9995   
      2192:    238560.000000           1           24.0010   
      2193:    238590.000000           1           24.0018   
      2194:    238620.000000           1           24.0015   
      2195:    238650.000000           1           24.0012   
      2196:    238680.000000           1           24.0004   
      2197:    238710.000000           1           23.9991   
      2198:    238740.000000           1           23.9982   
      2199:    238770.000000           1           23.9975   
      2200:    238800.000000           1           23.9969   
      2201:    238830.000000           1           23.9970   
      2202:    238860.000000           1           23.9976   
      2203:    238890.000000           1           23.9988   
      2204:    238920.000000           1           24.0000   
      2205:    238950.000000           1           24.0007   
      2206:    238980.000000           1           24.0009   
      2207:    239010.000000           1           24.0015   
