         0:    172800.000000           1           54.2163   
         1:    172830.000000           1           21.1317   
         2:    172860.000000           1           33.3239   
         3:    172890.000000           1           39.4439   
         4:    172920.000000           1           42.0988   
         5:    172950.000000           1           45.1451   
         6:    172980.000000           1           46.6739   
         7:    173010.000000           1           47.5560   
         8:    173040.000000           1           48.5083   
         9:    173070.000000           1           49.1193   
        10:    173100.000000           1           49.4382   
        11:    173130.000000           1           49.6525   
        12:    173160.000000           1           49.8320   
        13:    173190.000000           1           49.9260   
        14:    173220.000000           1           50.0715   
        15:    173250.000000           1           49.9521   
        16:    173280.000000           1           49.8654   
        17:    173310.000000           1           49.8538   
        18:    173340.000000           1           49.9989   
        19:    173370.000000           1           50.1695   
        20:    173400.000000           1           50.3036   
        21:    173430.000000           1           50.3187   
        22:    173460.000000           1           50.2989   
        23:    173490.000000           1           50.2495   
        24:    173520.000000           1           50.2211   
        25:    173550.000000           1           50.2056   
        26:    173580.000000           1           50.1357   
        27:    173610.000000           1           50.1285   
        28:    173640.000000           1           50.0949   
        29:    173670.000000           1           50.0380   
        30:    173700.000000           1           49.9791   
        31:    173730.000000           1           49.9409   
        32:    173760.000000           1           49.9279   
        33:    173790.000000           1           49.9576   
        34:    173820.000000           1           50.0418   
        35:    173850.000000           1           50.1065   
        36:    173880.000000           1           50.1025   
        37:    173910.000000           1           50.0499   
        38:    173940.000000           1           50.0130   
        39:    173970.000000           1           49.9487   
        40:    174000.000000           1           49.8590   
        41:    174030.000000           1           49.8194   
        42:    174060.000000           1           49.8442   
        43:    174090.000000           1           49.8564   
        44:    174120.000000           1           49.8357   
        45:    174150.000000           1           49.7848   
        46:    174180.000000           1           49.7090   
        47:    174210.000000           1           49.6522   
        48:    174240.000000           1           49.6034   
        49:    174270.000000           1           49.5972   
        50:    174300.000000           1           49.5903   
        51:    174330.000000           1           49.5943   
        52:    174360.000000           1           49.6037   
        53:    174390.000000           1           49.5961   
        54:    174420.000000           1           49.5703   
        55:    174450.000000           1           49.5569   
        56:    174480.000000           1           49.5144   
        57:    174510.000000           1           49.4763   
        58:    174540.000000           1           49.4574   
        59:    174570.000000           1           49.4444   
        60:    174600.000000           1           49.4479   
        61:    174630.000000           1           49.4118   
        62:    174660.000000           1           49.3958   
        63:    174690.000000           1           49.3777   
        64:    174720.000000           1           49.3471   
        65:    174750.000000           1           49.3302   
        66:    174780.000000           1           49.2863   
        67:    174810.000000           1           49.2343   
        68:    174840.000000           1           49.1969   
        69:    174870.000000           1           49.1564   
        70:    174900.000000           1           49.1098   
        71:    174930.000000           1           49.0582   
        72:    174960.000000           1           49.0196   
        73:    174990.000000           1           48.9784   
        74:    175020.000000           1           48.9510   
        75:    175050.000000           1           48.9472   
        76:    175080.000000           1           48.9464   
        77:    175110.000000           1           48.9155   
        78:    175140.000000           1           48.8768   
        79:    175170.000000           1           48.8418   
        80:    175200.000000           1           48.8198   
        81:    175230.000000           1           48.8228   
        82:    175260.000000           1           48.8376   
        83:    175290.000000           1           48.8496   
        84:    175320.000000           1           48.8640   
        85:    175350.000000           1           48.8738   
        86:    175380.000000           1           48.8672   
        87:    175410.000000           1           48.8881   
        88:    175440.000000           1           48.9246   
        89:    175470.000000           1           48.9352   
        90:    175500.000000           1           48.9589   
        91:    175530.000000           1           48.9987   
        92:    175560.000000           1           49.0367   
        93:    175590.000000           1           49.0550   
        94:    175620.000000           1           49.0282   
        95:    175650.000000           1           48.9659   
        96:    175680.000000           1           48.9149   
        97:    175710.000000           1           48.8783   
        98:    175740.000000           1           48.8659   
        99:    175770.000000           1           48.8685   
       100:    175800.000000           1           48.8767   
       101:    175830.000000           1           48.8916   
       102:    175860.000000           1           48.9170   
       103:    175890.000000           1           48.9423   
       104:    175920.000000           1           48.9563   
       105:    175950.000000           1           48.9602   
       106:    175980.000000           1           48.9374   
       107:    176010.000000           1           48.9065   
       108:    176040.000000           1           48.8745   
       109:    176070.000000           1           48.8342   
       110:    176100.000000           1           48.8011   
       111:    176130.000000           1           48.7953   
       112:    176160.000000           1           48.7976   
       113:    176190.000000           1           48.8140   
       114:    176220.000000           1           48.8280   
       115:    176250.000000           1           48.8368   
       116:    176280.000000           1           48.8316   
       117:    176310.000000           1           48.8199   
       118:    176340.000000           1           48.7964   
       119:    176370.000000           1           48.7705   
       120:    176400.000000           1           48.7406   
       121:    176430.000000           1           48.7013   
       122:    176460.000000           1           48.6691   
       123:    176490.000000           1           48.6447   
       124:    176520.000000           1           48.6168   
       125:    176550.000000           1           48.5964   
       126:    176580.000000           1           48.5881   
       127:    176610.000000           1           48.5878   
       128:    176640.000000           1           48.5806   
       129:    176670.000000           1           48.5691   
       130:    176700.000000           1           48.5467   
       131:    176730.000000           1           48.5177   
       132:    176760.000000           1           48.4907   
       133:    176790.000000           1           48.4650   
       134:    176820.000000           1           48.4466   
       135:    176850.000000           1           48.4324   
       136:    176880.000000           1           48.4146   
       137:    176910.000000           1           48.3871   
       138:    176940.000000           1           48.3607   
       139:    176970.000000           1           48.3593   
       140:    177000.000000           1           48.3697   
       141:    177030.000000           1           48.3854   
       142:    177060.000000           1           48.4105   
       143:    177090.000000           1           48.4269   
       144:    177120.000000           1           48.4403   
       145:    177150.000000           1           48.4414   
       146:    177180.000000           1           48.4355   
       147:    177210.000000           1           48.4176   
       148:    177240.000000           1           48.3921   
       149:    177270.000000           1           48.3754   
       150:    177300.000000           1           48.3705   
       151:    177330.000000           1           48.3695   
       152:    177360.000000           1           48.3751   
       153:    177390.000000           1           48.3861   
       154:    177420.000000           1           48.3946   
       155:    177450.000000           1           48.4016   
       156:    177480.000000           1           48.3875   
       157:    177510.000000           1           48.3782   
       158:    177540.000000           1           48.3825   
       159:    177570.000000           1           48.3891   
       160:    177600.000000           1           48.4011   
       161:    177630.000000           1           48.4238   
       162:    177660.000000           1           48.4410   
       163:    177690.000000           1           48.4419   
       164:    177720.000000           1           48.4397   
       165:    177750.000000           1           48.4338   
       166:    177780.000000           1           48.4271   
       167:    177810.000000           1           48.4130   
       168:    177840.000000           1           48.4007   
       169:    177870.000000           1           48.3906   
       170:    177900.000000           1           48.3825   
       171:    177930.000000           1           48.3858   
       172:    177960.000000           1           48.3843   
       173:    177990.000000           1           48.3841   
       174:    178020.000000           1           48.3892   
       175:    178050.000000           1           48.3963   
       176:    178080.000000           1           48.3971   
       177:    178110.000000           1           48.3990   
       178:    178140.000000           1           48.4006   
       179:    178170.000000           1           48.3911   
       180:    178200.000000           1           48.3830   
       181:    178230.000000           1           48.3720   
       182:    178260.000000           1           48.3564   
       183:    178290.000000           1           48.3530   
       184:    178320.000000           1           48.3585   
       185:    178350.000000           1           48.3620   
       186:    178380.000000           1           48.3644   
       187:    178410.000000           1           48.3741   
       188:    178440.000000           1           48.3833   
       189:    178470.000000           1           48.3848   
       190:    178500.000000           1           48.3729   
       191:    178530.000000           1           48.3598   
       192:    178560.000000           1           48.3462   
       193:    178590.000000           1           48.3368   
       194:    178620.000000           1           48.3324   
       195:    178650.000000           1           48.3282   
       196:    178680.000000           1           48.3287   
       197:    178710.000000           1           48.3361   
       198:    178740.000000           1           48.3404   
       199:    178770.000000           1           48.3293   
       200:    178800.000000           1           48.3164   
       201:    178830.000000           1           48.3088   
       202:    178860.000000           1           48.2985   
       203:    178890.000000           1           48.2821   
       204:    178920.000000           1           48.2678   
       205:    178950.000000           1           48.2422   
       206:    178980.000000           1           48.2130   
       207:    179010.000000           1           48.2010   
       208:    179040.000000           1           48.1971   
       209:    179070.000000           1           48.2055   
       210:    179100.000000           1           48.2240   
       211:    179130.000000           1           48.2481   
       212:    179160.000000           1           48.2791   
       213:    179190.000000           1           48.3083   
       214:    179220.000000           1           48.3343   
       215:    179250.000000           1           48.3610   
       216:    179280.000000           1           48.3890   
       217:    179310.000000           1           48.4050   
       218:    179340.000000           1           48.4162   
       219:    179370.000000           1           48.4293   
       220:    179400.000000           1           48.4452   
       221:    179430.000000           1           48.4606   
       222:    179460.000000           1           48.4691   
       223:    179490.000000           1           48.4724   
       224:    179520.000000           1           48.4514   
       225:    179550.000000           1           48.4128   
       226:    179580.000000           1           48.3686   
       227:    179610.000000           1           48.3259   
       228:    179640.000000           1           48.2882   
       229:    179670.000000           1           48.2602   
       230:    179700.000000           1           48.2482   
       231:    179730.000000           1           48.2384   
       232:    179760.000000           1           48.2270   
       233:    179790.000000           1           48.2182   
       234:    179820.000000           1           48.2180   
       235:    179850.000000           1           48.2250   
       236:    179880.000000           1           48.2350   
       237:    179910.000000           1           48.2520   
       238:    179940.000000           1           48.2647   
       239:    179970.000000           1           48.2765   
       240:    180000.000000           1           48.2860   
       241:    180030.000000           1           48.2900   
       242:    180060.000000           1           48.2881   
       243:    180090.000000           1           48.2763   
       244:    180120.000000           1           48.2678   
       245:    180150.000000           1           48.2523   
       246:    180180.000000           1           48.2355   
       247:    180210.000000           1           48.2209   
       248:    180240.000000           1           48.2007   
       249:    180270.000000           1           48.1859   
       250:    180300.000000           1           48.1665   
       251:    180330.000000           1           48.1358   
       252:    180360.000000           1           48.0946   
       253:    180390.000000           1           48.0508   
       254:    180420.000000           1           48.0121   
       255:    180450.000000           1           47.9866   
       256:    180480.000000           1           47.9721   
       257:    180510.000000           1           47.9649   
       258:    180540.000000           1           47.9623   
       259:    180570.000000           1           47.9613   
       260:    180600.000000           1           47.9536   
       261:    180630.000000           1           47.9446   
       262:    180660.000000           1           47.9380   
       263:    180690.000000           1           47.9354   
       264:    180720.000000           1           47.9383   
       265:    180750.000000           1           47.9410   
       266:    180780.000000           1           47.9470   
       267:    180810.000000           1           47.9535   
       268:    180840.000000           1           47.9546   
       269:    180870.000000           1           47.9578   
       270:    180900.000000           1           47.9672   
       271:    180930.000000           1           47.9721   
       272:    180960.000000           1           47.9767   
       273:    180990.000000           1           47.9792   
       274:    181020.000000           1           47.9729   
       275:    181050.000000           1           47.9637   
       276:    181080.000000           1           47.9542   
       277:    181110.000000           1           47.9433   
       278:    181140.000000           1           47.9367   
       279:    181170.000000           1           47.9351   
       280:    181200.000000           1           47.9322   
       281:    181230.000000           1           47.9254   
       282:    181260.000000           1           47.9150   
       283:    181290.000000           1           47.8965   
       284:    181320.000000           1           47.8718   
       285:    181350.000000           1           47.8547   
       286:    181380.000000           1           47.8392   
       287:    181410.000000           1           47.8210   
       288:    181440.000000           1           47.8013   
       289:    181470.000000           1           47.7830   
       290:    181500.000000           1           47.7676   
       291:    181530.000000           1           47.7540   
       292:    181560.000000           1           47.7379   
       293:    181590.000000           1           47.7252   
       294:    181620.000000           1           47.7165   
       295:    181650.000000           1           47.7131   
       296:    181680.000000           1           47.7110   
       297:    181710.000000           1           47.7076   
       298:    181740.000000           1           47.7039   
       299:    181770.000000           1           47.6950   
       300:    181800.000000           1           47.6853   
       301:    181830.000000           1           47.6695   
       302:    181860.000000           1           47.6535   
       303:    181890.000000           1           47.6431   
       304:    181920.000000           1           47.6391   
       305:    181950.000000           1           47.6375   
       306:    181980.000000           1           47.6334   
       307:    182010.000000           1           47.6238   
       308:    182040.000000           1           47.6171   
       309:    182070.000000           1           47.6068   
       310:    182100.000000           1           47.6034   
       311:    182130.000000           1           47.6089   
       312:    182160.000000           1           47.6131   
       313:    182190.000000           1           47.6180   
       314:    182220.000000           1           47.6238   
       315:    182250.000000           1           47.6379   
       316:    182280.000000           1           47.6474   
       317:    182310.000000           1           47.6531   
       318:    182340.000000           1           47.6509   
       319:    182370.000000           1           47.6382   
       320:    182400.000000           1           47.6228   
       321:    182430.000000           1           47.6100   
       322:    182460.000000           1           47.6015   
       323:    182490.000000           1           47.5914   
       324:    182520.000000           1           47.5877   
       325:    182550.000000           1           47.5768   
       326:    182580.000000           1           47.5633   
       327:    182610.000000           1           47.5570   
       328:    182640.000000           1           47.5482   
       329:    182670.000000           1           47.5394   
       330:    182700.000000           1           47.5336   
       331:    182730.000000           1           47.5360   
       332:    182760.000000           1           47.5367   
       333:    182790.000000           1           47.5375   
       334:    182820.000000           1           47.5295   
       335:    182850.000000           1           47.5195   
       336:    182880.000000           1           47.5061   
       337:    182910.000000           1           47.4987   
       338:    182940.000000           1           47.4916   
       339:    182970.000000           1           47.4802   
       340:    183000.000000           1           47.4719   
       341:    183030.000000           1           47.4607   
       342:    183060.000000           1           47.4471   
       343:    183090.000000           1           47.4399   
       344:    183120.000000           1           47.4339   
       345:    183150.000000           1           47.4240   
       346:    183180.000000           1           47.4165   
       347:    183210.000000           1           47.4136   
       348:    183240.000000           1           47.4149   
       349:    183270.000000           1           47.4186   
       350:    183300.000000           1           47.4201   
       351:    183330.000000           1           47.4201   
       352:    183360.000000           1           47.4187   
       353:    183390.000000           1           47.4140   
       354:    183420.000000           1           47.4068   
       355:    183450.000000           1           47.4036   
       356:    183480.000000           1           47.3941   
       357:    183510.000000           1           47.3850   
       358:    183540.000000           1           47.3789   
       359:    183570.000000           1           47.3773   
       360:    183600.000000           1           47.3752   
       361:    183630.000000           1           47.3754   
       362:    183660.000000           1           47.3740   
       363:    183690.000000           1           47.3747   
       364:    183720.000000           1           47.3723   
       365:    183750.000000           1           47.3693   
       366:    183780.000000           1           47.3675   
       367:    183810.000000           1           47.3645   
       368:    183840.000000           1           47.3573   
       369:    183870.000000           1           47.3502   
       370:    183900.000000           1           47.3419   
       371:    183930.000000           1           47.3333   
       372:    183960.000000           1           47.3216   
       373:    183990.000000           1           47.3089   
       374:    184020.000000           1           47.2971   
       375:    184050.000000           1           47.2897   
       376:    184080.000000           1           47.2875   
       377:    184110.000000           1           47.2810   
       378:    184140.000000           1           47.2744   
       379:    184170.000000           1           47.2748   
       380:    184200.000000           1           47.2800   
       381:    184230.000000           1           47.2883   
       382:    184260.000000           1           47.3017   
       383:    184290.000000           1           47.3148   
       384:    184320.000000           1           47.3221   
       385:    184350.000000           1           47.3245   
       386:    184380.000000           1           47.3206   
       387:    184410.000000           1           47.3098   
       388:    184440.000000           1           47.2952   
       389:    184470.000000           1           47.2804   
       390:    184500.000000           1           47.2681   
       391:    184530.000000           1           47.2587   
       392:    184560.000000           1           47.2560   
       393:    184590.000000           1           47.2508   
       394:    184620.000000           1           47.2492   
       395:    184650.000000           1           47.2558   
       396:    184680.000000           1           47.2724   
       397:    184710.000000           1           47.2906   
       398:    184740.000000           1           47.3062   
       399:    184770.000000           1           47.3232   
       400:    184800.000000           1           47.3427   
       401:    184830.000000           1           47.3549   
       402:    184860.000000           1           47.3580   
       403:    184890.000000           1           47.3558   
       404:    184920.000000           1           47.3490   
       405:    184950.000000           1           47.3357   
       406:    184980.000000           1           47.3225   
       407:    185010.000000           1           47.3075   
       408:    185040.000000           1           47.2912   
       409:    185070.000000           1           47.2796   
       410:    185100.000000           1           47.2719   
       411:    185130.000000           1           47.2624   
       412:    185160.000000           1           47.2528   
       413:    185190.000000           1           47.2470   
       414:    185220.000000           1           47.2443   
       415:    185250.000000           1           47.2413   
       416:    185280.000000           1           47.2384   
       417:    185310.000000           1           47.2404   
       418:    185340.000000           1           47.2436   
       419:    185370.000000           1           47.2419   
       420:    185400.000000           1           47.2408   
       421:    185430.000000           1           47.2372   
       422:    185460.000000           1           47.2343   
       423:    185490.000000           1           47.2285   
       424:    185520.000000           1           47.2200   
       425:    185550.000000           1           47.2137   
       426:    185580.000000           1           47.2073   
       427:    185610.000000           1           47.2000   
       428:    185640.000000           1           47.1961   
       429:    185670.000000           1           47.1925   
       430:    185700.000000           1           47.1891   
       431:    185730.000000           1           47.1859   
       432:    185760.000000           1           47.1798   
       433:    185790.000000           1           47.1711   
       434:    185820.000000           1           47.1597   
       435:    185850.000000           1           47.1465   
       436:    185880.000000           1           47.1341   
       437:    185910.000000           1           47.1238   
       438:    185940.000000           1           47.1169   
       439:    185970.000000           1           47.1076   
       440:    186000.000000           1           47.0999   
       441:    186030.000000           1           47.0906   
       442:    186060.000000           1           47.0828   
       443:    186090.000000           1           47.0750   
       444:    186120.000000           1           47.0663   
       445:    186150.000000           1           47.0569   
       446:    186180.000000           1           47.0486   
       447:    186210.000000           1           47.0406   
       448:    186240.000000           1           47.0338   
       449:    186270.000000           1           47.0233   
       450:    186300.000000           1           47.0162   
       451:    186330.000000           1           47.0130   
       452:    186360.000000           1           47.0122   
       453:    186390.000000           1           47.0117   
       454:    186420.000000           1           47.0079   
       455:    186450.000000           1           47.0039   
       456:    186480.000000           1           46.9991   
       457:    186510.000000           1           46.9941   
       458:    186540.000000           1           46.9906   
       459:    186570.000000           1           46.9864   
       460:    186600.000000           1           46.9798   
       461:    186630.000000           1           46.9744   
       462:    186660.000000           1           46.9696   
       463:    186690.000000           1           46.9649   
       464:    186720.000000           1           46.9588   
       465:    186750.000000           1           46.9534   
       466:    186780.000000           1           46.9477   
       467:    186810.000000           1           46.9410   
       468:    186840.000000           1           46.9350   
       469:    186870.000000           1           46.9301   
       470:    186900.000000           1           46.9266   
       471:    186930.000000           1           46.9211   
       472:    186960.000000           1           46.9183   
       473:    186990.000000           1           46.9164   
       474:    187020.000000           1           46.9153   
       475:    187050.000000           1           46.9155   
       476:    187080.000000           1           46.9124   
       477:    187110.000000           1           46.9073   
       478:    187140.000000           1           46.9050   
       479:    187170.000000           1           46.9023   
       480:    187200.000000           1           46.8985   
       481:    187230.000000           1           46.8943   
       482:    187260.000000           1           46.8920   
       483:    187290.000000           1           46.8917   
       484:    187320.000000           1           46.8917   
       485:    187350.000000           1           46.8938   
       486:    187380.000000           1           46.8989   
       487:    187410.000000           1           46.9046   
       488:    187440.000000           1           46.9085   
       489:    187470.000000           1           46.9109   
       490:    187500.000000           1           46.9107   
       491:    187530.000000           1           46.9089   
       492:    187560.000000           1           46.9053   
       493:    187590.000000           1           46.9021   
       494:    187620.000000           1           46.8933   
      2407:    245010.000000           1          185.4993   
      2408:    245040.000000           1          185.6240   
      2409:    245070.000000           1          185.6702   
      2410:    245100.000000           1          185.7484   
      2411:    245130.000000           1          185.7492   
      2412:    245160.000000           1          185.7481   
      2413:    245190.000000           1          185.7614   
      2414:    245220.000000           1          185.7735   
      2415:    245250.000000           1          185.7791   
      2416:    245280.000000           1          185.7757   
      2417:    245310.000000           1          185.8130   
      2418:    245340.000000           1          185.8530   
      2419:    245370.000000           1          185.8697   
      2420:    245400.000000           1          185.8915   
      2421:    245430.000000           1          185.9299   
      2422:    245460.000000           1          185.9657   
      2423:    245490.000000           1          185.9938   
      2424:    245520.000000           1          186.0200   
      2425:    245550.000000           1          186.0437   
      2426:    245580.000000           1          186.0739   
      2427:    245610.000000           1          186.1072   
      2428:    245640.000000           1          186.1329   
      2429:    245670.000000           1          186.1452   
      2430:    245700.000000           1          186.1604   
      2431:    245730.000000           1          186.1762   
      2432:    245760.000000           1          186.2012   
      2433:    245790.000000           1          186.2268   
      2434:    245820.000000           1          186.2394   
      2435:    245850.000000           1          186.2524   
      2436:    245880.000000           1          186.2667   
      2437:    245910.000000           1          186.2786   
      2438:    245940.000000           1          186.2829   
      2439:    245970.000000           1          186.2925   
      2440:    246000.000000           1          186.3049   
      2441:    246030.000000           1          186.3217   
      2442:    246060.000000           1          186.3308   
      2443:    246090.000000           1          186.3337   
      2444:    246120.000000           1          186.3407   
      2445:    246150.000000           1          186.3507   
      2446:    246180.000000           1          186.3619   
      2447:    246210.000000           1          186.3749   
      2448:    246240.000000           1          186.3809   
      2449:    246270.000000           1          186.3800   
      2450:    246300.000000           1          186.3790   
      2451:    246330.000000           1          186.3825   
      2452:    246360.000000           1          186.3933   
      2453:    246390.000000           1          186.3985   
      2454:    246420.000000           1          186.4043   
      2455:    246450.000000           1          186.4101   
      2456:    246480.000000           1          186.4073   
      2457:    246510.000000           1          186.4110   
      2458:    246540.000000           1          186.4197   
      2459:    246570.000000           1          186.4260   
      2460:    246600.000000           1          186.4313   
      2461:    246630.000000           1          186.4268   
      2462:    246660.000000           1          186.4299   
      2463:    246690.000000           1          186.4299   
      2464:    246720.000000           1          186.4477   
      2465:    246750.000000           1          186.4581   
      2466:    246780.000000           1          186.4589   
      2467:    246810.000000           1          186.4571   
      2468:    246840.000000           1          186.4494   
      2469:    246870.000000           1          186.4558   
      2470:    246900.000000           1          186.4613   
      2471:    246930.000000           1          186.4738   
      2472:    246960.000000           1          186.4785   
      2473:    246990.000000           1          186.4732   
      2474:    247020.000000           1          186.4626   
      2475:    247050.000000           1          186.4584   
      2476:    247080.000000           1          186.4592   
      2477:    247110.000000           1          186.4687   
      2478:    247140.000000           1          186.4694   
      2479:    247170.000000           1          186.4709   
      2480:    247200.000000           1          186.4643   
      2481:    247230.000000           1          186.4638   
      2482:    247260.000000           1          186.4634   
      2483:    247290.000000           1          186.4639   
      2484:    247320.000000           1          186.4654   
      2485:    247350.000000           1          186.4683   
      2486:    247380.000000           1          186.4691   
      2487:    247410.000000           1          186.4681   
      2488:    247440.000000           1          186.4700   
      2489:    247470.000000           1          186.4725   
      2490:    247500.000000           1          186.4745   
      2491:    247530.000000           1          186.4752   
      2492:    247560.000000           1          186.4735   
      2493:    247590.000000           1          186.4690   
      2494:    247620.000000           1          186.4724   
      2495:    247650.000000           1          186.4772   
      2496:    247680.000000           1          186.4799   
      2497:    247710.000000           1          186.4779   
      2498:    247740.000000           1          186.4749   
      2499:    247770.000000           1          186.4724   
      2500:    247800.000000           1          186.4713   
      2501:    247830.000000           1          186.4686   
      2502:    247860.000000           1          186.4704   
      2503:    247890.000000           1          186.4724   
      2504:    247920.000000           1          186.4739   
      2505:    247950.000000           1          186.4727   
      2506:    247980.000000           1          186.4730   
      2507:    248010.000000           1          186.4700   
      2508:    248040.000000           1          186.4683   
      2509:    248070.000000           1          186.4668   
      2510:    248100.000000           1          186.4662   
      2511:    248130.000000           1          186.4667   
      2512:    248160.000000           1          186.4677   
      2513:    248190.000000           1          186.4653   
      2514:    248220.000000           1          186.4635   
      2515:    248250.000000           1          186.4622   
      2516:    248280.000000           1          186.4621   
      2517:    248310.000000           1          186.4620   
      2518:    248340.000000           1          186.4608   
      2519:    248370.000000           1          186.4578   
      2520:    248400.000000           1          186.4559   
      2521:    248430.000000           1          186.4547   
      2522:    248460.000000           1          186.4552   
      2523:    248490.000000           1          186.4546   
      2524:    248520.000000           1          186.4528   
      2525:    248550.000000           1          186.4519   
      2526:    248580.000000           1          186.4495   
      2527:    248610.000000           1          186.4474   
      2528:    248640.000000           1          186.4472   
      2529:    248670.000000           1          186.4469   
      2530:    248700.000000           1          186.4458   
      2531:    248730.000000           1          186.4452   
      2532:    248760.000000           1          186.4454   
      2533:    248790.000000           1          186.4422   
      2534:    248820.000000           1          186.4386   
      2535:    248850.000000           1          186.4346   
      2536:    248880.000000           1          186.4309   
      2537:    248910.000000           1          186.4284   
      2538:    248940.000000           1          186.4270   
      2539:    248970.000000           1          186.4257   
      2540:    249000.000000           1          186.4234   
      2541:    249030.000000           1          186.4226   
      2542:    249060.000000           1          186.4217   
      2543:    249090.000000           1          186.4197   
      2544:    249120.000000           1          186.4192   
      2545:    249150.000000           1          186.4190   
      2546:    249180.000000           1          186.4194   
      2547:    249210.000000           1          186.4183   
      2548:    249240.000000           1          186.4169   
      2549:    249270.000000           1          186.4147   
      2550:    249300.000000           1          186.4130   
      2551:    249330.000000           1          186.4111   
      2552:    249360.000000           1          186.4094   
      2553:    249390.000000           1          186.4078   
      2554:    249420.000000           1          186.4066   
      2555:    249450.000000           1          186.4052   
      2556:    249480.000000           1          186.4043   
      2557:    249510.000000           1          186.4035   
      2558:    249540.000000           1          186.4022   
      2559:    249570.000000           1          186.4016   
      2560:    249600.000000           1          186.4007   
      2561:    249630.000000           1          186.4016   
      2562:    249660.000000           1          186.4025   
      2563:    249690.000000           1          186.4027   
      2564:    249720.000000           1          186.4017   
      2565:    249750.000000           1          186.3998   
      2566:    249780.000000           1          186.3984   
      2567:    249810.000000           1          186.3964   
      2568:    249840.000000           1          186.3946   
      2569:    249870.000000           1          186.3927   
      2570:    249900.000000           1          186.3909   
      2571:    249930.000000           1          186.3900   
      2572:    249960.000000           1          186.3897   
      2573:    249990.000000           1          186.3899   
      2574:    250020.000000           1          186.3905   
      2575:    250050.000000           1          186.3912   
      2576:    250080.000000           1          186.3920   
      2577:    250110.000000           1          186.3930   
      2578:    250140.000000           1          186.3944   
      2579:    250170.000000           1          186.3955   
      2580:    250200.000000           1          186.3953   
      2581:    250230.000000           1          186.3950   
      2582:    250260.000000           1          186.3946   
      2583:    250290.000000           1          186.3933   
      2584:    250320.000000           1          186.3920   
      2585:    250350.000000           1          186.3912   
      2586:    250380.000000           1          186.3907   
      2587:    250410.000000           1          186.3896   
      2588:    250440.000000           1          186.3884   
      2589:    250470.000000           1          186.3871   
      2590:    250500.000000           1          186.3871   
      2591:    250530.000000           1          186.3873   
      2592:    250560.000000           1          186.3869   
      2593:    250590.000000           1          186.3864   
      2594:    250620.000000           1          186.3859   
      2595:    250650.000000           1          186.3848   
      2596:    250680.000000           1          186.3838   
      2597:    250710.000000           1          186.3828   
      2598:    250740.000000           1          186.3826   
      2599:    250770.000000           1          186.3833   
      2600:    250800.000000           1          186.3853   
      2601:    250830.000000           1          186.3879   
      2602:    250860.000000           1          186.3896   
      2603:    250890.000000           1          186.3912   
      2604:    250920.000000           1          186.3922   
      2605:    250950.000000           1          186.3937   
      2606:    250980.000000           1          186.3946   
      2607:    251010.000000           1          186.3954   
      2608:    251040.000000           1          186.3970   
      2609:    251070.000000           1          186.3985   
      2610:    251100.000000           1          186.3998   
      2611:    251130.000000           1          186.4005   
      2612:    251160.000000           1          186.4011   
      2613:    251190.000000           1          186.4012   
      2614:    251220.000000           1          186.4012   
      2615:    251250.000000           1          186.4018   
      2616:    251280.000000           1          186.4017   
      2617:    251310.000000           1          186.4012   
      2618:    251340.000000           1          186.4008   
      2619:    251370.000000           1          186.3994   
      2620:    251400.000000           1          186.3974   
      2621:    251430.000000           1          186.3961   
      2622:    251460.000000           1          186.3963   
      2623:    251490.000000           1          186.3971   
      2624:    251520.000000           1          186.3982   
      2625:    251550.000000           1          186.3999   
      2626:    251580.000000           1          186.4011   
      2627:    251610.000000           1          186.4012   
      2628:    251640.000000           1          186.4002   
      2629:    251670.000000           1          186.3984   
      2630:    251700.000000           1          186.3963   
      2631:    251730.000000           1          186.3952   
      2632:    251760.000000           1          186.3944   
      2633:    251790.000000           1          186.3943   
      2634:    251820.000000           1          186.3951   
      2635:    251850.000000           1          186.3964   
      2636:    251880.000000           1          186.3981   
      2637:    251910.000000           1          186.3990   
      2638:    251940.000000           1          186.3998   
      2639:    251970.000000           1          186.4003   
      2640:    252000.000000           1          186.3999   
      2641:    252030.000000           1          186.3993   
      2642:    252060.000000           1          186.3990   
      2643:    252090.000000           1          186.3994   
      2644:    252120.000000           1          186.3993   
      2645:    252150.000000           1          186.3994   
      2646:    252180.000000           1          186.3994   
      2647:    252210.000000           1          186.3992   
      2648:    252240.000000           1          186.3988   
      2649:    252270.000000           1          186.3983   
      2650:    252300.000000           1          186.3974   
      2651:    252330.000000           1          186.3966   
      2652:    252360.000000           1          186.3961   
      2653:    252390.000000           1          186.3966   
      2654:    252420.000000           1          186.3974   
      2655:    252450.000000           1          186.3984   
      2656:    252480.000000           1          186.4001   
      2657:    252510.000000           1          186.4018   
      2658:    252540.000000           1          186.4019   
      2659:    252570.000000           1          186.4007   
      2660:    252600.000000           1          186.3997   
      2661:    252630.000000           1          186.3986   
      2662:    252660.000000           1          186.3979   
      2663:    252690.000000           1          186.3976   
      2664:    252720.000000           1          186.3977   
      2665:    252750.000000           1          186.3986   
      2666:    252780.000000           1          186.3998   
      2667:    252810.000000           1          186.4013   
      2668:    252840.000000           1          186.4028   
      2669:    252870.000000           1          186.4039   
      2670:    252900.000000           1          186.4043   
      2671:    252930.000000           1          186.4042   
      2672:    252960.000000           1          186.4039   
      2673:    252990.000000           1          186.4034   
      2674:    253020.000000           1          186.4035   
      2675:    253050.000000           1          186.4044   
      2676:    253080.000000           1          186.4062   
      2677:    253110.000000           1          186.4083   
      2678:    253140.000000           1          186.4112   
      2679:    253170.000000           1          186.4127   
      2680:    253200.000000           1          186.4130   
      2681:    253230.000000           1          186.4124   
      2682:    253260.000000           1          186.4123   
      2683:    253290.000000           1          186.4121   
      2684:    253320.000000           1          186.4126   
      2685:    253350.000000           1          186.4137   
      2686:    253380.000000           1          186.4154   
      2687:    253410.000000           1          186.4171   
      2688:    253440.000000           1          186.4180   
      2689:    253470.000000           1          186.4185   
      2690:    253500.000000           1          186.4188   
      2691:    253530.000000           1          186.4196   
      2692:    253560.000000           1          186.4204   
      2693:    253590.000000           1          186.4215   
      2694:    253620.000000           1          186.4222   
      2695:    253650.000000           1          186.4233   
      2696:    253680.000000           1          186.4241   
      2697:    253710.000000           1          186.4246   
      2698:    253740.000000           1          186.4251   
      2699:    253770.000000           1          186.4261   
      2700:    253800.000000           1          186.4275   
      2701:    253830.000000           1          186.4292   
      2702:    253860.000000           1          186.4309   
      2703:    253890.000000           1          186.4325   
      2704:    253920.000000           1          186.4338   
      2705:    253950.000000           1          186.4346   
      2706:    253980.000000           1          186.4350   
      2707:    254010.000000           1          186.4352   
      2708:    254040.000000           1          186.4357   
      2709:    254070.000000           1          186.4360   
      2710:    254100.000000           1          186.4359   
      2711:    254130.000000           1          186.4360   
      2712:    254160.000000           1          186.4360   
      2713:    254190.000000           1          186.4364   
      2714:    254220.000000           1          186.4370   
      2715:    254250.000000           1          186.4376   
      2716:    254280.000000           1          186.4382   
      2717:    254310.000000           1          186.4396   
      2718:    254340.000000           1          186.4418   
      2719:    254370.000000           1          186.4440   
      2720:    254400.000000           1          186.4455   
      2721:    254430.000000           1          186.4472   
      2722:    254460.000000           1          186.4482   
      2723:    254490.000000           1          186.4490   
      2724:    254520.000000           1          186.4499   
      2725:    254550.000000           1          186.4512   
      2726:    254580.000000           1          186.4525   
      2727:    254610.000000           1          186.4536   
      2728:    254640.000000           1          186.4548   
      2729:    254670.000000           1          186.4558   
      2730:    254700.000000           1          186.4568   
      2731:    254730.000000           1          186.4576   
      2732:    254760.000000           1          186.4589   
      2733:    254790.000000           1          186.4606   
      2734:    254820.000000           1          186.4624   
      2735:    254850.000000           1          186.4632   
      2736:    254880.000000           1          186.4638   
      2737:    254910.000000           1          186.4643   
      2738:    254940.000000           1          186.4650   
      2739:    254970.000000           1          186.4658   
      2740:    255000.000000           1          186.4664   
      2741:    255030.000000           1          186.4663   
      2742:    255060.000000           1          186.4666   
      2743:    255090.000000           1          186.4665   
      2744:    255120.000000           1          186.4663   
      2745:    255150.000000           1          186.4669   
      2746:    255180.000000           1          186.4684   
      2747:    255210.000000           1          186.4697   
      2748:    255240.000000           1          186.4704   
      2749:    255270.000000           1          186.4705   
      2750:    255300.000000           1          186.4705   
      2751:    255330.000000           1          186.4707   
      2752:    255360.000000           1          186.4707   
      2753:    255390.000000           1          186.4703   
      2754:    255420.000000           1          186.4699   
      2755:    255450.000000           1          186.4709   
      2756:    255480.000000           1          186.4726   
      2757:    255510.000000           1          186.4747   
      2758:    255540.000000           1          186.4768   
      2759:    255570.000000           1          186.4793   
      2760:    255600.000000           1          186.4823   
      2761:    255630.000000           1          186.4854   
      2762:    255660.000000           1          186.4879   
      2763:    255690.000000           1          186.4897   
      2764:    255720.000000           1          186.4916   
      2765:    255750.000000           1          186.4928   
      2766:    255780.000000           1          186.4934   
      2767:    255810.000000           1          186.4937   
      2768:    255840.000000           1          186.4944   
      2769:    255870.000000           1          186.4963   
      2770:    255900.000000           1          186.4993   
      2771:    255930.000000           1          186.5023   
      2772:    255960.000000           1          186.5049   
      2773:    255990.000000           1          186.5074   
      2774:    256020.000000           1          186.5103   
      2775:    256050.000000           1          186.5134   
      2776:    256080.000000           1          186.5162   
      2777:    256110.000000           1          186.5184   
      2778:    256140.000000           1          186.5204   
      2779:    256170.000000           1          186.5223   
      2780:    256200.000000           1          186.5240   
      2781:    256230.000000           1          186.5253   
      2782:    256260.000000           1          186.5260   
      2783:    256290.000000           1          186.5272   
      2784:    256320.000000           1          186.5296   
      2785:    256350.000000           1          186.5317   
      2786:    256380.000000           1          186.5340   
      2787:    256410.000000           1          186.5365   
      2788:    256440.000000           1          186.5382   
      2789:    256470.000000           1          186.5401   
      2790:    256500.000000           1          186.5412   
      2791:    256530.000000           1          186.5425   
      2792:    256560.000000           1          186.5440   
      2793:    256590.000000           1          186.5447   
      2794:    256620.000000           1          186.5458   
      2795:    256650.000000           1          186.5467   
      2796:    256680.000000           1          186.5486   
      2797:    256710.000000           1          186.5509   
      2798:    256740.000000           1          186.5535   
      2799:    256770.000000           1          186.5556   
      2800:    256800.000000           1          186.5580   
      2801:    256830.000000           1          186.5609   
      2802:    256860.000000           1          186.5632   
      2803:    256890.000000           1          186.5658   
      2804:    256920.000000           1          186.5679   
      2805:    256950.000000           1          186.5693   
      2806:    256980.000000           1          186.5700   
      2807:    257010.000000           1          186.5701   
      2808:    257040.000000           1          186.5694   
      2809:    257070.000000           1          186.5677   
      2810:    257100.000000           1          186.5665   
      2811:    257130.000000           1          186.5660   
      2812:    257160.000000           1          186.5667   
      2813:    257190.000000           1          186.5678   
      2814:    257220.000000           1          186.5691   
      2815:    257250.000000           1          186.5706   
      2816:    257280.000000           1          186.5725   
      2817:    257310.000000           1          186.5748   
      2818:    257340.000000           1          186.5767   
      2819:    257370.000000           1          186.5788   
      2820:    257400.000000           1          186.5795   
      2821:    257430.000000           1          186.5802   
      2822:    257460.000000           1          186.5812   
      2823:    257490.000000           1          186.5817   
      2824:    257520.000000           1          186.5819   
      2825:    257550.000000           1          186.5821   
      2826:    257580.000000           1          186.5818   
      2827:    257610.000000           1          186.5808   
      2828:    257640.000000           1          186.5804   
      2829:    257670.000000           1          186.5806   
      2830:    257700.000000           1          186.5815   
      2831:    257730.000000           1          186.5826   
      2832:    257760.000000           1          186.5837   
      2833:    257790.000000           1          186.5851   
      2834:    257820.000000           1          186.5871   
      2835:    257850.000000           1          186.5888   
      2836:    257880.000000           1          186.5898   
      2837:    257910.000000           1          186.5910   
      2838:    257940.000000           1          186.5920   
      2839:    257970.000000           1          186.5924   
      2840:    258000.000000           1          186.5927   
      2841:    258030.000000           1          186.5925   
      2842:    258060.000000           1          186.5921   
      2843:    258090.000000           1          186.5910   
      2844:    258120.000000           1          186.5902   
      2845:    258150.000000           1          186.5896   
      2846:    258180.000000           1          186.5887   
      2847:    258210.000000           1          186.5878   
      2848:    258240.000000           1          186.5872   
      2849:    258270.000000           1          186.5867   
      2850:    258300.000000           1          186.5875   
      2851:    258330.000000           1          186.5895   
      2852:    258360.000000           1          186.5918   
      2853:    258390.000000           1          186.5938   
      2854:    258420.000000           1          186.5951   
      2855:    258450.000000           1          186.5959   
      2856:    258480.000000           1          186.5967   
      2857:    258510.000000           1          186.5978   
      2858:    258540.000000           1          186.5989   
      2859:    258570.000000           1          186.5997   
      2860:    258600.000000           1          186.6008   
      2861:    258630.000000           1          186.6017   
      2862:    258660.000000           1          186.6023   
      2863:    258690.000000           1          186.6029   
      2864:    258720.000000           1          186.6033   
      2865:    258750.000000           1          186.6038   
      2866:    258780.000000           1          186.6045   
      2867:    258810.000000           1          186.6054   
      2868:    258840.000000           1          186.6063   
      2869:    258870.000000           1          186.6067   
      2870:    258900.000000           1          186.6071   
      2871:    258930.000000           1          186.6077   
      2872:    258960.000000           1          186.6085   
      2873:    258990.000000           1          186.6097   
      2874:    259020.000000           1          186.6114   
      2875:    259050.000000           1          186.6134   
      2876:    259080.000000           1          186.6156   
      2877:    259110.000000           1          186.6185   
      2878:    259140.000000           1          186.6212   
      2879:    259170.000000           1          186.6238   
