       430:    185700.000000           1           32.8885   
       431:    185730.000000           1           32.9203   
       432:    185760.000000           1           32.8885   
       433:    185790.000000           1           32.8636   
       434:    185820.000000           1           32.8519   
       435:    185850.000000           1           32.8144   
       436:    185880.000000           1           32.8251   
       437:    185910.000000           1           32.8413   
       438:    185940.000000           1           32.8240   
       439:    185970.000000           1           32.8079   
       440:    186000.000000           1           32.8015   
       441:    186030.000000           1           32.8163   
       442:    186060.000000           1           32.8246   
       443:    186090.000000           1           32.8299   
       444:    186120.000000           1           32.8149   
       445:    186150.000000           1           32.7966   
       446:    186180.000000           1           32.7996   
       447:    186210.000000           1           32.7947   
       448:    186240.000000           1           32.7799   
       449:    186270.000000           1           32.7704   
       450:    186300.000000           1           32.7700   
       451:    186330.000000           1           32.7728   
       452:    186360.000000           1           32.7612   
       453:    186390.000000           1           32.7594   
       454:    186420.000000           1           32.7531   
       455:    186450.000000           1           32.7513   
       456:    186480.000000           1           32.7502   
       457:    186510.000000           1           32.7573   
       458:    186540.000000           1           32.7558   
       459:    186570.000000           1           32.7416   
       460:    186600.000000           1           32.7233   
       461:    186630.000000           1           32.7127   
       462:    186660.000000           1           32.6993   
       463:    186690.000000           1           32.6911   
       464:    186720.000000           1           32.6813   
       465:    186750.000000           1           32.6768   
       466:    186780.000000           1           32.6717   
       467:    186810.000000           1           32.6729   
       468:    186840.000000           1           32.6723   
       469:    186870.000000           1           32.6680   
       470:    186900.000000           1           32.6599   
       471:    186930.000000           1           32.6540   
       472:    186960.000000           1           32.6468   
       473:    186990.000000           1           32.6398   
       474:    187020.000000           1           32.6303   
       475:    187050.000000           1           32.6208   
       476:    187080.000000           1           32.6189   
       477:    187110.000000           1           32.6130   
       478:    187140.000000           1           32.6131   
       479:    187170.000000           1           32.6155   
       480:    187200.000000           1           32.6146   
       481:    187230.000000           1           32.6090   
       482:    187260.000000           1           32.6071   
       483:    187290.000000           1           32.6060   
       484:    187320.000000           1           32.6038   
       485:    187350.000000           1           32.5997   
       486:    187380.000000           1           32.5976   
       487:    187410.000000           1           32.5990   
       488:    187440.000000           1           32.5980   
       489:    187470.000000           1           32.5964   
       490:    187500.000000           1           32.5902   
       491:    187530.000000           1           32.5837   
       492:    187560.000000           1           32.5753   
       493:    187590.000000           1           32.5676   
       494:    187620.000000           1           32.5534   
       495:    187650.000000           1           32.5457   
       496:    187680.000000           1           32.5406   
       497:    187710.000000           1           32.5322   
       498:    187740.000000           1           32.5276   
       499:    187770.000000           1           32.5241   
       500:    187800.000000           1           32.5198   
       501:    187830.000000           1           32.5147   
       502:    187860.000000           1           32.5060   
       503:    187890.000000           1           32.4967   
       504:    187920.000000           1           32.4925   
       505:    187950.000000           1           32.4845   
       506:    187980.000000           1           32.4766   
       507:    188010.000000           1           32.4697   
       508:    188040.000000           1           32.4647   
       509:    188070.000000           1           32.4626   
       510:    188100.000000           1           32.4562   
       511:    188130.000000           1           32.4555   
       512:    188160.000000           1           32.4603   
       513:    188190.000000           1           32.4622   
       514:    188220.000000           1           32.4600   
       515:    188250.000000           1           32.4568   
       516:    188280.000000           1           32.4520   
       517:    188310.000000           1           32.4448   
       518:    188340.000000           1           32.4358   
       519:    188370.000000           1           32.4252   
       520:    188400.000000           1           32.4135   
       521:    188430.000000           1           32.4056   
       522:    188460.000000           1           32.4035   
       523:    188490.000000           1           32.4007   
       524:    188520.000000           1           32.3957   
       525:    188550.000000           1           32.3918   
       526:    188580.000000           1           32.3875   
       527:    188610.000000           1           32.3827   
       528:    188640.000000           1           32.3774   
       529:    188670.000000           1           32.3692   
       530:    188700.000000           1           32.3615   
       531:    188730.000000           1           32.3521   
       532:    188760.000000           1           32.3429   
       533:    188790.000000           1           32.3385   
       534:    188820.000000           1           32.3334   
       535:    188850.000000           1           32.3221   
       536:    188880.000000           1           32.3097   
       537:    188910.000000           1           32.2990   
       538:    188940.000000           1           32.2927   
       539:    188970.000000           1           32.2881   
       540:    189000.000000           1           32.2833   
       541:    189030.000000           1           32.2795   
       542:    189060.000000           1           32.2742   
       543:    189090.000000           1           32.2692   
       544:    189120.000000           1           32.2675   
       545:    189150.000000           1           32.2644   
       546:    189180.000000           1           32.2611   
       547:    189210.000000           1           32.2596   
       548:    189240.000000           1           32.2559   
       549:    189270.000000           1           32.2507   
       550:    189300.000000           1           32.2469   
       551:    189330.000000           1           32.2432   
       552:    189360.000000           1           32.2418   
       553:    189390.000000           1           32.2448   
       554:    189420.000000           1           32.2461   
       555:    189450.000000           1           32.2465   
       556:    189480.000000           1           32.2443   
       557:    189510.000000           1           32.2419   
       558:    189540.000000           1           32.2405   
       559:    189570.000000           1           32.2397   
       560:    189600.000000           1           32.2337   
       561:    189630.000000           1           32.2279   
       562:    189660.000000           1           32.2224   
       563:    189690.000000           1           32.2163   
       564:    189720.000000           1           32.2085   
       565:    189750.000000           1           32.2011   
       566:    189780.000000           1           32.1961   
       567:    189810.000000           1           32.1951   
       568:    189840.000000           1           32.1928   
       569:    189870.000000           1           32.1891   
       570:    189900.000000           1           32.1900   
       571:    189930.000000           1           32.1918   
       572:    189960.000000           1           32.1897   
       573:    189990.000000           1           32.1849   
       574:    190020.000000           1           32.1797   
       575:    190050.000000           1           32.1755   
       576:    190080.000000           1           32.1697   
       577:    190110.000000           1           32.1674   
       578:    190140.000000           1           32.1658   
       579:    190170.000000           1           32.1643   
       580:    190200.000000           1           32.1647   
       581:    190230.000000           1           32.1623   
       582:    190260.000000           1           32.1589   
       583:    190290.000000           1           32.1570   
       584:    190320.000000           1           32.1562   
       585:    190350.000000           1           32.1577   
       586:    190380.000000           1           32.1588   
       587:    190410.000000           1           32.1611   
       588:    190440.000000           1           32.1607   
       589:    190470.000000           1           32.1613   
       590:    190500.000000           1           32.1642   
       591:    190530.000000           1           32.1669   
       592:    190560.000000           1           32.1717   
       593:    190590.000000           1           32.1793   
       594:    190620.000000           1           32.1873   
       595:    190650.000000           1           32.1967   
       596:    190680.000000           1           32.2034   
       597:    190710.000000           1           32.2060   
       598:    190740.000000           1           32.2064   
       599:    190770.000000           1           32.2040   
       600:    190800.000000           1           32.2009   
       601:    190830.000000           1           32.1943   
       602:    190860.000000           1           32.1854   
       603:    190890.000000           1           32.1765   
       604:    190920.000000           1           32.1659   
       605:    190950.000000           1           32.1549   
       606:    190980.000000           1           32.1445   
       607:    191010.000000           1           32.1378   
       608:    191040.000000           1           32.1341   
       609:    191070.000000           1           32.1346   
       610:    191100.000000           1           32.1359   
       611:    191130.000000           1           32.1379   
       612:    191160.000000           1           32.1415   
       613:    191190.000000           1           32.1427   
       614:    191220.000000           1           32.1428   
       615:    191250.000000           1           32.1442   
       616:    191280.000000           1           32.1455   
       617:    191310.000000           1           32.1449   
       618:    191340.000000           1           32.1447   
       619:    191370.000000           1           32.1476   
       620:    191400.000000           1           32.1507   
       621:    191430.000000           1           32.1522   
       622:    191460.000000           1           32.1520   
       623:    191490.000000           1           32.1488   
       624:    191520.000000           1           32.1427   
       625:    191550.000000           1           32.1363   
       626:    191580.000000           1           32.1321   
       627:    191610.000000           1           32.1280   
       628:    191640.000000           1           32.1246   
       629:    191670.000000           1           32.1222   
       630:    191700.000000           1           32.1212   
       631:    191730.000000           1           32.1217   
       632:    191760.000000           1           32.1236   
       633:    191790.000000           1           32.1266   
       634:    191820.000000           1           32.1273   
       635:    191850.000000           1           32.1258   
       636:    191880.000000           1           32.1214   
       637:    191910.000000           1           32.1161   
       638:    191940.000000           1           32.1144   
       639:    191970.000000           1           32.1134   
       640:    192000.000000           1           32.1137   
       641:    192030.000000           1           32.1143   
       642:    192060.000000           1           32.1150   
       643:    192090.000000           1           32.1171   
       644:    192120.000000           1           32.1152   
       645:    192150.000000           1           32.1120   
       646:    192180.000000           1           32.1103   
       647:    192210.000000           1           32.1093   
       648:    192240.000000           1           32.1101   
       649:    192270.000000           1           32.1120   
       650:    192300.000000           1           32.1170   
       651:    192330.000000           1           32.1251   
       652:    192360.000000           1           32.1328   
       653:    192390.000000           1           32.1383   
       654:    192420.000000           1           32.1460   
       655:    192450.000000           1           32.1539   
       656:    192480.000000           1           32.1595   
       657:    192510.000000           1           32.1620   
       658:    192540.000000           1           32.1628   
       659:    192570.000000           1           32.1629   
       660:    192600.000000           1           32.1628   
       661:    192630.000000           1           32.1618   
       662:    192660.000000           1           32.1590   
       663:    192690.000000           1           32.1547   
       664:    192720.000000           1           32.1505   
       665:    192750.000000           1           32.1485   
       666:    192780.000000           1           32.1458   
       667:    192810.000000           1           32.1454   
       668:    192840.000000           1           32.1458   
       669:    192870.000000           1           32.1489   
       670:    192900.000000           1           32.1554   
       671:    192930.000000           1           32.1645   
       672:    192960.000000           1           32.1749   
       673:    192990.000000           1           32.1825   
       674:    193020.000000           1           32.1893   
       675:    193050.000000           1           32.1934   
       676:    193080.000000           1           32.1950   
       677:    193110.000000           1           32.1930   
       678:    193140.000000           1           32.1935   
       679:    193170.000000           1           32.1960   
       680:    193200.000000           1           32.1962   
       681:    193230.000000           1           32.1946   
       682:    193260.000000           1           32.1950   
       683:    193290.000000           1           32.1938   
       684:    193320.000000           1           32.1942   
       685:    193350.000000           1           32.1942   
       686:    193380.000000           1           32.1947   
       687:    193410.000000           1           32.1985   
       688:    193440.000000           1           32.2040   
       689:    193470.000000           1           32.2067   
       690:    193500.000000           1           32.2087   
       691:    193530.000000           1           32.2107   
       692:    193560.000000           1           32.2113   
       693:    193590.000000           1           32.2133   
       694:    193620.000000           1           32.2120   
       695:    193650.000000           1           32.2075   
       696:    193680.000000           1           32.2029   
       697:    193710.000000           1           32.1992   
       698:    193740.000000           1           32.1961   
       699:    193770.000000           1           32.1949   
       700:    193800.000000           1           32.1934   
       701:    193830.000000           1           32.1910   
       702:    193860.000000           1           32.1905   
       703:    193890.000000           1           32.1876   
       704:    193920.000000           1           32.1849   
       705:    193950.000000           1           32.1818   
       706:    193980.000000           1           32.1792   
       707:    194010.000000           1           32.1779   
       708:    194040.000000           1           32.1777   
       709:    194070.000000           1           32.1768   
       710:    194100.000000           1           32.1765   
       711:    194130.000000           1           32.1739   
       712:    194160.000000           1           32.1701   
       713:    194190.000000           1           32.1672   
       714:    194220.000000           1           32.1655   
       715:    194250.000000           1           32.1617   
       716:    194280.000000           1           32.1581   
       717:    194310.000000           1           32.1541   
       718:    194340.000000           1           32.1495   
       719:    194370.000000           1           32.1465   
       720:    194400.000000           1           32.1442   
       721:    194430.000000           1           32.1443   
       722:    194460.000000           1           32.1452   
       723:    194490.000000           1           32.1471   
       724:    194520.000000           1           32.1474   
       725:    194550.000000           1           32.1465   
       726:    194580.000000           1           32.1446   
       727:    194610.000000           1           32.1409   
       728:    194640.000000           1           32.1363   
       729:    194670.000000           1           32.1332   
       730:    194700.000000           1           32.1307   
       731:    194730.000000           1           32.1286   
       732:    194760.000000           1           32.1251   
       733:    194790.000000           1           32.1205   
       734:    194820.000000           1           32.1185   
       735:    194850.000000           1           32.1209   
       736:    194880.000000           1           32.1246   
       737:    194910.000000           1           32.1273   
       738:    194940.000000           1           32.1275   
       739:    194970.000000           1           32.1278   
       740:    195000.000000           1           32.1261   
       741:    195030.000000           1           32.1223   
       742:    195060.000000           1           32.1195   
       743:    195090.000000           1           32.1171   
       744:    195120.000000           1           32.1171   
       745:    195150.000000           1           32.1175   
       746:    195180.000000           1           32.1181   
       747:    195210.000000           1           32.1203   
       748:    195240.000000           1           32.1250   
       749:    195270.000000           1           32.1257   
       750:    195300.000000           1           32.1226   
       751:    195330.000000           1           32.1179   
       752:    195360.000000           1           32.1130   
       753:    195390.000000           1           32.1084   
       754:    195420.000000           1           32.1049   
       755:    195450.000000           1           32.1010   
       756:    195480.000000           1           32.0992   
       757:    195510.000000           1           32.0994   
       758:    195540.000000           1           32.1009   
       759:    195570.000000           1           32.1020   
       760:    195600.000000           1           32.1018   
       761:    195630.000000           1           32.1017   
       762:    195660.000000           1           32.1003   
       763:    195690.000000           1           32.0981   
       764:    195720.000000           1           32.0956   
       765:    195750.000000           1           32.0923   
       766:    195780.000000           1           32.0873   
       767:    195810.000000           1           32.0822   
       768:    195840.000000           1           32.0780   
       769:    195870.000000           1           32.0762   
       770:    195900.000000           1           32.0781   
       771:    195930.000000           1           32.0810   
       772:    195960.000000           1           32.0826   
       773:    195990.000000           1           32.0847   
       774:    196020.000000           1           32.0866   
       775:    196050.000000           1           32.0881   
       776:    196080.000000           1           32.0882   
       777:    196110.000000           1           32.0878   
       778:    196140.000000           1           32.0878   
       779:    196170.000000           1           32.0878   
       780:    196200.000000           1           32.0903   
       781:    196230.000000           1           32.0905   
       782:    196260.000000           1           32.0891   
       783:    196290.000000           1           32.0865   
       784:    196320.000000           1           32.0833   
       785:    196350.000000           1           32.0816   
       786:    196380.000000           1           32.0794   
       787:    196410.000000           1           32.0759   
       788:    196440.000000           1           32.0715   
       789:    196470.000000           1           32.0673   
       790:    196500.000000           1           32.0634   
       791:    196530.000000           1           32.0634   
       792:    196560.000000           1           32.0659   
       793:    196590.000000           1           32.0692   
       794:    196620.000000           1           32.0727   
       795:    196650.000000           1           32.0765   
       796:    196680.000000           1           32.0788   
       797:    196710.000000           1           32.0793   
       798:    196740.000000           1           32.0779   
       799:    196770.000000           1           32.0756   
       800:    196800.000000           1           32.0714   
       801:    196830.000000           1           32.0693   
       802:    196860.000000           1           32.0690   
       803:    196890.000000           1           32.0716   
       804:    196920.000000           1           32.0754   
       805:    196950.000000           1           32.0770   
       806:    196980.000000           1           32.0763   
       807:    197010.000000           1           32.0752   
       808:    197040.000000           1           32.0740   
       809:    197070.000000           1           32.0750   
       810:    197100.000000           1           32.0768   
       811:    197130.000000           1           32.0790   
       812:    197160.000000           1           32.0786   
       813:    197190.000000           1           32.0812   
       814:    197220.000000           1           32.0806   
       815:    197250.000000           1           32.0741   
       816:    197280.000000           1           32.0761   
       817:    197310.000000           1           32.0817   
       818:    197340.000000           1           32.0827   
       819:    197370.000000           1           32.0765   
       820:    197400.000000           1           32.0732   
       821:    197430.000000           1           32.0773   
       822:    197460.000000           1           32.0858   
       823:    197490.000000           1           32.0975   
       824:    197520.000000           1           32.1071   
       825:    197550.000000           1           32.1110   
       826:    197580.000000           1           32.1115   
       827:    197610.000000           1           32.1123   
       828:    197640.000000           1           32.1119   
       829:    197670.000000           1           32.1120   
       830:    197700.000000           1           32.1125   
       831:    197730.000000           1           32.1124   
       832:    197760.000000           1           32.1110   
       833:    197790.000000           1           32.1092   
       834:    197820.000000           1           32.1094   
       835:    197850.000000           1           32.1104   
       836:    197880.000000           1           32.1129   
       837:    197910.000000           1           32.1162   
       838:    197940.000000           1           32.1182   
       839:    197970.000000           1           32.1170   
       840:    198000.000000           1           32.1153   
       841:    198030.000000           1           32.1154   
       842:    198060.000000           1           32.1187   
       843:    198090.000000           1           32.1268   
       844:    198120.000000           1           32.1368   
       845:    198150.000000           1           32.1453   
       846:    198180.000000           1           32.1480   
       847:    198210.000000           1           32.1463   
       848:    198240.000000           1           32.1444   
       849:    198270.000000           1           32.1441   
       850:    198300.000000           1           32.1467   
       851:    198330.000000           1           32.1512   
       852:    198360.000000           1           32.1568   
       853:    198390.000000           1           32.1602   
       854:    198420.000000           1           32.1618   
       855:    198450.000000           1           32.1603   
       856:    198480.000000           1           32.1580   
       857:    198510.000000           1           32.1551   
       858:    198540.000000           1           32.1519   
       859:    198570.000000           1           32.1504   
       860:    198600.000000           1           32.1514   
       861:    198630.000000           1           32.1532   
       862:    198660.000000           1           32.1539   
       863:    198690.000000           1           32.1538   
       864:    198720.000000           1           32.1525   
       865:    198750.000000           1           32.1532   
       866:    198780.000000           1           32.1555   
       867:    198810.000000           1           32.1578   
       868:    198840.000000           1           32.1604   
       869:    198870.000000           1           32.1644   
       870:    198900.000000           1           32.1694   
       871:    198930.000000           1           32.1728   
       872:    198960.000000           1           32.1739   
       873:    198990.000000           1           32.1744   
       874:    199020.000000           1           32.1750   
       875:    199050.000000           1           32.1745   
       876:    199080.000000           1           32.1731   
       877:    199110.000000           1           32.1703   
       878:    199140.000000           1           32.1672   
       879:    199170.000000           1           32.1633   
       880:    199200.000000           1           32.1590   
       881:    199230.000000           1           32.1545   
       882:    199260.000000           1           32.1517   
       883:    199290.000000           1           32.1507   
       884:    199320.000000           1           32.1516   
       885:    199350.000000           1           32.1543   
       886:    199380.000000           1           32.1585   
       887:    199410.000000           1           32.1604   
       888:    199440.000000           1           32.1594   
       889:    199470.000000           1           32.1573   
       890:    199500.000000           1           32.1542   
       891:    199530.000000           1           32.1524   
       892:    199560.000000           1           32.1525   
       893:    199590.000000           1           32.1523   
       894:    199620.000000           1           32.1526   
       895:    199650.000000           1           32.1532   
       896:    199680.000000           1           32.1526   
       897:    199710.000000           1           32.1520   
       898:    199740.000000           1           32.1522   
       899:    199770.000000           1           32.1521   
       900:    199800.000000           1           32.1508   
       901:    199830.000000           1           32.1512   
       902:    199860.000000           1           32.1521   
       903:    199890.000000           1           32.1540   
       904:    199920.000000           1           32.1566   
       905:    199950.000000           1           32.1577   
       906:    199980.000000           1           32.1582   
       907:    200010.000000           1           32.1584   
       908:    200040.000000           1           32.1577   
       909:    200070.000000           1           32.1554   
       910:    200100.000000           1           32.1523   
       911:    200130.000000           1           32.1502   
       912:    200160.000000           1           32.1503   
       913:    200190.000000           1           32.1522   
       914:    200220.000000           1           32.1545   
       915:    200250.000000           1           32.1552   
       916:    200280.000000           1           32.1547   
       917:    200310.000000           1           32.1537   
       918:    200340.000000           1           32.1516   
       919:    200370.000000           1           32.1513   
       920:    200400.000000           1           32.1516   
       921:    200430.000000           1           32.1525   
       922:    200460.000000           1           32.1523   
       923:    200490.000000           1           32.1510   
       924:    200520.000000           1           32.1503   
       925:    200550.000000           1           32.1488   
       926:    200580.000000           1           32.1501   
       927:    200610.000000           1           32.1515   
       928:    200640.000000           1           32.1529   
       929:    200670.000000           1           32.1546   
       930:    200700.000000           1           32.1545   
       931:    200730.000000           1           32.1504   
       932:    200760.000000           1           32.1464   
       933:    200790.000000           1           32.1425   
       934:    200820.000000           1           32.1391   
       935:    200850.000000           1           32.1371   
       936:    200880.000000           1           32.1358   
       937:    200910.000000           1           32.1363   
       938:    200940.000000           1           32.1371   
       939:    200970.000000           1           32.1378   
       940:    201000.000000           1           32.1378   
       941:    201030.000000           1           32.1359   
       942:    201060.000000           1           32.1325   
       943:    201090.000000           1           32.1289   
       944:    201120.000000           1           32.1255   
       945:    201150.000000           1           32.1242   
       946:    201180.000000           1           32.1257   
       947:    201210.000000           1           32.1280   
       948:    201240.000000           1           32.1301   
       949:    201270.000000           1           32.1334   
       950:    201300.000000           1           32.1339   
       951:    201330.000000           1           32.1341   
       952:    201360.000000           1           32.1340   
       953:    201390.000000           1           32.1325   
       954:    201420.000000           1           32.1311   
       955:    201450.000000           1           32.1312   
       956:    201480.000000           1           32.1329   
       957:    201510.000000           1           32.1335   
       958:    201540.000000           1           32.1325   
       959:    201570.000000           1           32.1320   
       960:    201600.000000           1           32.1316   
       961:    201630.000000           1           32.1310   
       962:    201660.000000           1           32.1311   
       963:    201690.000000           1           32.1311   
       964:    201720.000000           1           32.1322   
       965:    201750.000000           1           32.1336   
       966:    201780.000000           1           32.1337   
       967:    201810.000000           1           32.1328   
       968:    201840.000000           1           32.1327   
       969:    201870.000000           1           32.1320   
       970:    201900.000000           1           32.1312   
       971:    201930.000000           1           32.1323   
       972:    201960.000000           1           32.1355   
       973:    201990.000000           1           32.1390   
       974:    202020.000000           1           32.1423   
       975:    202050.000000           1           32.1434   
       976:    202080.000000           1           32.1440   
       977:    202110.000000           1           32.1444   
       978:    202140.000000           1           32.1438   
       979:    202170.000000           1           32.1436   
       980:    202200.000000           1           32.1438   
       981:    202230.000000           1           32.1440   
       982:    202260.000000           1           32.1444   
       983:    202290.000000           1           32.1447   
       984:    202320.000000           1           32.1455   
       985:    202350.000000           1           32.1470   
       986:    202380.000000           1           32.1486   
       987:    202410.000000           1           32.1499   
       988:    202440.000000           1           32.1507   
       989:    202470.000000           1           32.1498   
       990:    202500.000000           1           32.1477   
       991:    202530.000000           1           32.1455   
       992:    202560.000000           1           32.1424   
       993:    202590.000000           1           32.1387   
       994:    202620.000000           1           32.1345   
       995:    202650.000000           1           32.1318   
       996:    202680.000000           1           32.1299   
       997:    202710.000000           1           32.1291   
       998:    202740.000000           1           32.1289   
       999:    202770.000000           1           32.1276   
      1000:    202800.000000           1           32.1253   
      1001:    202830.000000           1           32.1231   
      1002:    202860.000000           1           32.1221   
      1003:    202890.000000           1           32.1219   
      1004:    202920.000000           1           32.1224   
      1005:    202950.000000           1           32.1221   
      1006:    202980.000000           1           32.1207   
      1007:    203010.000000           1           32.1180   
      1008:    203040.000000           1           32.1157   
      1009:    203070.000000           1           32.1134   
      1010:    203100.000000           1           32.1114   
      1011:    203130.000000           1           32.1100   
      1012:    203160.000000           1           32.1101   
      1013:    203190.000000           1           32.1102   
      1014:    203220.000000           1           32.1093   
      1015:    203250.000000           1           32.1083   
      1016:    203280.000000           1           32.1081   
      1017:    203310.000000           1           32.1073   
      1018:    203340.000000           1           32.1065   
      1019:    203370.000000           1           32.1065   
      1020:    203400.000000           1           32.1066   
      1021:    203430.000000           1           32.1056   
      1022:    203460.000000           1           32.1044   
      1023:    203490.000000           1           32.1033   
      1024:    203520.000000           1           32.1014   
      1025:    203550.000000           1           32.0992   
      1026:    203580.000000           1           32.0975   
      1027:    203610.000000           1           32.0968   
      1028:    203640.000000           1           32.0965   
      1029:    203670.000000           1           32.0955   
      1030:    203700.000000           1           32.0934   
      1031:    203730.000000           1           32.0903   
      1032:    203760.000000           1           32.0864   
      1033:    203790.000000           1           32.0831   
      1034:    203820.000000           1           32.0784   
      1035:    203850.000000           1           32.0745   
      1036:    203880.000000           1           32.0704   
      1037:    203910.000000           1           32.0663   
      1038:    203940.000000           1           32.0638   
      1039:    203970.000000           1           32.0614   
      1040:    204000.000000           1           32.0597   
      1041:    204030.000000           1           32.0601   
      1042:    204060.000000           1           32.0601   
      1043:    204090.000000           1           32.0600   
      1044:    204120.000000           1           32.0618   
      1045:    204150.000000           1           32.0661   
      1046:    204180.000000           1           32.0702   
      1047:    204210.000000           1           32.0718   
      1048:    204240.000000           1           32.0720   
      1049:    204270.000000           1           32.0719   
      1050:    204300.000000           1           32.0719   
      1051:    204330.000000           1           32.0722   
      1052:    204360.000000           1           32.0726   
      1053:    204390.000000           1           32.0719   
      1054:    204420.000000           1           32.0690   
      1055:    204450.000000           1           32.0661   
      1056:    204480.000000           1           32.0622   
      1057:    204510.000000           1           32.0594   
      1058:    204540.000000           1           32.0577   
      1059:    204570.000000           1           32.0552   
      1060:    204600.000000           1           32.0544   
      1061:    204630.000000           1           32.0538   
      1062:    204660.000000           1           32.0550   
      1063:    204690.000000           1           32.0576   
      1064:    204720.000000           1           32.0597   
      1065:    204750.000000           1           32.0599   
      1066:    204780.000000           1           32.0585   
      1067:    204810.000000           1           32.0571   
      1068:    204840.000000           1           32.0557   
      1069:    204870.000000           1           32.0550   
      1070:    204900.000000           1           32.0555   
      1071:    204930.000000           1           32.0584   
      1072:    204960.000000           1           32.0617   
      1073:    204990.000000           1           32.0632   
      1074:    205020.000000           1           32.0648   
      1075:    205050.000000           1           32.0659   
      1076:    205080.000000           1           32.0665   
      1077:    205110.000000           1           32.0679   
      1078:    205140.000000           1           32.0680   
      1079:    205170.000000           1           32.0681   
      1080:    205200.000000           1           32.0693   
      1081:    205230.000000           1           32.0708   
      1082:    205260.000000           1           32.0714   
      1083:    205290.000000           1           32.0704   
      1084:    205320.000000           1           32.0699   
      1085:    205350.000000           1           32.0708   
      1086:    205380.000000           1           32.0720   
      1087:    205410.000000           1           32.0736   
      1088:    205440.000000           1           32.0757   
      1089:    205470.000000           1           32.0770   
      1090:    205500.000000           1           32.0777   
      1091:    205530.000000           1           32.0787   
      1092:    205560.000000           1           32.0788   
      1093:    205590.000000           1           32.0775   
      1094:    205620.000000           1           32.0759   
      1095:    205650.000000           1           32.0755   
      1096:    205680.000000           1           32.0752   
      1097:    205710.000000           1           32.0747   
      1098:    205740.000000           1           32.0738   
      1099:    205770.000000           1           32.0735   
      1100:    205800.000000           1           32.0733   
      1101:    205830.000000           1           32.0724   
      1102:    205860.000000           1           32.0723   
      1103:    205890.000000           1           32.0739   
      1104:    205920.000000           1           32.0779   
      1105:    205950.000000           1           32.0825   
      1106:    205980.000000           1           32.0857   
      1107:    206010.000000           1           32.0890   
      1108:    206040.000000           1           32.0929   
      1109:    206070.000000           1           32.0965   
      1110:    206100.000000           1           32.1011   
      1111:    206130.000000           1           32.1049   
      1112:    206160.000000           1           32.1077   
      1113:    206190.000000           1           32.1081   
      1114:    206220.000000           1           32.1068   
      1115:    206250.000000           1           32.1064   
      1116:    206280.000000           1           32.1064   
      1117:    206310.000000           1           32.1070   
      1118:    206340.000000           1           32.1077   
      1119:    206370.000000           1           32.1071   
      1120:    206400.000000           1           32.1056   
      1121:    206430.000000           1           32.1048   
      1122:    206460.000000           1           32.1057   
      1123:    206490.000000           1           32.1060   
      1124:    206520.000000           1           32.1048   
      1125:    206550.000000           1           32.1030   
      1126:    206580.000000           1           32.1011   
      1127:    206610.000000           1           32.0995   
      1128:    206640.000000           1           32.0984   
      1129:    206670.000000           1           32.0999   
      1130:    206700.000000           1           32.1031   
      1131:    206730.000000           1           32.1059   
      1132:    206760.000000           1           32.1076   
      1133:    206790.000000           1           32.1091   
      1134:    206820.000000           1           32.1098   
      1135:    206850.000000           1           32.1104   
      1136:    206880.000000           1           32.1115   
      1137:    206910.000000           1           32.1112   
      1138:    206940.000000           1           32.1102   
      1139:    206970.000000           1           32.1090   
      1140:    207000.000000           1           32.1073   
      1141:    207030.000000           1           32.1064   
      1142:    207060.000000           1           32.1037   
      1143:    207090.000000           1           32.1014   
      1144:    207120.000000           1           32.1023   
      1145:    207150.000000           1           32.1026   
      1146:    207180.000000           1           32.1033   
      1147:    207210.000000           1           32.1039   
      1148:    207240.000000           1           32.1020   
      1149:    207270.000000           1           32.1001   
      1150:    207300.000000           1           32.0989   
      1151:    207330.000000           1           32.0978   
      1152:    207360.000000           1           32.0969   
      1153:    207390.000000           1           32.0966   
      1154:    207420.000000           1           32.0960   
      1155:    207450.000000           1           32.0939   
      1156:    207480.000000           1           32.0901   
      1157:    207510.000000           1           32.0868   
      1158:    207540.000000           1           32.0848   
      1159:    207570.000000           1           32.0844   
      1160:    207600.000000           1           32.0870   
      1161:    207630.000000           1           32.0883   
      1162:    207660.000000           1           32.0891   
      1163:    207690.000000           1           32.0902   
      1164:    207720.000000           1           32.0919   
      1165:    207750.000000           1           32.0946   
      1166:    207780.000000           1           32.0963   
      1167:    207810.000000           1           32.0977   
      1168:    207840.000000           1           32.0994   
      1169:    207870.000000           1           32.1017   
      1170:    207900.000000           1           32.1041   
      1171:    207930.000000           1           32.1048   
      1172:    207960.000000           1           32.1044   
      1173:    207990.000000           1           32.1053   
      1174:    208020.000000           1           32.1079   
      1175:    208050.000000           1           32.1101   
      1176:    208080.000000           1           32.1116   
      1177:    208110.000000           1           32.1124   
      1178:    208140.000000           1           32.1121   
      1179:    208170.000000           1           32.1092   
      1180:    208200.000000           1           32.1057   
      1181:    208230.000000           1           32.1032   
      1182:    208260.000000           1           32.1033   
      1183:    208290.000000           1           32.1068   
      1184:    208320.000000           1           32.1116   
      1185:    208350.000000           1           32.1155   
      1186:    208380.000000           1           32.1162   
      1187:    208410.000000           1           32.1137   
      1188:    208440.000000           1           32.1093   
      1189:    208470.000000           1           32.1041   
      1190:    208500.000000           1           32.1014   
      1191:    208530.000000           1           32.1011   
      1192:    208560.000000           1           32.1024   
      1193:    208590.000000           1           32.1050   
      1194:    208620.000000           1           32.1084   
      1195:    208650.000000           1           32.1133   
      1196:    208680.000000           1           32.1179   
      1197:    208710.000000           1           32.1207   
      1198:    208740.000000           1           32.1216   
      1199:    208770.000000           1           32.1193   
      1200:    208800.000000           1           32.1150   
      1201:    208830.000000           1           32.1116   
      1202:    208860.000000           1           32.1092   
      1203:    208890.000000           1           32.1075   
      1204:    208920.000000           1           32.1054   
      1205:    208950.000000           1           32.1049   
      1206:    208980.000000           1           32.1047   
      1207:    209010.000000           1           32.1054   
      1208:    209040.000000           1           32.1057   
      1209:    209070.000000           1           32.1051   
      1210:    209100.000000           1           32.1048   
      1211:    209130.000000           1           32.1058   
      1212:    209160.000000           1           32.1065   
      1213:    209190.000000           1           32.1086   
      1214:    209220.000000           1           32.1103   
      1215:    209250.000000           1           32.1123   
      1216:    209280.000000           1           32.1138   
      1217:    209310.000000           1           32.1156   
      1218:    209340.000000           1           32.1181   
      1219:    209370.000000           1           32.1205   
      1220:    209400.000000           1           32.1230   
      1221:    209430.000000           1           32.1249   
      1222:    209460.000000           1           32.1267   
      1223:    209490.000000           1           32.1278   
      1224:    209520.000000           1           32.1297   
      1225:    209550.000000           1           32.1316   
      1226:    209580.000000           1           32.1326   
      1227:    209610.000000           1           32.1334   
      1228:    209640.000000           1           32.1336   
      1229:    209670.000000           1           32.1335   
      1230:    209700.000000           1           32.1315   
      1231:    209730.000000           1           32.1299   
      1232:    209760.000000           1           32.1295   
      1233:    209790.000000           1           32.1300   
      1234:    209820.000000           1           32.1309   
      1235:    209850.000000           1           32.1323   
      1236:    209880.000000           1           32.1349   
      1237:    209910.000000           1           32.1379   
      1238:    209940.000000           1           32.1410   
      1239:    209970.000000           1           32.1446   
      1240:    210000.000000           1           32.1480   
      1241:    210030.000000           1           32.1512   
      1242:    210060.000000           1           32.1526   
      1243:    210090.000000           1           32.1531   
      1244:    210120.000000           1           32.1532   
      1245:    210150.000000           1           32.1536   
      1246:    210180.000000           1           32.1548   
      1247:    210210.000000           1           32.1551   
      1248:    210240.000000           1           32.1537   
      1249:    210270.000000           1           32.1514   
      1250:    210300.000000           1           32.1486   
      1251:    210330.000000           1           32.1445   
      1252:    210360.000000           1           32.1407   
      1253:    210390.000000           1           32.1370   
      1254:    210420.000000           1           32.1334   
      1255:    210450.000000           1           32.1289   
      1256:    210480.000000           1           32.1240   
      1257:    210510.000000           1           32.1193   
      1258:    210540.000000           1           32.1149   
      1259:    210570.000000           1           32.1128   
      1260:    210600.000000           1           32.1121   
      1261:    210630.000000           1           32.1124   
      1262:    210660.000000           1           32.1121   
      1263:    210690.000000           1           32.1126   
      1264:    210720.000000           1           32.1149   
      1265:    210750.000000           1           32.1173   
      1266:    210780.000000           1           32.1205   
      1267:    210810.000000           1           32.1230   
      1268:    210840.000000           1           32.1240   
      1269:    210870.000000           1           32.1250   
      1270:    210900.000000           1           32.1250   
      1271:    210930.000000           1           32.1239   
      1272:    210960.000000           1           32.1226   
      1273:    210990.000000           1           32.1215   
      1274:    211020.000000           1           32.1209   
      1275:    211050.000000           1           32.1212   
      1276:    211080.000000           1           32.1227   
      1277:    211110.000000           1           32.1239   
      1278:    211140.000000           1           32.1254   
      1279:    211170.000000           1           32.1272   
      1280:    211200.000000           1           32.1295   
      1281:    211230.000000           1           32.1300   
      1282:    211260.000000           1           32.1288   
      1283:    211290.000000           1           32.1265   
      1284:    211320.000000           1           32.1241   
      1285:    211350.000000           1           32.1222   
      1286:    211380.000000           1           32.1214   
      1287:    211410.000000           1           32.1217   
      1288:    211440.000000           1           32.1238   
      1289:    211470.000000           1           32.1278   
      1290:    211500.000000           1           32.1319   
      1291:    211530.000000           1           32.1358   
      1292:    211560.000000           1           32.1388   
      1293:    211590.000000           1           32.1398   
      1294:    211620.000000           1           32.1390   
      1295:    211650.000000           1           32.1370   
      1296:    211680.000000           1           32.1355   
      1297:    211710.000000           1           32.1365   
      1298:    211740.000000           1           32.1383   
      1299:    211770.000000           1           32.1409   
      1300:    211800.000000           1           32.1452   
      1301:    211830.000000           1           32.1497   
      1302:    211860.000000           1           32.1533   
      1303:    211890.000000           1           32.1551   
      1304:    211920.000000           1           32.1529   
      1305:    211950.000000           1           32.1479   
      1306:    211980.000000           1           32.1443   
      1307:    212010.000000           1           32.1421   
      1308:    212040.000000           1           32.1413   
      1309:    212070.000000           1           32.1417   
      1310:    212100.000000           1           32.1423   
      1311:    212130.000000           1           32.1442   
      1312:    212160.000000           1           32.1465   
      1313:    212190.000000           1           32.1488   
      1314:    212220.000000           1           32.1511   
      1315:    212250.000000           1           32.1536   
      1316:    212280.000000           1           32.1558   
      1317:    212310.000000           1           32.1572   
      1318:    212340.000000           1           32.1585   
      1319:    212370.000000           1           32.1594   
      1320:    212400.000000           1           32.1603   
      1321:    212430.000000           1           32.1605   
      1322:    212460.000000           1           32.1593   
      1323:    212490.000000           1           32.1567   
      1324:    212520.000000           1           32.1543   
      1325:    212550.000000           1           32.1536   
      1326:    212580.000000           1           32.1530   
      1327:    212610.000000           1           32.1523   
      1328:    212640.000000           1           32.1517   
      1329:    212670.000000           1           32.1513   
      1330:    212700.000000           1           32.1504   
      1331:    212730.000000           1           32.1488   
      1332:    212760.000000           1           32.1474   
      1333:    212790.000000           1           32.1472   
      1334:    212820.000000           1           32.1473   
      1335:    212850.000000           1           32.1470   
      1336:    212880.000000           1           32.1454   
      1337:    212910.000000           1           32.1427   
      1338:    212940.000000           1           32.1383   
      1339:    212970.000000           1           32.1341   
      1340:    213000.000000           1           32.1317   
      1341:    213030.000000           1           32.1299   
      1342:    213060.000000           1           32.1276   
      1343:    213090.000000           1           32.1259   
      1344:    213120.000000           1           32.1249   
      1345:    213150.000000           1           32.1241   
      1346:    213180.000000           1           32.1221   
      1347:    213210.000000           1           32.1187   
      1348:    213240.000000           1           32.1165   
      1349:    213270.000000           1           32.1152   
      1350:    213300.000000           1           32.1149   
      1351:    213330.000000           1           32.1159   
      1352:    213360.000000           1           32.1183   
      1353:    213390.000000           1           32.1215   
      1354:    213420.000000           1           32.1248   
      1355:    213450.000000           1           32.1271   
      1356:    213480.000000           1           32.1281   
      1357:    213510.000000           1           32.1287   
      1358:    213540.000000           1           32.1283   
      1359:    213570.000000           1           32.1271   
      1360:    213600.000000           1           32.1266   
      1361:    213630.000000           1           32.1277   
      1362:    213660.000000           1           32.1291   
      1363:    213690.000000           1           32.1295   
      1364:    213720.000000           1           32.1304   
      1365:    213750.000000           1           32.1302   
      1366:    213780.000000           1           32.1291   
      1367:    213810.000000           1           32.1276   
      1368:    213840.000000           1           32.1252   
      1369:    213870.000000           1           32.1217   
      1370:    213900.000000           1           32.1173   
      1371:    213930.000000           1           32.1138   
      1372:    213960.000000           1           32.1105   
      1373:    213990.000000           1           32.1063   
      1374:    214020.000000           1           32.1025   
      1375:    214050.000000           1           32.0988   
      1376:    214080.000000           1           32.0936   
      1377:    214110.000000           1           32.0894   
      1378:    214140.000000           1           32.0877   
      1379:    214170.000000           1           32.0843   
      1380:    214200.000000           1           32.0816   
      1381:    214230.000000           1           32.0799   
      1382:    214260.000000           1           32.0779   
      1383:    214290.000000           1           32.0751   
      1384:    214320.000000           1           32.0715   
      1385:    214350.000000           1           32.0677   
      1386:    214380.000000           1           32.0644   
      1387:    214410.000000           1           32.0623   
      1388:    214440.000000           1           32.0605   
      1389:    214470.000000           1           32.0591   
      1390:    214500.000000           1           32.0589   
      1391:    214530.000000           1           32.0595   
      1392:    214560.000000           1           32.0594   
      1393:    214590.000000           1           32.0586   
      1394:    214620.000000           1           32.0575   
