      1724:    224520.000000           1          135.3446   
      1725:    224550.000000           1          135.2991   
      1726:    224580.000000           1          135.4372   
      1727:    224610.000000           1          135.4855   
      1728:    224640.000000           1          135.4561   
      1729:    224670.000000           1          135.4466   
      1730:    224700.000000           1          135.4010   
      1731:    224730.000000           1          135.3615   
      1732:    224760.000000           1          135.3621   
      1733:    224790.000000           1          135.3927   
      1734:    224820.000000           1          135.4181   
      1735:    224850.000000           1          135.4324   
      1736:    224880.000000           1          135.4400   
      1737:    224910.000000           1          135.4132   
      1738:    224940.000000           1          135.4229   
      1739:    224970.000000           1          135.4310   
      1740:    225000.000000           1          135.4232   
      1741:    225030.000000           1          135.4159   
      1742:    225060.000000           1          135.4062   
      1744:    225120.000000           1          110.8831   
      1745:    225150.000000           1          110.7989   
      1746:    225180.000000           1          110.6938   
      1747:    225210.000000           1          110.6302   
      1748:    225240.000000           1          110.6189   
      1749:    225270.000000           1          110.7107   
      1750:    225300.000000           1          110.7444   
      1751:    225330.000000           1          110.7627   
      1752:    225360.000000           1          110.7441   
      1753:    225390.000000           1          110.7435   
      1754:    225420.000000           1          110.7391   
      1755:    225450.000000           1          110.7266   
      1756:    225480.000000           1          110.7261   
      1757:    225510.000000           1          110.7367   
      1758:    225540.000000           1          110.7535   
      1759:    225570.000000           1          110.7661   
      1760:    225600.000000           1          110.7682   
      1761:    225630.000000           1          110.7834   
      1762:    225660.000000           1          110.7941   
      1763:    225690.000000           1          110.8020   
      1764:    225720.000000           1          110.7912   
      1765:    225750.000000           1          110.7952   
      1766:    225780.000000           1          110.7887   
      1767:    225810.000000           1          110.7951   
      1768:    225840.000000           1          110.7921   
      1769:    225870.000000           1          110.7770   
      1770:    225900.000000           1          110.7573   
      1771:    225930.000000           1          110.7491   
      1772:    225960.000000           1          110.7417   
      1773:    225990.000000           1          110.7372   
      1774:    226020.000000           1          110.7321   
      1775:    226050.000000           1          110.7337   
      1776:    226080.000000           1          110.7237   
      1777:    226110.000000           1          110.7208   
      1778:    226140.000000           1          110.7217   
      1779:    226170.000000           1          110.7140   
      1780:    226200.000000           1          110.7106   
      1781:    226230.000000           1          110.6989   
      1782:    226260.000000           1          110.6838   
      1783:    226290.000000           1          110.6700   
      1784:    226320.000000           1          110.6561   
      1785:    226350.000000           1          110.6532   
      1786:    226380.000000           1          110.6519   
      1787:    226410.000000           1          110.6487   
      1788:    226440.000000           1          110.6462   
      1789:    226470.000000           1          110.6446   
      1790:    226500.000000           1          110.6372   
      1791:    226530.000000           1          110.6281   
      1792:    226560.000000           1          110.6190   
      1793:    226590.000000           1          110.6202   
      1794:    226620.000000           1          110.6201   
      1795:    226650.000000           1          110.6146   
      1796:    226680.000000           1          110.6091   
      1797:    226710.000000           1          110.5993   
      1798:    226740.000000           1          110.5897   
      1799:    226770.000000           1          110.5871   
      1800:    226800.000000           1          110.5840   
      1801:    226830.000000           1          110.5817   
      1802:    226860.000000           1          110.5799   
      1803:    226890.000000           1          110.5777   
      1804:    226920.000000           1          110.5778   
      1805:    226950.000000           1          110.5803   
      1806:    226980.000000           1          110.5801   
      1807:    227010.000000           1          110.5752   
      1808:    227040.000000           1          110.5725   
      1809:    227070.000000           1          110.5731   
      1810:    227100.000000           1          110.5739   
      1811:    227130.000000           1          110.5776   
      1812:    227160.000000           1          110.5824   
      1813:    227190.000000           1          110.5873   
      1814:    227220.000000           1          110.5960   
      1815:    227250.000000           1          110.5994   
      1816:    227280.000000           1          110.6024   
      1817:    227310.000000           1          110.6053   
      1818:    227340.000000           1          110.6114   
      1819:    227370.000000           1          110.6171   
      1820:    227400.000000           1          110.6211   
      1821:    227430.000000           1          110.6222   
      1822:    227460.000000           1          110.6169   
      1823:    227490.000000           1          110.6060   
      1824:    227520.000000           1          110.5964   
      1825:    227550.000000           1          110.5908   
      1826:    227580.000000           1          110.5881   
      1827:    227610.000000           1          110.5855   
      1828:    227640.000000           1          110.5891   
      1829:    227670.000000           1          110.5927   
      1830:    227700.000000           1          110.5919   
      1831:    227730.000000           1          110.5930   
      1832:    227760.000000           1          110.5911   
      1833:    227790.000000           1          110.5868   
      1834:    227820.000000           1          110.5820   
      1835:    227850.000000           1          110.5776   
      1836:    227880.000000           1          110.5723   
      1837:    227910.000000           1          110.5690   
      1838:    227940.000000           1          110.5663   
      1839:    227970.000000           1          110.5620   
      1840:    228000.000000           1          110.5612   
      1841:    228030.000000           1          110.5604   
      1842:    228060.000000           1          110.5603   
      1843:    228090.000000           1          110.5591   
      1844:    228120.000000           1          110.5583   
      1845:    228150.000000           1          110.5586   
      1846:    228180.000000           1          110.5596   
      1847:    228210.000000           1          110.5605   
      1848:    228240.000000           1          110.5618   
      1849:    228270.000000           1          110.5613   
      1850:    228300.000000           1          110.5633   
      1851:    228330.000000           1          110.5653   
      1852:    228360.000000           1          110.5687   
      1853:    228390.000000           1          110.5732   
      1854:    228420.000000           1          110.5768   
      1855:    228450.000000           1          110.5795   
      1856:    228480.000000           1          110.5805   
      1857:    228510.000000           1          110.5804   
      1858:    228540.000000           1          110.5800   
      1859:    228570.000000           1          110.5806   
      1860:    228600.000000           1          110.5817   
      1861:    228630.000000           1          110.5830   
      1862:    228660.000000           1          110.5842   
      1863:    228690.000000           1          110.5879   
      1864:    228720.000000           1          110.5927   
      1865:    228750.000000           1          110.5973   
      1866:    228780.000000           1          110.6032   
      1867:    228810.000000           1          110.6106   
      1868:    228840.000000           1          110.6180   
      1869:    228870.000000           1          110.6232   
      1870:    228900.000000           1          110.6294   
      1871:    228930.000000           1          110.6355   
      1872:    228960.000000           1          110.6391   
      1873:    228990.000000           1          110.6419   
      1874:    229020.000000           1          110.6443   
      1875:    229050.000000           1          110.6462   
      1876:    229080.000000           1          110.6467   
      1877:    229110.000000           1          110.6465   
      1878:    229140.000000           1          110.6465   
      1879:    229170.000000           1          110.6478   
      1880:    229200.000000           1          110.6493   
      1881:    229230.000000           1          110.6511   
      1882:    229260.000000           1          110.6526   
      1883:    229290.000000           1          110.6535   
      1884:    229320.000000           1          110.6560   
      1885:    229350.000000           1          110.6592   
      1886:    229380.000000           1          110.6613   
      1887:    229410.000000           1          110.6640   
      1888:    229440.000000           1          110.6670   
      1889:    229470.000000           1          110.6711   
      1890:    229500.000000           1          110.6729   
      1891:    229530.000000           1          110.6743   
      1892:    229560.000000           1          110.6751   
      1893:    229590.000000           1          110.6750   
      1894:    229620.000000           1          110.6740   
      1895:    229650.000000           1          110.6734   
      1896:    229680.000000           1          110.6738   
      1897:    229710.000000           1          110.6736   
      1898:    229740.000000           1          110.6739   
      1899:    229770.000000           1          110.6748   
      1900:    229800.000000           1          110.6772   
      1901:    229830.000000           1          110.6772   
      1902:    229860.000000           1          110.6764   
      1903:    229890.000000           1          110.6760   
      1904:    229920.000000           1          110.6753   
      1905:    229950.000000           1          110.6751   
      1906:    229980.000000           1          110.6747   
      1907:    230010.000000           1          110.6760   
      1908:    230040.000000           1          110.6776   
      1909:    230070.000000           1          110.6781   
      1910:    230100.000000           1          110.6779   
      1911:    230130.000000           1          110.6781   
      1912:    230160.000000           1          110.6776   
      1913:    230190.000000           1          110.6776   
      1914:    230220.000000           1          110.6767   
      1915:    230250.000000           1          110.6769   
      1916:    230280.000000           1          110.6774   
      1917:    230310.000000           1          110.6780   
      1918:    230340.000000           1          110.6778   
      1919:    230370.000000           1          110.6783   
      1920:    230400.000000           1          110.6783   
      1921:    230430.000000           1          110.6792   
      1922:    230460.000000           1          110.6801   
      1923:    230490.000000           1          110.6800   
      1924:    230520.000000           1          110.6807   
      1925:    230550.000000           1          110.6829   
      1926:    230580.000000           1          110.6858   
      1927:    230610.000000           1          110.6896   
      1928:    230640.000000           1          110.6921   
      1929:    230670.000000           1          110.6946   
      1930:    230700.000000           1          110.6960   
      1931:    230730.000000           1          110.6975   
      1932:    230760.000000           1          110.6997   
      1933:    230790.000000           1          110.7029   
      1934:    230820.000000           1          110.7048   
      1935:    230850.000000           1          110.7064   
      1936:    230880.000000           1          110.7083   
      1937:    230910.000000           1          110.7107   
      1938:    230940.000000           1          110.7128   
      1939:    230970.000000           1          110.7145   
      1940:    231000.000000           1          110.7170   
      1941:    231030.000000           1          110.7209   
      1942:    231060.000000           1          110.7254   
      1943:    231090.000000           1          110.7290   
      1944:    231120.000000           1          110.7328   
      1945:    231150.000000           1          110.7369   
      1946:    231180.000000           1          110.7409   
      1947:    231210.000000           1          110.7448   
      1948:    231240.000000           1          110.7494   
      1949:    231270.000000           1          110.7526   
      1950:    231300.000000           1          110.7557   
      1951:    231330.000000           1          110.7586   
      1952:    231360.000000           1          110.7620   
      1953:    231390.000000           1          110.7648   
      1954:    231420.000000           1          110.7668   
      1955:    231450.000000           1          110.7693   
      1956:    231480.000000           1          110.7709   
      1957:    231510.000000           1          110.7736   
      1958:    231540.000000           1          110.7761   
      1959:    231570.000000           1          110.7792   
      1960:    231600.000000           1          110.7819   
      1961:    231630.000000           1          110.7854   
      1962:    231660.000000           1          110.7897   
      1963:    231690.000000           1          110.7941   
      1964:    231720.000000           1          110.7981   
      1965:    231750.000000           1          110.8015   
      1966:    231780.000000           1          110.8043   
      1967:    231810.000000           1          110.8078   
      1968:    231840.000000           1          110.8119   
      1969:    231870.000000           1          110.8155   
      1970:    231900.000000           1          110.8192   
      1971:    231930.000000           1          110.8220   
      1972:    231960.000000           1          110.8244   
      1973:    231990.000000           1          110.8260   
      1974:    232020.000000           1          110.8273   
      1975:    232050.000000           1          110.8289   
      1976:    232080.000000           1          110.8316   
      1977:    232110.000000           1          110.8342   
      1978:    232140.000000           1          110.8365   
      1979:    232170.000000           1          110.8379   
      1980:    232200.000000           1          110.8392   
      1981:    232230.000000           1          110.8412   
      1982:    232260.000000           1          110.8437   
      1983:    232290.000000           1          110.8471   
      1984:    232320.000000           1          110.8505   
      1985:    232350.000000           1          110.8546   
      1986:    232380.000000           1          110.8587   
      1987:    232410.000000           1          110.8617   
      1988:    232440.000000           1          110.8639   
      1989:    232470.000000           1          110.8656   
      1990:    232500.000000           1          110.8670   
      1991:    232530.000000           1          110.8689   
      1992:    232560.000000           1          110.8711   
      1993:    232590.000000           1          110.8749   
      1994:    232620.000000           1          110.8788   
      1995:    232650.000000           1          110.8833   
      1996:    232680.000000           1          110.8875   
      1997:    232710.000000           1          110.8909   
      1998:    232740.000000           1          110.8934   
      1999:    232770.000000           1          110.8962   
      2000:    232800.000000           1          110.8993   
      2001:    232830.000000           1          110.9020   
      2002:    232860.000000           1          110.9041   
      2003:    232890.000000           1          110.9064   
      2004:    232920.000000           1          110.9087   
      2005:    232950.000000           1          110.9106   
      2006:    232980.000000           1          110.9131   
      2007:    233010.000000           1          110.9164   
      2008:    233040.000000           1          110.9197   
      2009:    233070.000000           1          110.9234   
      2010:    233100.000000           1          110.9276   
      2011:    233130.000000           1          110.9319   
      2012:    233160.000000           1          110.9355   
      2013:    233190.000000           1          110.9388   
      2014:    233220.000000           1          110.9422   
      2015:    233250.000000           1          110.9459   
      2016:    233280.000000           1          110.9494   
      2017:    233310.000000           1          110.9536   
      2018:    233340.000000           1          110.9577   
      2019:    233370.000000           1          110.9612   
      2020:    233400.000000           1          110.9640   
      2021:    233430.000000           1          110.9672   
      2022:    233460.000000           1          110.9702   
      2023:    233490.000000           1          110.9720   
      2024:    233520.000000           1          110.9735   
      2025:    233550.000000           1          110.9756   
      2026:    233580.000000           1          110.9787   
      2027:    233610.000000           1          110.9820   
      2028:    233640.000000           1          110.9860   
      2029:    233670.000000           1          110.9902   
      2030:    233700.000000           1          110.9926   
      2031:    233730.000000           1          110.9951   
      2032:    233760.000000           1          110.9976   
      2033:    233790.000000           1          110.9995   
      2034:    233820.000000           1          111.0012   
      2035:    233850.000000           1          111.0031   
      2036:    233880.000000           1          111.0052   
      2037:    233910.000000           1          111.0081   
      2038:    233940.000000           1          111.0107   
      2039:    233970.000000           1          111.0132   
      2040:    234000.000000           1          111.0160   
      2041:    234030.000000           1          111.0185   
      2042:    234060.000000           1          111.0204   
      2043:    234090.000000           1          111.0210   
      2044:    234120.000000           1          111.0212   
      2045:    234150.000000           1          111.0222   
      2046:    234180.000000           1          111.0233   
      2047:    234210.000000           1          111.0254   
      2048:    234240.000000           1          111.0283   
      2049:    234270.000000           1          111.0326   
      2050:    234300.000000           1          111.0373   
      2051:    234330.000000           1          111.0419   
      2052:    234360.000000           1          111.0458   
      2053:    234390.000000           1          111.0489   
      2054:    234420.000000           1          111.0510   
      2055:    234450.000000           1          111.0517   
      2056:    234480.000000           1          111.0522   
      2057:    234510.000000           1          111.0529   
      2058:    234540.000000           1          111.0528   
      2059:    234570.000000           1          111.0529   
      2060:    234600.000000           1          111.0531   
      2061:    234630.000000           1          111.0544   
      2062:    234660.000000           1          111.0576   
      2063:    234690.000000           1          111.0608   
      2064:    234720.000000           1          111.0627   
      2065:    234750.000000           1          111.0630   
      2066:    234780.000000           1          111.0634   
      2067:    234810.000000           1          111.0657   
      2068:    234840.000000           1          111.0682   
      2069:    234870.000000           1          111.0712   
      2070:    234900.000000           1          111.0747   
      2071:    234930.000000           1          111.0788   
      2072:    234960.000000           1          111.0844   
      2073:    234990.000000           1          111.0901   
      2074:    235020.000000           1          111.0959   
      2075:    235050.000000           1          111.1012   
      2076:    235080.000000           1          111.1052   
      2077:    235110.000000           1          111.1084   
      2078:    235140.000000           1          111.1114   
      2079:    235170.000000           1          111.1150   
      2080:    235200.000000           1          111.1186   
      2081:    235230.000000           1          111.1217   
      2082:    235260.000000           1          111.1252   
      2083:    235290.000000           1          111.1292   
      2084:    235320.000000           1          111.1326   
      2085:    235350.000000           1          111.1344   
      2086:    235380.000000           1          111.1370   
      2087:    235410.000000           1          111.1394   
      2088:    235440.000000           1          111.1399   
      2089:    235470.000000           1          111.1392   
      2090:    235500.000000           1          111.1377   
      2091:    235530.000000           1          111.1371   
      2092:    235560.000000           1          111.1366   
      2093:    235590.000000           1          111.1358   
      2094:    235620.000000           1          111.1360   
      2095:    235650.000000           1          111.1360   
      2096:    235680.000000           1          111.1363   
      2097:    235710.000000           1          111.1367   
      2098:    235740.000000           1          111.1374   
      2099:    235770.000000           1          111.1381   
      2100:    235800.000000           1          111.1380   
      2101:    235830.000000           1          111.1376   
      2102:    235860.000000           1          111.1369   
      2103:    235890.000000           1          111.1359   
      2104:    235920.000000           1          111.1357   
      2105:    235950.000000           1          111.1366   
      2106:    235980.000000           1          111.1384   
      2107:    236010.000000           1          111.1421   
      2108:    236040.000000           1          111.1462   
      2109:    236070.000000           1          111.1503   
      2110:    236100.000000           1          111.1546   
      2111:    236130.000000           1          111.1584   
      2112:    236160.000000           1          111.1630   
      2113:    236190.000000           1          111.1678   
      2114:    236220.000000           1          111.1720   
      2115:    236250.000000           1          111.1759   
      2116:    236280.000000           1          111.1801   
      2117:    236310.000000           1          111.1842   
      2118:    236340.000000           1          111.1875   
      2119:    236370.000000           1          111.1902   
      2120:    236400.000000           1          111.1931   
      2121:    236430.000000           1          111.1963   
      2122:    236460.000000           1          111.1985   
      2123:    236490.000000           1          111.2005   
      2124:    236520.000000           1          111.2033   
      2125:    236550.000000           1          111.2065   
      2126:    236580.000000           1          111.2090   
      2127:    236610.000000           1          111.2119   
      2128:    236640.000000           1          111.2158   
      2129:    236670.000000           1          111.2205   
      2130:    236700.000000           1          111.2239   
      2131:    236730.000000           1          111.2257   
      2132:    236760.000000           1          111.2277   
      2133:    236790.000000           1          111.2290   
      2134:    236820.000000           1          111.2299   
      2135:    236850.000000           1          111.2308   
      2136:    236880.000000           1          111.2318   
      2137:    236910.000000           1          111.2332   
      2138:    236940.000000           1          111.2358   
      2139:    236970.000000           1          111.2376   
      2140:    237000.000000           1          111.2392   
      2141:    237030.000000           1          111.2411   
      2142:    237060.000000           1          111.2435   
      2143:    237090.000000           1          111.2456   
      2144:    237120.000000           1          111.2479   
      2145:    237150.000000           1          111.2505   
      2146:    237180.000000           1          111.2525   
      2147:    237210.000000           1          111.2546   
      2148:    237240.000000           1          111.2567   
      2149:    237270.000000           1          111.2593   
      2150:    237300.000000           1          111.2628   
      2151:    237330.000000           1          111.2665   
      2152:    237360.000000           1          111.2697   
      2153:    237390.000000           1          111.2729   
      2154:    237420.000000           1          111.2762   
      2155:    237450.000000           1          111.2782   
      2156:    237480.000000           1          111.2784   
      2157:    237510.000000           1          111.2786   
      2158:    237540.000000           1          111.2787   
      2159:    237570.000000           1          111.2795   
      2160:    237600.000000           1          111.2797   
      2161:    237630.000000           1          111.2791   
      2162:    237660.000000           1          111.2789   
      2163:    237690.000000           1          111.2784   
      2164:    237720.000000           1          111.2778   
      2165:    237750.000000           1          111.2784   
      2166:    237780.000000           1          111.2799   
      2167:    237810.000000           1          111.2819   
      2168:    237840.000000           1          111.2842   
      2169:    237870.000000           1          111.2867   
      2170:    237900.000000           1          111.2892   
      2171:    237930.000000           1          111.2913   
      2172:    237960.000000           1          111.2928   
      2173:    237990.000000           1          111.2949   
      2174:    238020.000000           1          111.2971   
      2175:    238050.000000           1          111.2990   
      2176:    238080.000000           1          111.3004   
      2177:    238110.000000           1          111.3017   
      2178:    238140.000000           1          111.3031   
      2179:    238170.000000           1          111.3041   
      2180:    238200.000000           1          111.3040   
      2181:    238230.000000           1          111.3047   
      2182:    238260.000000           1          111.3051   
      2183:    238290.000000           1          111.3055   
      2184:    238320.000000           1          111.3070   
      2185:    238350.000000           1          111.3088   
      2186:    238380.000000           1          111.3092   
      2187:    238410.000000           1          111.3101   
      2188:    238440.000000           1          111.3121   
      2189:    238470.000000           1          111.3146   
      2190:    238500.000000           1          111.3173   
      2191:    238530.000000           1          111.3200   
      2192:    238560.000000           1          111.3219   
      2193:    238590.000000           1          111.3233   
      2194:    238620.000000           1          111.3234   
      2195:    238650.000000           1          111.3237   
      2196:    238680.000000           1          111.3232   
      2197:    238710.000000           1          111.3222   
      2198:    238740.000000           1          111.3215   
      2199:    238770.000000           1          111.3210   
      2200:    238800.000000           1          111.3205   
      2201:    238830.000000           1          111.3211   
      2202:    238860.000000           1          111.3220   
      2203:    238890.000000           1          111.3234   
      2204:    238920.000000           1          111.3251   
      2205:    238950.000000           1          111.3263   
      2206:    238980.000000           1          111.3268   
      2207:    239010.000000           1          111.3277   
      2208:    239040.000000           1          111.3290   
      2209:    239070.000000           1          111.3303   
      2210:    239100.000000           1          111.3305   
      2211:    239130.000000           1          111.3305   
      2212:    239160.000000           1          111.3303   
      2213:    239190.000000           1          111.3299   
      2214:    239220.000000           1          111.3293   
      2215:    239250.000000           1          111.3285   
      2216:    239280.000000           1          111.3279   
      2217:    239310.000000           1          111.3272   
      2218:    239340.000000           1          111.3263   
      2219:    239370.000000           1          111.3272   
      2220:    239400.000000           1          111.3281   
      2221:    239430.000000           1          111.3282   
      2222:    239460.000000           1          111.3281   
      2223:    239490.000000           1          111.3274   
      2224:    239520.000000           1          111.3274   
      2225:    239550.000000           1          111.3280   
      2226:    239580.000000           1          111.3277   
      2227:    239610.000000           1          111.3269   
      2228:    239640.000000           1          111.3260   
      2229:    239670.000000           1          111.3260   
      2230:    239700.000000           1          111.3259   
      2231:    239730.000000           1          111.3268   
      2232:    239760.000000           1          111.3284   
      2233:    239790.000000           1          111.3301   
      2234:    239820.000000           1          111.3308   
      2235:    239850.000000           1          111.3312   
      2236:    239880.000000           1          111.3324   
      2237:    239910.000000           1          111.3325   
      2238:    239940.000000           1          111.3318   
      2239:    239970.000000           1          111.3303   
      2240:    240000.000000           1          111.3292   
      2241:    240030.000000           1          111.3274   
      2242:    240060.000000           1          111.3257   
      2243:    240090.000000           1          111.3249   
      2244:    240120.000000           1          111.3243   
      2245:    240150.000000           1          111.3249   
      2246:    240180.000000           1          111.3262   
      2247:    240210.000000           1          111.3284   
      2248:    240240.000000           1          111.3303   
      2249:    240270.000000           1          111.3317   
      2250:    240300.000000           1          111.3316   
      2251:    240330.000000           1          111.3299   
      2252:    240360.000000           1          111.3298   
      2253:    240390.000000           1          111.3315   
      2254:    240420.000000           1          111.3319   
      2255:    240450.000000           1          111.3296   
      2256:    240480.000000           1          111.3264   
      2257:    240510.000000           1          111.3248   
      2258:    240540.000000           1          111.3259   
      2259:    240570.000000           1          111.3290   
      2260:    240600.000000           1          111.3317   
      2261:    240630.000000           1          111.3318   
      2262:    240660.000000           1          111.3305   
      2263:    240690.000000           1          111.3305   
      2264:    240720.000000           1          111.3312   
      2265:    240750.000000           1          111.3330   
      2266:    240780.000000           1          111.3332   
      2267:    240810.000000           1          111.3322   
      2268:    240840.000000           1          111.3306   
      2269:    240870.000000           1          111.3287   
      2270:    240900.000000           1          111.3271   
      2271:    240930.000000           1          111.3254   
      2272:    240960.000000           1          111.3239   
      2273:    240990.000000           1          111.3231   
      2274:    241020.000000           1          111.3212   
      2275:    241050.000000           1          111.3204   
      2276:    241080.000000           1          111.3225   
      2277:    241110.000000           1          111.3251   
      2278:    241140.000000           1          111.3263   
      2279:    241170.000000           1          111.3261   
      2280:    241200.000000           1          111.3255   
      2281:    241230.000000           1          111.3249   
      2282:    241260.000000           1          111.3256   
      2283:    241290.000000           1          111.3289   
      2284:    241320.000000           1          111.3326   
      2285:    241350.000000           1          111.3359   
      2286:    241380.000000           1          111.3386   
      2287:    241410.000000           1          111.3389   
      2288:    241440.000000           1          111.3388   
      2289:    241470.000000           1          111.3396   
      2290:    241500.000000           1          111.3405   
      2291:    241530.000000           1          111.3413   
      2292:    241560.000000           1          111.3416   
      2293:    241590.000000           1          111.3416   
      2294:    241620.000000           1          111.3411   
      2295:    241650.000000           1          111.3408   
      2296:    241680.000000           1          111.3415   
      2297:    241710.000000           1          111.3426   
      2298:    241740.000000           1          111.3434   
      2299:    241770.000000           1          111.3433   
      2300:    241800.000000           1          111.3418   
      2301:    241830.000000           1          111.3397   
      2302:    241860.000000           1          111.3383   
      2303:    241890.000000           1          111.3375   
      2304:    241920.000000           1          111.3378   
      2305:    241950.000000           1          111.3386   
      2306:    241980.000000           1          111.3385   
      2307:    242010.000000           1          111.3385   
      2308:    242040.000000           1          111.3378   
      2309:    242070.000000           1          111.3365   
      2310:    242100.000000           1          111.3360   
      2311:    242130.000000           1          111.3360   
      2312:    242160.000000           1          111.3357   
      2313:    242190.000000           1          111.3348   
      2314:    242220.000000           1          111.3339   
      2315:    242250.000000           1          111.3316   
      2316:    242280.000000           1          111.3295   
      2317:    242310.000000           1          111.3266   
      2318:    242340.000000           1          111.3243   
      2319:    242370.000000           1          111.3236   
      2320:    242400.000000           1          111.3232   
      2321:    242430.000000           1          111.3229   
      2322:    242460.000000           1          111.3229   
      2323:    242490.000000           1          111.3217   
      2324:    242520.000000           1          111.3210   
      2325:    242550.000000           1          111.3206   
      2326:    242580.000000           1          111.3194   
      2327:    242610.000000           1          111.3183   
      2328:    242640.000000           1          111.3181   
      2329:    242670.000000           1          111.3178   
      2330:    242700.000000           1          111.3174   
      2331:    242730.000000           1          111.3169   
      2332:    242760.000000           1          111.3163   
      2333:    242790.000000           1          111.3150   
      2334:    242820.000000           1          111.3139   
      2335:    242850.000000           1          111.3124   
      2336:    242880.000000           1          111.3107   
      2337:    242910.000000           1          111.3090   
      2338:    242940.000000           1          111.3067   
      2339:    242970.000000           1          111.3042   
      2340:    243000.000000           1          111.3014   
      2341:    243030.000000           1          111.2989   
      2342:    243060.000000           1          111.2965   
      2343:    243090.000000           1          111.2946   
      2344:    243120.000000           1          111.2931   
      2345:    243150.000000           1          111.2916   
      2346:    243180.000000           1          111.2897   
      2347:    243210.000000           1          111.2887   
      2348:    243240.000000           1          111.2875   
      2349:    243270.000000           1          111.2856   
      2350:    243300.000000           1          111.2837   
      2351:    243330.000000           1          111.2812   
      2352:    243360.000000           1          111.2777   
      2353:    243390.000000           1          111.2748   
      2354:    243420.000000           1          111.2734   
      2355:    243450.000000           1          111.2725   
      2356:    243480.000000           1          111.2715   
      2357:    243510.000000           1          111.2703   
      2358:    243540.000000           1          111.2687   
      2359:    243570.000000           1          111.2671   
      2360:    243600.000000           1          111.2653   
      2361:    243630.000000           1          111.2641   
      2362:    243660.000000           1          111.2627   
      2363:    243690.000000           1          111.2616   
      2364:    243720.000000           1          111.2607   
      2365:    243750.000000           1          111.2593   
      2366:    243780.000000           1          111.2574   
      2367:    243810.000000           1          111.2563   
      2368:    243840.000000           1          111.2553   
      2369:    243870.000000           1          111.2541   
      2370:    243900.000000           1          111.2530   
      2371:    243930.000000           1          111.2523   
      2372:    243960.000000           1          111.2519   
      2373:    243990.000000           1          111.2510   
      2374:    244020.000000           1          111.2493   
      2375:    244050.000000           1          111.2474   
      2376:    244080.000000           1          111.2454   
      2377:    244110.000000           1          111.2438   
      2378:    244140.000000           1          111.2423   
      2379:    244170.000000           1          111.2399   
      2380:    244200.000000           1          111.2369   
      2381:    244230.000000           1          111.2344   
      2382:    244260.000000           1          111.2324   
      2383:    244290.000000           1          111.2307   
      2384:    244320.000000           1          111.2297   
      2385:    244350.000000           1          111.2286   
      2386:    244380.000000           1          111.2274   
      2387:    244410.000000           1          111.2263   
      2388:    244440.000000           1          111.2250   
      2389:    244470.000000           1          111.2228   
      2390:    244500.000000           1          111.2212   
      2391:    244530.000000           1          111.2189   
      2392:    244560.000000           1          111.2163   
      2393:    244590.000000           1          111.2142   
      2394:    244620.000000           1          111.2137   
      2395:    244650.000000           1          111.2142   
      2396:    244680.000000           1          111.2147   
      2397:    244710.000000           1          111.2150   
      2398:    244740.000000           1          111.2148   
      2399:    244770.000000           1          111.2148   
      2400:    244800.000000           1          111.2147   
      2401:    244830.000000           1          111.2139   
      2402:    244860.000000           1          111.2125   
      2403:    244890.000000           1          111.2097   
      2404:    244920.000000           1          111.2067   
      2405:    244950.000000           1          111.2045   
      2406:    244980.000000           1          111.2029   
      2407:    245010.000000           1          111.2015   
      2408:    245040.000000           1          111.2009   
      2409:    245070.000000           1          111.2004   
      2410:    245100.000000           1          111.1999   
      2411:    245130.000000           1          111.1999   
      2412:    245160.000000           1          111.2001   
      2413:    245190.000000           1          111.2007   
      2414:    245220.000000           1          111.2011   
      2415:    245250.000000           1          111.2009   
      2416:    245280.000000           1          111.2004   
      2417:    245310.000000           1          111.1993   
      2418:    245340.000000           1          111.1976   
      2419:    245370.000000           1          111.1962   
      2420:    245400.000000           1          111.1953   
      2421:    245430.000000           1          111.1931   
      2422:    245460.000000           1          111.1914   
      2423:    245490.000000           1          111.1896   
      2424:    245520.000000           1          111.1874   
      2425:    245550.000000           1          111.1849   
      2426:    245580.000000           1          111.1821   
      2427:    245610.000000           1          111.1795   
      2428:    245640.000000           1          111.1786   
      2429:    245670.000000           1          111.1788   
      2430:    245700.000000           1          111.1785   
      2431:    245730.000000           1          111.1784   
      2432:    245760.000000           1          111.1786   
      2433:    245790.000000           1          111.1784   
      2434:    245820.000000           1          111.1782   
      2435:    245850.000000           1          111.1781   
      2436:    245880.000000           1          111.1779   
      2437:    245910.000000           1          111.1774   
      2438:    245940.000000           1          111.1762   
      2439:    245970.000000           1          111.1749   
      2440:    246000.000000           1          111.1738   
      2441:    246030.000000           1          111.1725   
      2442:    246060.000000           1          111.1717   
      2443:    246090.000000           1          111.1716   
      2444:    246120.000000           1          111.1714   
      2445:    246150.000000           1          111.1707   
      2446:    246180.000000           1          111.1696   
      2447:    246210.000000           1          111.1677   
      2448:    246240.000000           1          111.1656   
      2449:    246270.000000           1          111.1636   
      2450:    246300.000000           1          111.1609   
      2451:    246330.000000           1          111.1588   
      2452:    246360.000000           1          111.1565   
      2453:    246390.000000           1          111.1541   
      2454:    246420.000000           1          111.1526   
      2455:    246450.000000           1          111.1515   
      2456:    246480.000000           1          111.1506   
      2457:    246510.000000           1          111.1496   
      2458:    246540.000000           1          111.1484   
      2459:    246570.000000           1          111.1457   
      2460:    246600.000000           1          111.1427   
      2461:    246630.000000           1          111.1413   
      2462:    246660.000000           1          111.1401   
      2463:    246690.000000           1          111.1391   
      2464:    246720.000000           1          111.1379   
      2465:    246750.000000           1          111.1385   
      2466:    246780.000000           1          111.1400   
      2467:    246810.000000           1          111.1409   
      2468:    246840.000000           1          111.1417   
      2469:    246870.000000           1          111.1415   
      2470:    246900.000000           1          111.1408   
      2471:    246930.000000           1          111.1394   
      2472:    246960.000000           1          111.1378   
      2473:    246990.000000           1          111.1362   
      2474:    247020.000000           1          111.1353   
      2475:    247050.000000           1          111.1343   
      2476:    247080.000000           1          111.1323   
      2477:    247110.000000           1          111.1285   
      2478:    247140.000000           1          111.1261   
      2479:    247170.000000           1          111.1245   
      2480:    247200.000000           1          111.1231   
      2481:    247230.000000           1          111.1219   
      2482:    247260.000000           1          111.1210   
      2483:    247290.000000           1          111.1195   
      2484:    247320.000000           1          111.1179   
      2485:    247350.000000           1          111.1168   
      2486:    247380.000000           1          111.1161   
      2487:    247410.000000           1          111.1153   
      2488:    247440.000000           1          111.1155   
      2489:    247470.000000           1          111.1161   
      2490:    247500.000000           1          111.1157   
      2491:    247530.000000           1          111.1154   
      2492:    247560.000000           1          111.1156   
      2493:    247590.000000           1          111.1154   
      2494:    247620.000000           1          111.1141   
      2495:    247650.000000           1          111.1133   
      2496:    247680.000000           1          111.1123   
      2497:    247710.000000           1          111.1115   
      2498:    247740.000000           1          111.1107   
      2499:    247770.000000           1          111.1092   
      2500:    247800.000000           1          111.1073   
      2501:    247830.000000           1          111.1051   
      2502:    247860.000000           1          111.1032   
      2503:    247890.000000           1          111.1013   
      2504:    247920.000000           1          111.1001   
      2505:    247950.000000           1          111.1003   
      2506:    247980.000000           1          111.1000   
      2507:    248010.000000           1          111.0990   
      2508:    248040.000000           1          111.0976   
