       638:    191940.000000           1            0.5853   
       639:    191970.000000           1            0.7082   
       640:    192000.000000           1            0.7163   
       641:    192030.000000           1            0.7422   
       642:    192060.000000           1            0.7644   
       643:    192090.000000           1            0.7675   
       644:    192120.000000           1            0.7373   
       645:    192150.000000           1            0.7145   
       646:    192180.000000           1            0.6811   
       647:    192210.000000           1            0.6519   
       648:    192240.000000           1            0.6344   
       649:    192270.000000           1            0.6288   
       650:    192300.000000           1            0.6259   
       651:    192330.000000           1            0.6153   
       652:    192360.000000           1            0.6050   
       653:    192390.000000           1            0.6046   
       654:    192420.000000           1            0.6069   
       655:    192450.000000           1            0.6080   
       656:    192480.000000           1            0.6039   
       657:    192510.000000           1            0.6022   
       658:    192540.000000           1            0.5955   
       659:    192570.000000           1            0.5838   
       660:    192600.000000           1            0.5738   
       661:    192630.000000           1            0.5679   
       662:    192660.000000           1            0.5522   
       663:    192690.000000           1            0.5334   
       664:    192720.000000           1            0.5068   
       665:    192750.000000           1            0.4921   
       666:    192780.000000           1            0.4712   
       667:    192810.000000           1            0.4509   
       668:    192840.000000           1            0.4286   
       669:    192870.000000           1            0.4244   
       670:    192900.000000           1            0.4252   
       671:    192930.000000           1            0.4295   
       672:    192960.000000           1            0.4345   
       673:    192990.000000           1            0.4328   
       674:    193020.000000           1            0.4291   
       675:    193050.000000           1            0.4294   
       676:    193080.000000           1            0.4272   
       677:    193110.000000           1            0.4258   
       678:    193140.000000           1            0.4309   
       679:    193170.000000           1            0.4339   
       680:    193200.000000           1            0.4302   
       681:    193230.000000           1            0.4204   
       682:    193260.000000           1            0.4193   
       683:    193290.000000           1            0.4176   
       684:    193320.000000           1            0.4221   
       685:    193350.000000           1            0.4288   
       686:    193380.000000           1            0.4331   
       687:    193410.000000           1            0.4389   
       688:    193440.000000           1            0.4439   
       689:    193470.000000           1            0.4474   
       690:    193500.000000           1            0.4496   
       691:    193530.000000           1            0.4486   
       692:    193560.000000           1            0.4479   
       693:    193590.000000           1            0.4463   
       694:    193620.000000           1            0.4382   
       695:    193650.000000           1            0.4257   
       696:    193680.000000           1            0.4193   
       697:    193710.000000           1            0.4135   
       698:    193740.000000           1            0.4107   
       699:    193770.000000           1            0.4103   
       700:    193800.000000           1            0.4155   
       701:    193830.000000           1            0.4190   
       702:    193860.000000           1            0.4254   
       703:    193890.000000           1            0.4250   
       704:    193920.000000           1            0.4253   
       705:    193950.000000           1            0.4228   
       706:    193980.000000           1            0.4227   
       707:    194010.000000           1            0.4216   
       708:    194040.000000           1            0.4182   
       709:    194070.000000           1            0.4171   
       710:    194100.000000           1            0.4175   
       711:    194130.000000           1            0.4187   
       712:    194160.000000           1            0.4225   
       713:    194190.000000           1            0.4220   
       714:    194220.000000           1            0.4193   
       715:    194250.000000           1            0.4131   
       716:    194280.000000           1            0.4105   
       717:    194310.000000           1            0.4057   
       718:    194340.000000           1            0.4028   
       719:    194370.000000           1            0.3985   
       720:    194400.000000           1            0.3970   
       721:    194430.000000           1            0.3968   
       722:    194460.000000           1            0.3966   
       723:    194490.000000           1            0.3946   
       724:    194520.000000           1            0.3913   
       725:    194550.000000           1            0.3872   
       726:    194580.000000           1            0.3827   
       727:    194610.000000           1            0.3766   
       728:    194640.000000           1            0.3728   
       729:    194670.000000           1            0.3681   
       730:    194700.000000           1            0.3638   
       731:    194730.000000           1            0.3602   
       732:    194760.000000           1            0.3532   
       733:    194790.000000           1            0.3465   
       734:    194820.000000           1            0.3429   
       735:    194850.000000           1            0.3414   
       736:    194880.000000           1            0.3418   
       737:    194910.000000           1            0.3420   
       738:    194940.000000           1            0.3401   
       739:    194970.000000           1            0.3395   
       740:    195000.000000           1            0.3387   
       741:    195030.000000           1            0.3368   
       742:    195060.000000           1            0.3366   
       743:    195090.000000           1            0.3387   
       744:    195120.000000           1            0.3401   
       745:    195150.000000           1            0.3432   
       746:    195180.000000           1            0.3463   
       747:    195210.000000           1            0.3509   
       748:    195240.000000           1            0.3578   
       749:    195270.000000           1            0.3612   
       750:    195300.000000           1            0.3627   
       751:    195330.000000           1            0.3627   
       752:    195360.000000           1            0.3598   
       753:    195390.000000           1            0.3560   
       754:    195420.000000           1            0.3526   
       755:    195450.000000           1            0.3486   
       756:    195480.000000           1            0.3458   
       757:    195510.000000           1            0.3445   
       758:    195540.000000           1            0.3452   
       759:    195570.000000           1            0.3459   
       760:    195600.000000           1            0.3444   
       761:    195630.000000           1            0.3418   
       762:    195660.000000           1            0.3410   
       763:    195690.000000           1            0.3387   
       764:    195720.000000           1            0.3367   
       765:    195750.000000           1            0.3309   
       766:    195780.000000           1            0.3259   
       767:    195810.000000           1            0.3206   
       768:    195840.000000           1            0.3147   
       769:    195870.000000           1            0.3123   
       770:    195900.000000           1            0.3081   
       771:    195930.000000           1            0.3088   
       772:    195960.000000           1            0.3112   
       773:    195990.000000           1            0.3120   
       774:    196020.000000           1            0.3174   
       775:    196050.000000           1            0.3191   
       776:    196080.000000           1            0.3191   
       777:    196110.000000           1            0.3168   
       778:    196140.000000           1            0.3159   
       779:    196170.000000           1            0.3163   
       780:    196200.000000           1            0.3177   
       781:    196230.000000           1            0.3183   
       782:    196260.000000           1            0.3158   
       783:    196290.000000           1            0.3136   
       784:    196320.000000           1            0.3105   
       785:    196350.000000           1            0.3075   
       786:    196380.000000           1            0.3049   
       787:    196410.000000           1            0.3005   
       788:    196440.000000           1            0.2959   
       789:    196470.000000           1            0.2911   
       790:    196500.000000           1            0.2873   
       791:    196530.000000           1            0.2856   
       792:    196560.000000           1            0.2856   
       793:    196590.000000           1            0.2871   
       794:    196620.000000           1            0.2891   
       795:    196650.000000           1            0.2921   
       796:    196680.000000           1            0.2931   
       797:    196710.000000           1            0.2923   
       798:    196740.000000           1            0.2909   
       799:    196770.000000           1            0.2890   
       800:    196800.000000           1            0.2846   
       801:    196830.000000           1            0.2802   
       802:    196860.000000           1            0.2780   
       803:    196890.000000           1            0.2790   
       804:    196920.000000           1            0.2805   
       805:    196950.000000           1            0.2806   
       806:    196980.000000           1            0.2794   
       807:    197010.000000           1            0.2795   
       808:    197040.000000           1            0.2785   
       809:    197070.000000           1            0.2800   
       810:    197100.000000           1            0.2824   
       811:    197130.000000           1            0.2849   
       812:    197160.000000           1            0.2848   
       813:    197190.000000           1            0.2867   
       814:    197220.000000           1            0.2865   
       815:    197250.000000           1            0.2800   
       816:    197280.000000           1            0.2821   
       817:    197310.000000           1            0.2881   
       818:    197340.000000           1            0.2900   
       819:    197370.000000           1            0.2860   
       820:    197400.000000           1            0.2852   
       821:    197430.000000           1            0.2906   
       822:    197460.000000           1            0.3009   
       823:    197490.000000           1            0.3144   
       824:    197520.000000           1            0.3253   
       825:    197550.000000           1            0.3294   
       826:    197580.000000           1            0.3305   
       827:    197610.000000           1            0.3315   
       828:    197640.000000           1            0.3312   
       829:    197670.000000           1            0.3309   
       830:    197700.000000           1            0.3310   
       831:    197730.000000           1            0.3308   
       832:    197760.000000           1            0.3287   
       833:    197790.000000           1            0.3267   
       834:    197820.000000           1            0.3276   
       835:    197850.000000           1            0.3287   
       836:    197880.000000           1            0.3313   
       837:    197910.000000           1            0.3340   
       838:    197940.000000           1            0.3351   
       839:    197970.000000           1            0.3335   
       840:    198000.000000           1            0.3321   
       841:    198030.000000           1            0.3321   
       842:    198060.000000           1            0.3358   
       843:    198090.000000           1            0.3440   
       844:    198120.000000           1            0.3544   
       845:    198150.000000           1            0.3632   
       846:    198180.000000           1            0.3658   
       847:    198210.000000           1            0.3630   
       848:    198240.000000           1            0.3608   
       849:    198270.000000           1            0.3601   
       850:    198300.000000           1            0.3616   
       851:    198330.000000           1            0.3648   
       852:    198360.000000           1            0.3693   
       853:    198390.000000           1            0.3719   
       854:    198420.000000           1            0.3724   
       855:    198450.000000           1            0.3705   
       856:    198480.000000           1            0.3670   
       857:    198510.000000           1            0.3633   
       858:    198540.000000           1            0.3588   
       859:    198570.000000           1            0.3565   
       860:    198600.000000           1            0.3574   
       861:    198630.000000           1            0.3593   
       862:    198660.000000           1            0.3606   
       863:    198690.000000           1            0.3617   
       864:    198720.000000           1            0.3608   
       865:    198750.000000           1            0.3612   
       866:    198780.000000           1            0.3630   
       867:    198810.000000           1            0.3658   
       868:    198840.000000           1            0.3691   
       869:    198870.000000           1            0.3728   
       870:    198900.000000           1            0.3789   
       871:    198930.000000           1            0.3825   
       872:    198960.000000           1            0.3840   
       873:    198990.000000           1            0.3844   
       874:    199020.000000           1            0.3855   
       875:    199050.000000           1            0.3864   
       876:    199080.000000           1            0.3858   
       877:    199110.000000           1            0.3837   
       878:    199140.000000           1            0.3817   
       879:    199170.000000           1            0.3780   
       880:    199200.000000           1            0.3750   
       881:    199230.000000           1            0.3710   
       882:    199260.000000           1            0.3686   
       883:    199290.000000           1            0.3669   
       884:    199320.000000           1            0.3683   
       885:    199350.000000           1            0.3718   
       886:    199380.000000           1            0.3762   
       887:    199410.000000           1            0.3787   
       888:    199440.000000           1            0.3781   
       889:    199470.000000           1            0.3765   
       890:    199500.000000           1            0.3734   
       891:    199530.000000           1            0.3718   
       892:    199560.000000           1            0.3720   
       893:    199590.000000           1            0.3726   
       894:    199620.000000           1            0.3735   
       895:    199650.000000           1            0.3750   
       896:    199680.000000           1            0.3753   
       897:    199710.000000           1            0.3753   
       898:    199740.000000           1            0.3761   
       899:    199770.000000           1            0.3767   
       900:    199800.000000           1            0.3757   
       901:    199830.000000           1            0.3763   
       902:    199860.000000           1            0.3774   
       903:    199890.000000           1            0.3795   
       904:    199920.000000           1            0.3820   
       905:    199950.000000           1            0.3834   
       906:    199980.000000           1            0.3843   
       907:    200010.000000           1            0.3854   
       908:    200040.000000           1            0.3850   
       909:    200070.000000           1            0.3832   
       910:    200100.000000           1            0.3803   
       911:    200130.000000           1            0.3789   
       912:    200160.000000           1            0.3798   
       913:    200190.000000           1            0.3818   
       914:    200220.000000           1            0.3846   
       915:    200250.000000           1            0.3859   
       916:    200280.000000           1            0.3862   
       917:    200310.000000           1            0.3855   
       918:    200340.000000           1            0.3841   
       919:    200370.000000           1            0.3846   
       920:    200400.000000           1            0.3852   
       921:    200430.000000           1            0.3872   
       922:    200460.000000           1            0.3874   
       923:    200490.000000           1            0.3863   
       924:    200520.000000           1            0.3856   
       925:    200550.000000           1            0.3840   
       926:    200580.000000           1            0.3852   
       927:    200610.000000           1            0.3872   
       928:    200640.000000           1            0.3897   
       929:    200670.000000           1            0.3917   
       930:    200700.000000           1            0.3920   
       931:    200730.000000           1            0.3888   
       932:    200760.000000           1            0.3853   
       933:    200790.000000           1            0.3820   
       934:    200820.000000           1            0.3788   
       935:    200850.000000           1            0.3764   
       936:    200880.000000           1            0.3751   
       937:    200910.000000           1            0.3758   
       938:    200940.000000           1            0.3775   
       939:    200970.000000           1            0.3790   
       940:    201000.000000           1            0.3788   
       941:    201030.000000           1            0.3775   
       942:    201060.000000           1            0.3746   
       943:    201090.000000           1            0.3712   
       944:    201120.000000           1            0.3684   
       945:    201150.000000           1            0.3673   
       946:    201180.000000           1            0.3693   
       947:    201210.000000           1            0.3723   
       948:    201240.000000           1            0.3748   
       949:    201270.000000           1            0.3787   
       950:    201300.000000           1            0.3798   
       951:    201330.000000           1            0.3803   
       952:    201360.000000           1            0.3806   
       953:    201390.000000           1            0.3792   
       954:    201420.000000           1            0.3782   
       955:    201450.000000           1            0.3792   
       956:    201480.000000           1            0.3812   
       957:    201510.000000           1            0.3819   
       958:    201540.000000           1            0.3812   
       959:    201570.000000           1            0.3812   
       960:    201600.000000           1            0.3813   
       961:    201630.000000           1            0.3813   
       962:    201660.000000           1            0.3816   
       963:    201690.000000           1            0.3820   
       964:    201720.000000           1            0.3831   
       965:    201750.000000           1            0.3849   
       966:    201780.000000           1            0.3852   
       967:    201810.000000           1            0.3845   
       968:    201840.000000           1            0.3849   
       969:    201870.000000           1            0.3846   
       970:    201900.000000           1            0.3838   
       971:    201930.000000           1            0.3853   
       972:    201960.000000           1            0.3884   
       973:    201990.000000           1            0.3917   
       974:    202020.000000           1            0.3951   
       975:    202050.000000           1            0.3971   
       976:    202080.000000           1            0.3985   
       977:    202110.000000           1            0.3998   
       978:    202140.000000           1            0.3998   
       979:    202170.000000           1            0.4001   
       980:    202200.000000           1            0.4009   
       981:    202230.000000           1            0.4015   
       982:    202260.000000           1            0.4023   
       983:    202290.000000           1            0.4029   
       984:    202320.000000           1            0.4037   
       985:    202350.000000           1            0.4058   
       986:    202380.000000           1            0.4074   
       987:    202410.000000           1            0.4082   
       988:    202440.000000           1            0.4090   
       989:    202470.000000           1            0.4077   
       990:    202500.000000           1            0.4049   
       991:    202530.000000           1            0.4024   
       992:    202560.000000           1            0.3994   
       993:    202590.000000           1            0.3961   
       994:    202620.000000           1            0.3922   
       995:    202650.000000           1            0.3897   
       996:    202680.000000           1            0.3884   
       997:    202710.000000           1            0.3878   
       998:    202740.000000           1            0.3876   
       999:    202770.000000           1            0.3863   
      1000:    202800.000000           1            0.3847   
      1001:    202830.000000           1            0.3832   
      1002:    202860.000000           1            0.3826   
      1003:    202890.000000           1            0.3827   
      1004:    202920.000000           1            0.3834   
      1005:    202950.000000           1            0.3828   
      1006:    202980.000000           1            0.3812   
      1007:    203010.000000           1            0.3789   
      1008:    203040.000000           1            0.3767   
      1009:    203070.000000           1            0.3748   
      1010:    203100.000000           1            0.3735   
      1011:    203130.000000           1            0.3725   
      1012:    203160.000000           1            0.3727   
      1013:    203190.000000           1            0.3731   
      1014:    203220.000000           1            0.3722   
      1015:    203250.000000           1            0.3715   
      1016:    203280.000000           1            0.3716   
      1017:    203310.000000           1            0.3711   
      1018:    203340.000000           1            0.3705   
      1019:    203370.000000           1            0.3706   
      1020:    203400.000000           1            0.3704   
      1021:    203430.000000           1            0.3694   
      1022:    203460.000000           1            0.3681   
      1023:    203490.000000           1            0.3668   
      1024:    203520.000000           1            0.3651   
      1025:    203550.000000           1            0.3631   
      1026:    203580.000000           1            0.3619   
      1027:    203610.000000           1            0.3616   
      1028:    203640.000000           1            0.3619   
      1029:    203670.000000           1            0.3611   
      1030:    203700.000000           1            0.3593   
      1031:    203730.000000           1            0.3562   
      1032:    203760.000000           1            0.3521   
      1033:    203790.000000           1            0.3487   
      1034:    203820.000000           1            0.3441   
      1035:    203850.000000           1            0.3402   
      1036:    203880.000000           1            0.3361   
      1037:    203910.000000           1            0.3318   
      1038:    203940.000000           1            0.3292   
      1039:    203970.000000           1            0.3264   
      1040:    204000.000000           1            0.3247   
      1041:    204030.000000           1            0.3251   
      1042:    204060.000000           1            0.3250   
      1043:    204090.000000           1            0.3252   
      1044:    204120.000000           1            0.3274   
      1045:    204150.000000           1            0.3319   
      1046:    204180.000000           1            0.3367   
      1047:    204210.000000           1            0.3389   
      1048:    204240.000000           1            0.3396   
      1049:    204270.000000           1            0.3400   
      1050:    204300.000000           1            0.3402   
      1051:    204330.000000           1            0.3405   
      1052:    204360.000000           1            0.3410   
      1053:    204390.000000           1            0.3402   
      1054:    204420.000000           1            0.3373   
      1055:    204450.000000           1            0.3341   
      1056:    204480.000000           1            0.3305   
      1057:    204510.000000           1            0.3278   
      1058:    204540.000000           1            0.3263   
      1059:    204570.000000           1            0.3241   
      1060:    204600.000000           1            0.3234   
      1061:    204630.000000           1            0.3232   
      1062:    204660.000000           1            0.3246   
      1063:    204690.000000           1            0.3271   
      1064:    204720.000000           1            0.3292   
      1065:    204750.000000           1            0.3295   
      1066:    204780.000000           1            0.3280   
      1067:    204810.000000           1            0.3266   
      1068:    204840.000000           1            0.3252   
      1069:    204870.000000           1            0.3241   
      1070:    204900.000000           1            0.3245   
      1071:    204930.000000           1            0.3271   
      1072:    204960.000000           1            0.3302   
      1073:    204990.000000           1            0.3315   
      1074:    205020.000000           1            0.3331   
      1075:    205050.000000           1            0.3343   
      1076:    205080.000000           1            0.3346   
      1077:    205110.000000           1            0.3361   
      1078:    205140.000000           1            0.3364   
      1079:    205170.000000           1            0.3370   
      1080:    205200.000000           1            0.3384   
      1081:    205230.000000           1            0.3401   
      1082:    205260.000000           1            0.3410   
      1083:    205290.000000           1            0.3404   
      1084:    205320.000000           1            0.3402   
      1085:    205350.000000           1            0.3413   
      1086:    205380.000000           1            0.3425   
      1087:    205410.000000           1            0.3440   
      1088:    205440.000000           1            0.3460   
      1089:    205470.000000           1            0.3472   
      1090:    205500.000000           1            0.3480   
      1091:    205530.000000           1            0.3486   
      1092:    205560.000000           1            0.3485   
      1093:    205590.000000           1            0.3471   
      1094:    205620.000000           1            0.3456   
      1095:    205650.000000           1            0.3451   
      1096:    205680.000000           1            0.3448   
      1097:    205710.000000           1            0.3442   
      1098:    205740.000000           1            0.3436   
      1099:    205770.000000           1            0.3438   
      1100:    205800.000000           1            0.3437   
      1101:    205830.000000           1            0.3430   
      1102:    205860.000000           1            0.3430   
      1103:    205890.000000           1            0.3447   
      1104:    205920.000000           1            0.3488   
      1105:    205950.000000           1            0.3534   
      1106:    205980.000000           1            0.3563   
      1107:    206010.000000           1            0.3594   
      1108:    206040.000000           1            0.3630   
      1109:    206070.000000           1            0.3663   
      1110:    206100.000000           1            0.3705   
      1111:    206130.000000           1            0.3742   
      1112:    206160.000000           1            0.3766   
      1113:    206190.000000           1            0.3766   
      1114:    206220.000000           1            0.3749   
      1115:    206250.000000           1            0.3740   
      1116:    206280.000000           1            0.3736   
      1117:    206310.000000           1            0.3737   
      1118:    206340.000000           1            0.3742   
      1119:    206370.000000           1            0.3733   
      1120:    206400.000000           1            0.3716   
      1121:    206430.000000           1            0.3705   
      1122:    206460.000000           1            0.3710   
      1123:    206490.000000           1            0.3710   
      1124:    206520.000000           1            0.3696   
      1125:    206550.000000           1            0.3674   
      1126:    206580.000000           1            0.3652   
      1127:    206610.000000           1            0.3634   
      1128:    206640.000000           1            0.3619   
      1129:    206670.000000           1            0.3631   
      1130:    206700.000000           1            0.3660   
      1131:    206730.000000           1            0.3683   
      1132:    206760.000000           1            0.3699   
      1133:    206790.000000           1            0.3711   
      1134:    206820.000000           1            0.3715   
      1135:    206850.000000           1            0.3717   
      1136:    206880.000000           1            0.3726   
      1137:    206910.000000           1            0.3717   
      1138:    206940.000000           1            0.3704   
      1139:    206970.000000           1            0.3688   
      1140:    207000.000000           1            0.3666   
      1141:    207030.000000           1            0.3654   
      1142:    207060.000000           1            0.3622   
      1143:    207090.000000           1            0.3594   
      1144:    207120.000000           1            0.3601   
      1145:    207150.000000           1            0.3598   
      1146:    207180.000000           1            0.3604   
      1147:    207210.000000           1            0.3607   
      1148:    207240.000000           1            0.3582   
      1149:    207270.000000           1            0.3557   
      1150:    207300.000000           1            0.3541   
      1151:    207330.000000           1            0.3525   
      1152:    207360.000000           1            0.3514   
      1153:    207390.000000           1            0.3506   
      1154:    207420.000000           1            0.3496   
      1155:    207450.000000           1            0.3471   
      1156:    207480.000000           1            0.3430   
      1157:    207510.000000           1            0.3399   
      1158:    207540.000000           1            0.3377   
      1159:    207570.000000           1            0.3371   
      1160:    207600.000000           1            0.3394   
      1161:    207630.000000           1            0.3406   
      1162:    207660.000000           1            0.3413   
      1163:    207690.000000           1            0.3424   
      1164:    207720.000000           1            0.3440   
      1165:    207750.000000           1            0.3466   
      1166:    207780.000000           1            0.3481   
      1167:    207810.000000           1            0.3494   
      1168:    207840.000000           1            0.3510   
      1169:    207870.000000           1            0.3531   
      1170:    207900.000000           1            0.3554   
      1171:    207930.000000           1            0.3560   
      1172:    207960.000000           1            0.3554   
      1173:    207990.000000           1            0.3562   
      1174:    208020.000000           1            0.3586   
      1175:    208050.000000           1            0.3607   
      1176:    208080.000000           1            0.3621   
      1177:    208110.000000           1            0.3629   
      1178:    208140.000000           1            0.3624   
      1179:    208170.000000           1            0.3592   
      1180:    208200.000000           1            0.3556   
      1181:    208230.000000           1            0.3531   
      1182:    208260.000000           1            0.3532   
      1183:    208290.000000           1            0.3568   
      1184:    208320.000000           1            0.3616   
      1185:    208350.000000           1            0.3654   
      1186:    208380.000000           1            0.3660   
      1187:    208410.000000           1            0.3634   
      1188:    208440.000000           1            0.3588   
      1189:    208470.000000           1            0.3534   
      1190:    208500.000000           1            0.3506   
      1191:    208530.000000           1            0.3502   
      1192:    208560.000000           1            0.3516   
      1193:    208590.000000           1            0.3542   
      1194:    208620.000000           1            0.3574   
      1195:    208650.000000           1            0.3620   
      1196:    208680.000000           1            0.3665   
      1197:    208710.000000           1            0.3692   
      1198:    208740.000000           1            0.3699   
      1199:    208770.000000           1            0.3675   
      1200:    208800.000000           1            0.3631   
      1201:    208830.000000           1            0.3596   
      1202:    208860.000000           1            0.3571   
      1203:    208890.000000           1            0.3552   
      1204:    208920.000000           1            0.3530   
      1205:    208950.000000           1            0.3525   
      1206:    208980.000000           1            0.3523   
      1207:    209010.000000           1            0.3529   
      1208:    209040.000000           1            0.3531   
      1209:    209070.000000           1            0.3526   
      1210:    209100.000000           1            0.3521   
      1211:    209130.000000           1            0.3530   
      1212:    209160.000000           1            0.3538   
      1213:    209190.000000           1            0.3558   
      1214:    209220.000000           1            0.3575   
      1215:    209250.000000           1            0.3593   
      1216:    209280.000000           1            0.3607   
      1217:    209310.000000           1            0.3623   
      1218:    209340.000000           1            0.3647   
      1219:    209370.000000           1            0.3672   
      1220:    209400.000000           1            0.3697   
      1221:    209430.000000           1            0.3717   
      1222:    209460.000000           1            0.3734   
      1223:    209490.000000           1            0.3745   
      1224:    209520.000000           1            0.3763   
      1225:    209550.000000           1            0.3780   
      1226:    209580.000000           1            0.3790   
      1227:    209610.000000           1            0.3797   
      1228:    209640.000000           1            0.3799   
      1229:    209670.000000           1            0.3797   
      1230:    209700.000000           1            0.3778   
      1231:    209730.000000           1            0.3763   
      1232:    209760.000000           1            0.3761   
      1233:    209790.000000           1            0.3769   
      1234:    209820.000000           1            0.3780   
      1235:    209850.000000           1            0.3795   
      1236:    209880.000000           1            0.3823   
      1237:    209910.000000           1            0.3854   
      1238:    209940.000000           1            0.3886   
      1239:    209970.000000           1            0.3923   
      1240:    210000.000000           1            0.3959   
      1241:    210030.000000           1            0.3993   
      1242:    210060.000000           1            0.4008   
      1243:    210090.000000           1            0.4012   
      1244:    210120.000000           1            0.4013   
      1245:    210150.000000           1            0.4015   
      1246:    210180.000000           1            0.4027   
      1247:    210210.000000           1            0.4031   
      1248:    210240.000000           1            0.4018   
      1249:    210270.000000           1            0.3993   
      1250:    210300.000000           1            0.3965   
      1251:    210330.000000           1            0.3923   
      1252:    210360.000000           1            0.3885   
      1253:    210390.000000           1            0.3847   
      1254:    210420.000000           1            0.3812   
      1255:    210450.000000           1            0.3769   
      1256:    210480.000000           1            0.3720   
      1257:    210510.000000           1            0.3672   
      1258:    210540.000000           1            0.3628   
      1259:    210570.000000           1            0.3606   
      1260:    210600.000000           1            0.3600   
      1261:    210630.000000           1            0.3602   
      1262:    210660.000000           1            0.3596   
      1263:    210690.000000           1            0.3600   
      1264:    210720.000000           1            0.3622   
      1265:    210750.000000           1            0.3645   
      1266:    210780.000000           1            0.3675   
      1267:    210810.000000           1            0.3699   
      1268:    210840.000000           1            0.3710   
      1269:    210870.000000           1            0.3718   
      1270:    210900.000000           1            0.3717   
      1271:    210930.000000           1            0.3707   
      1272:    210960.000000           1            0.3693   
      1273:    210990.000000           1            0.3681   
      1274:    211020.000000           1            0.3673   
      1275:    211050.000000           1            0.3677   
      1276:    211080.000000           1            0.3694   
      1277:    211110.000000           1            0.3708   
      1278:    211140.000000           1            0.3725   
      1279:    211170.000000           1            0.3743   
      1280:    211200.000000           1            0.3768   
      1281:    211230.000000           1            0.3775   
      1282:    211260.000000           1            0.3763   
      1283:    211290.000000           1            0.3740   
      1284:    211320.000000           1            0.3716   
      1285:    211350.000000           1            0.3697   
      1286:    211380.000000           1            0.3688   
      1287:    211410.000000           1            0.3692   
      1288:    211440.000000           1            0.3714   
      1289:    211470.000000           1            0.3758   
      1290:    211500.000000           1            0.3802   
      1291:    211530.000000           1            0.3843   
      1292:    211560.000000           1            0.3877   
      1293:    211590.000000           1            0.3890   
      1294:    211620.000000           1            0.3882   
      1295:    211650.000000           1            0.3863   
      1296:    211680.000000           1            0.3849   
      1297:    211710.000000           1            0.3860   
      1298:    211740.000000           1            0.3878   
      1299:    211770.000000           1            0.3906   
      1300:    211800.000000           1            0.3950   
      1301:    211830.000000           1            0.3997   
      1302:    211860.000000           1            0.4035   
      1303:    211890.000000           1            0.4056   
      1304:    211920.000000           1            0.4037   
      1305:    211950.000000           1            0.3988   
      1306:    211980.000000           1            0.3953   
      1307:    212010.000000           1            0.3933   
      1308:    212040.000000           1            0.3928   
      1309:    212070.000000           1            0.3931   
      1310:    212100.000000           1            0.3936   
      1311:    212130.000000           1            0.3955   
      1312:    212160.000000           1            0.3980   
      1313:    212190.000000           1            0.4004   
      1314:    212220.000000           1            0.4026   
      1315:    212250.000000           1            0.4049   
      1316:    212280.000000           1            0.4072   
      1317:    212310.000000           1            0.4087   
      1318:    212340.000000           1            0.4103   
      1319:    212370.000000           1            0.4113   
      1320:    212400.000000           1            0.4123   
      1321:    212430.000000           1            0.4127   
      1322:    212460.000000           1            0.4118   
      1323:    212490.000000           1            0.4093   
      1324:    212520.000000           1            0.4069   
      1325:    212550.000000           1            0.4063   
      1326:    212580.000000           1            0.4057   
      1327:    212610.000000           1            0.4049   
      1328:    212640.000000           1            0.4043   
      1329:    212670.000000           1            0.4037   
      1330:    212700.000000           1            0.4029   
      1331:    212730.000000           1            0.4012   
      1332:    212760.000000           1            0.3998   
      1333:    212790.000000           1            0.3996   
      1334:    212820.000000           1            0.3998   
      1335:    212850.000000           1            0.3996   
      1336:    212880.000000           1            0.3982   
      1337:    212910.000000           1            0.3958   
      1338:    212940.000000           1            0.3915   
      1339:    212970.000000           1            0.3873   
      1340:    213000.000000           1            0.3848   
      1341:    213030.000000           1            0.3832   
      1342:    213060.000000           1            0.3810   
      1343:    213090.000000           1            0.3792   
      1344:    213120.000000           1            0.3781   
      1345:    213150.000000           1            0.3773   
      1346:    213180.000000           1            0.3754   
      1347:    213210.000000           1            0.3720   
      1348:    213240.000000           1            0.3699   
      1349:    213270.000000           1            0.3687   
      1350:    213300.000000           1            0.3684   
      1351:    213330.000000           1            0.3696   
      1352:    213360.000000           1            0.3721   
      1353:    213390.000000           1            0.3755   
      1354:    213420.000000           1            0.3788   
      1355:    213450.000000           1            0.3812   
      1356:    213480.000000           1            0.3822   
      1357:    213510.000000           1            0.3827   
      1358:    213540.000000           1            0.3824   
      1359:    213570.000000           1            0.3812   
      1360:    213600.000000           1            0.3805   
      1361:    213630.000000           1            0.3817   
      1362:    213660.000000           1            0.3830   
      1363:    213690.000000           1            0.3834   
      1364:    213720.000000           1            0.3843   
      1365:    213750.000000           1            0.3841   
      1366:    213780.000000           1            0.3831   
      1367:    213810.000000           1            0.3817   
      1368:    213840.000000           1            0.3794   
      1369:    213870.000000           1            0.3760   
      1370:    213900.000000           1            0.3715   
      1371:    213930.000000           1            0.3680   
      1372:    213960.000000           1            0.3648   
      1373:    213990.000000           1            0.3605   
      1374:    214020.000000           1            0.3567   
      1375:    214050.000000           1            0.3528   
      1376:    214080.000000           1            0.3475   
      1377:    214110.000000           1            0.3433   
      1378:    214140.000000           1            0.3416   
      1379:    214170.000000           1            0.3382   
      1380:    214200.000000           1            0.3355   
      1381:    214230.000000           1            0.3339   
      1382:    214260.000000           1            0.3320   
      1383:    214290.000000           1            0.3294   
      1384:    214320.000000           1            0.3258   
      1385:    214350.000000           1            0.3221   
      1386:    214380.000000           1            0.3188   
      1387:    214410.000000           1            0.3167   
      1388:    214440.000000           1            0.3149   
      1389:    214470.000000           1            0.3133   
      1390:    214500.000000           1            0.3130   
      1391:    214530.000000           1            0.3135   
      1392:    214560.000000           1            0.3134   
      1393:    214590.000000           1            0.3124   
      1394:    214620.000000           1            0.3113   
      1395:    214650.000000           1            0.3112   
      1396:    214680.000000           1            0.3105   
      1397:    214710.000000           1            0.3101   
      1398:    214740.000000           1            0.3097   
      1399:    214770.000000           1            0.3093   
      1400:    214800.000000           1            0.3092   
      1401:    214830.000000           1            0.3090   
      1402:    214860.000000           1            0.3087   
      1403:    214890.000000           1            0.3090   
      1404:    214920.000000           1            0.3091   
      1405:    214950.000000           1            0.3090   
      1406:    214980.000000           1            0.3087   
      1407:    215010.000000           1            0.3094   
      1408:    215040.000000           1            0.3090   
      1409:    215070.000000           1            0.3094   
      1410:    215100.000000           1            0.3087   
      1411:    215130.000000           1            0.3077   
      1412:    215160.000000           1            0.3076   
      1413:    215190.000000           1            0.3069   
      1414:    215220.000000           1            0.3056   
      1415:    215250.000000           1            0.3040   
      1416:    215280.000000           1            0.3033   
      1417:    215310.000000           1            0.3035   
      1418:    215340.000000           1            0.3039   
      1419:    215370.000000           1            0.3047   
      1420:    215400.000000           1            0.3045   
      1421:    215430.000000           1            0.3050   
      1422:    215460.000000           1            0.3066   
      1423:    215490.000000           1            0.3105   
      1424:    215520.000000           1            0.3138   
      1425:    215550.000000           1            0.3158   
      1426:    215580.000000           1            0.3170   
      1427:    215610.000000           1            0.3171   
      1428:    215640.000000           1            0.3155   
      1429:    215670.000000           1            0.3136   
      1430:    215700.000000           1            0.3120   
      1431:    215730.000000           1            0.3103   
      1432:    215760.000000           1            0.3085   
      1433:    215790.000000           1            0.3064   
      1434:    215820.000000           1            0.3037   
      1435:    215850.000000           1            0.3007   
      1436:    215880.000000           1            0.2987   
      1437:    215910.000000           1            0.2985   
      1438:    215940.000000           1            0.2988   
      1439:    215970.000000           1            0.3001   
      1440:    216000.000000           1            0.3007   
      1441:    216030.000000           1            0.3010   
      1442:    216060.000000           1            0.3016   
      1443:    216090.000000           1            0.3014   
      1444:    216120.000000           1            0.3022   
      1445:    216150.000000           1            0.3033   
      1446:    216180.000000           1            0.3034   
      1447:    216210.000000           1            0.3031   
      1448:    216240.000000           1            0.3033   
      1449:    216270.000000           1            0.3033   
      1450:    216300.000000           1            0.3015   
      1451:    216330.000000           1            0.2987   
      1452:    216360.000000           1            0.2963   
      1453:    216390.000000           1            0.2938   
      1454:    216420.000000           1            0.2909   
      1455:    216450.000000           1            0.2876   
      1456:    216480.000000           1            0.2848   
      1457:    216510.000000           1            0.2827   
      1458:    216540.000000           1            0.2817   
      1459:    216570.000000           1            0.2811   
      1460:    216600.000000           1            0.2807   
      1461:    216630.000000           1            0.2806   
      1462:    216660.000000           1            0.2811   
      1463:    216690.000000           1            0.2832   
      1464:    216720.000000           1            0.2853   
      1465:    216750.000000           1            0.2864   
      1466:    216780.000000           1            0.2865   
      1467:    216810.000000           1            0.2855   
      1468:    216840.000000           1            0.2841   
      1469:    216870.000000           1            0.2817   
      1470:    216900.000000           1            0.2795   
      1471:    216930.000000           1            0.2791   
      1472:    216960.000000           1            0.2789   
      1473:    216990.000000           1            0.2779   
      1474:    217020.000000           1            0.2761   
      1475:    217050.000000           1            0.2743   
      1476:    217080.000000           1            0.2718   
      1477:    217110.000000           1            0.2685   
      1478:    217140.000000           1            0.2658   
      1479:    217170.000000           1            0.2631   
      1480:    217200.000000           1            0.2608   
      1481:    217230.000000           1            0.2597   
      1482:    217260.000000           1            0.2583   
      1483:    217290.000000           1            0.2576   
      1484:    217320.000000           1            0.2575   
      1485:    217350.000000           1            0.2580   
      1486:    217380.000000           1            0.2589   
      1487:    217410.000000           1            0.2591   
      1488:    217440.000000           1            0.2596   
      1489:    217470.000000           1            0.2592   
      1490:    217500.000000           1            0.2586   
      1491:    217530.000000           1            0.2570   
      1492:    217560.000000           1            0.2548   
