      1281:    211230.000000           1           95.9274   
      1282:    211260.000000           1           95.9110   
      1283:    211290.000000           1           95.9415   
      1284:    211320.000000           1           95.9600   
      1285:    211350.000000           1           95.9389   
      1286:    211380.000000           1           95.8974   
      1287:    211410.000000           1           95.9018   
      1288:    211440.000000           1           95.8952   
      1289:    211470.000000           1           95.8718   
      1290:    211500.000000           1           95.8392   
      1291:    211530.000000           1           95.8381   
      1292:    211560.000000           1           95.8251   
      1293:    211590.000000           1           95.8221   
      1294:    211620.000000           1           95.8436   
      1295:    211650.000000           1           95.8465   
      1296:    211680.000000           1           95.8321   
      1298:    211740.000000           1           41.9765   
      1299:    211770.000000           1           41.9660   
      1300:    211800.000000           1           41.9023   
      1301:    211830.000000           1           41.8868   
      1302:    211860.000000           1           41.8522   
      1303:    211890.000000           1           41.8284   
      1304:    211920.000000           1           41.8411   
      1305:    211950.000000           1           41.8742   
      1306:    211980.000000           1           41.8917   
      1307:    212010.000000           1           41.8732   
      1308:    212040.000000           1           41.8153   
      1309:    212070.000000           1           41.8167   
      1310:    212100.000000           1           41.8287   
      1311:    212130.000000           1           41.8422   
      1312:    212160.000000           1           41.8294   
      1313:    212190.000000           1           41.8319   
      1314:    212220.000000           1           41.8551   
      1315:    212250.000000           1           41.8644   
      1316:    212280.000000           1           41.8715   
      1317:    212310.000000           1           41.8635   
      1318:    212340.000000           1           41.8518   
      1319:    212370.000000           1           41.8574   
      1320:    212400.000000           1           41.8618   
      1321:    212430.000000           1           41.8494   
      1322:    212460.000000           1           41.8442   
      1323:    212490.000000           1           41.8513   
      1324:    212520.000000           1           41.8525   
      1325:    212550.000000           1           41.8447   
      1326:    212580.000000           1           41.8313   
      1327:    212610.000000           1           41.8239   
      1328:    212640.000000           1           41.8257   
      1329:    212670.000000           1           41.8285   
      1330:    212700.000000           1           41.8349   
      1331:    212730.000000           1           41.8291   
      1332:    212760.000000           1           41.8250   
      1333:    212790.000000           1           41.8220   
      1334:    212820.000000           1           41.8234   
      1335:    212850.000000           1           41.8212   
      1336:    212880.000000           1           41.8156   
      1337:    212910.000000           1           41.8165   
      1338:    212940.000000           1           41.8117   
      1339:    212970.000000           1           41.8097   
      1340:    213000.000000           1           41.8064   
      1341:    213030.000000           1           41.8047   
      1342:    213060.000000           1           41.8073   
      1343:    213090.000000           1           41.8080   
      1344:    213120.000000           1           41.8100   
      1345:    213150.000000           1           41.8049   
      1346:    213180.000000           1           41.8059   
      1347:    213210.000000           1           41.8110   
      1348:    213240.000000           1           41.8132   
      1349:    213270.000000           1           41.8137   
      1350:    213300.000000           1           41.8153   
      1351:    213330.000000           1           41.8182   
      1352:    213360.000000           1           41.8249   
      1353:    213390.000000           1           41.8274   
      1354:    213420.000000           1           41.8279   
      1355:    213450.000000           1           41.8264   
      1356:    213480.000000           1           41.8278   
      1357:    213510.000000           1           41.8288   
      1358:    213540.000000           1           41.8337   
      1359:    213570.000000           1           41.8402   
      1360:    213600.000000           1           41.8431   
      1361:    213630.000000           1           41.8475   
      1362:    213660.000000           1           41.8512   
      1363:    213690.000000           1           41.8561   
      1364:    213720.000000           1           41.8591   
      1365:    213750.000000           1           41.8620   
      1366:    213780.000000           1           41.8642   
      1367:    213810.000000           1           41.8653   
      1368:    213840.000000           1           41.8652   
      1369:    213870.000000           1           41.8668   
      1370:    213900.000000           1           41.8688   
      1371:    213930.000000           1           41.8720   
      1372:    213960.000000           1           41.8722   
      1373:    213990.000000           1           41.8709   
      1374:    214020.000000           1           41.8679   
      1375:    214050.000000           1           41.8677   
      1376:    214080.000000           1           41.8648   
      1377:    214110.000000           1           41.8657   
      1378:    214140.000000           1           41.8687   
      1379:    214170.000000           1           41.8718   
      1380:    214200.000000           1           41.8714   
      1381:    214230.000000           1           41.8757   
      1382:    214260.000000           1           41.8752   
      1383:    214290.000000           1           41.8742   
      1384:    214320.000000           1           41.8733   
      1385:    214350.000000           1           41.8716   
      1386:    214380.000000           1           41.8705   
      1387:    214410.000000           1           41.8730   
      1388:    214440.000000           1           41.8721   
      1389:    214470.000000           1           41.8724   
      1390:    214500.000000           1           41.8752   
      1391:    214530.000000           1           41.8774   
      1392:    214560.000000           1           41.8799   
      1393:    214590.000000           1           41.8829   
      1394:    214620.000000           1           41.8828   
      1395:    214650.000000           1           41.8834   
      1396:    214680.000000           1           41.8838   
      1397:    214710.000000           1           41.8850   
      1398:    214740.000000           1           41.8871   
      1399:    214770.000000           1           41.8894   
      1400:    214800.000000           1           41.8921   
      1401:    214830.000000           1           41.8936   
      1402:    214860.000000           1           41.8956   
      1403:    214890.000000           1           41.8975   
      1404:    214920.000000           1           41.8994   
      1405:    214950.000000           1           41.8993   
      1406:    214980.000000           1           41.8988   
      1407:    215010.000000           1           41.8985   
      1408:    215040.000000           1           41.8982   
      1409:    215070.000000           1           41.8978   
      1410:    215100.000000           1           41.8968   
      1411:    215130.000000           1           41.8950   
      1412:    215160.000000           1           41.8922   
      1413:    215190.000000           1           41.8891   
      1414:    215220.000000           1           41.8866   
      1415:    215250.000000           1           41.8838   
      1416:    215280.000000           1           41.8816   
      1417:    215310.000000           1           41.8812   
      1418:    215340.000000           1           41.8803   
      1419:    215370.000000           1           41.8813   
      1420:    215400.000000           1           41.8833   
      1421:    215430.000000           1           41.8853   
      1422:    215460.000000           1           41.8880   
      1423:    215490.000000           1           41.8911   
      1424:    215520.000000           1           41.8938   
      1425:    215550.000000           1           41.8949   
      1426:    215580.000000           1           41.8968   
      1427:    215610.000000           1           41.8967   
      1428:    215640.000000           1           41.8938   
      1429:    215670.000000           1           41.8899   
      1430:    215700.000000           1           41.8873   
      1431:    215730.000000           1           41.8853   
      1432:    215760.000000           1           41.8847   
      1433:    215790.000000           1           41.8838   
      1434:    215820.000000           1           41.8831   
      1435:    215850.000000           1           41.8805   
      1436:    215880.000000           1           41.8778   
      1437:    215910.000000           1           41.8776   
      1438:    215940.000000           1           41.8777   
      1439:    215970.000000           1           41.8790   
      1440:    216000.000000           1           41.8802   
      1441:    216030.000000           1           41.8812   
      1442:    216060.000000           1           41.8835   
      1443:    216090.000000           1           41.8859   
      1444:    216120.000000           1           41.8881   
      1445:    216150.000000           1           41.8914   
      1446:    216180.000000           1           41.8920   
      1447:    216210.000000           1           41.8914   
      1448:    216240.000000           1           41.8913   
      1449:    216270.000000           1           41.8906   
      1450:    216300.000000           1           41.8883   
      1451:    216330.000000           1           41.8842   
      1452:    216360.000000           1           41.8796   
      1453:    216390.000000           1           41.8753   
      1454:    216420.000000           1           41.8721   
      1455:    216450.000000           1           41.8685   
      1456:    216480.000000           1           41.8666   
      1457:    216510.000000           1           41.8649   
      1458:    216540.000000           1           41.8640   
      1459:    216570.000000           1           41.8637   
      1460:    216600.000000           1           41.8636   
      1461:    216630.000000           1           41.8647   
      1462:    216660.000000           1           41.8668   
      1463:    216690.000000           1           41.8696   
      1464:    216720.000000           1           41.8725   
      1465:    216750.000000           1           41.8733   
      1466:    216780.000000           1           41.8722   
      1467:    216810.000000           1           41.8712   
      1468:    216840.000000           1           41.8697   
      1469:    216870.000000           1           41.8675   
      1470:    216900.000000           1           41.8657   
      1471:    216930.000000           1           41.8655   
      1472:    216960.000000           1           41.8658   
      1473:    216990.000000           1           41.8651   
      1474:    217020.000000           1           41.8633   
      1475:    217050.000000           1           41.8619   
      1476:    217080.000000           1           41.8599   
      1477:    217110.000000           1           41.8573   
      1478:    217140.000000           1           41.8547   
      1479:    217170.000000           1           41.8521   
      1480:    217200.000000           1           41.8500   
      1481:    217230.000000           1           41.8489   
      1482:    217260.000000           1           41.8479   
      1483:    217290.000000           1           41.8466   
      1484:    217320.000000           1           41.8467   
      1485:    217350.000000           1           41.8468   
      1486:    217380.000000           1           41.8471   
      1487:    217410.000000           1           41.8467   
      1488:    217440.000000           1           41.8466   
      1489:    217470.000000           1           41.8470   
      1490:    217500.000000           1           41.8458   
      1491:    217530.000000           1           41.8436   
      1492:    217560.000000           1           41.8414   
      1493:    217590.000000           1           41.8390   
      1494:    217620.000000           1           41.8362   
      1495:    217650.000000           1           41.8355   
      1496:    217680.000000           1           41.8357   
      1497:    217710.000000           1           41.8382   
      1498:    217740.000000           1           41.8401   
      1499:    217770.000000           1           41.8405   
      1500:    217800.000000           1           41.8390   
      1501:    217830.000000           1           41.8385   
      1502:    217860.000000           1           41.8392   
      1503:    217890.000000           1           41.8411   
      1504:    217920.000000           1           41.8432   
      1505:    217950.000000           1           41.8466   
      1506:    217980.000000           1           41.8505   
      1507:    218010.000000           1           41.8538   
      1508:    218040.000000           1           41.8575   
      1509:    218070.000000           1           41.8589   
      1510:    218100.000000           1           41.8592   
      1511:    218130.000000           1           41.8590   
      1512:    218160.000000           1           41.8588   
      1513:    218190.000000           1           41.8587   
      1514:    218220.000000           1           41.8593   
      1515:    218250.000000           1           41.8612   
      1516:    218280.000000           1           41.8622   
      1517:    218310.000000           1           41.8622   
      1518:    218340.000000           1           41.8622   
      1519:    218370.000000           1           41.8613   
      1520:    218400.000000           1           41.8616   
      1521:    218430.000000           1           41.8629   
      1522:    218460.000000           1           41.8634   
      1523:    218490.000000           1           41.8649   
      1524:    218520.000000           1           41.8648   
      1525:    218550.000000           1           41.8645   
      1526:    218580.000000           1           41.8642   
      1527:    218610.000000           1           41.8616   
      1528:    218640.000000           1           41.8595   
      1529:    218670.000000           1           41.8573   
      1530:    218700.000000           1           41.8561   
      1531:    218730.000000           1           41.8560   
      1532:    218760.000000           1           41.8572   
      1533:    218790.000000           1           41.8599   
      1534:    218820.000000           1           41.8629   
      1535:    218850.000000           1           41.8649   
      1536:    218880.000000           1           41.8652   
      1537:    218910.000000           1           41.8632   
      1538:    218940.000000           1           41.8602   
      1539:    218970.000000           1           41.8565   
      1540:    219000.000000           1           41.8528   
      1541:    219030.000000           1           41.8511   
      1542:    219060.000000           1           41.8506   
      1543:    219090.000000           1           41.8507   
      1544:    219120.000000           1           41.8524   
      1545:    219150.000000           1           41.8544   
      1546:    219180.000000           1           41.8564   
      1547:    219210.000000           1           41.8567   
      1548:    219240.000000           1           41.8560   
      1549:    219270.000000           1           41.8549   
      1550:    219300.000000           1           41.8534   
      1551:    219330.000000           1           41.8504   
      1552:    219360.000000           1           41.8468   
      1553:    219390.000000           1           41.8447   
      1554:    219420.000000           1           41.8442   
      1555:    219450.000000           1           41.8442   
      1556:    219480.000000           1           41.8435   
      1557:    219510.000000           1           41.8426   
      1558:    219540.000000           1           41.8419   
      1559:    219570.000000           1           41.8405   
      1560:    219600.000000           1           41.8392   
      1561:    219630.000000           1           41.8375   
      1562:    219660.000000           1           41.8349   
      1563:    219690.000000           1           41.8306   
      1564:    219720.000000           1           41.8265   
      1565:    219750.000000           1           41.8225   
      1566:    219780.000000           1           41.8197   
      1567:    219810.000000           1           41.8171   
      1568:    219840.000000           1           41.8155   
      1569:    219870.000000           1           41.8139   
      1570:    219900.000000           1           41.8123   
      1571:    219930.000000           1           41.8112   
      1572:    219960.000000           1           41.8111   
      1573:    219990.000000           1           41.8099   
      1574:    220020.000000           1           41.8082   
      1575:    220050.000000           1           41.8061   
      1576:    220080.000000           1           41.8038   
      1577:    220110.000000           1           41.8014   
      1578:    220140.000000           1           41.7983   
      1579:    220170.000000           1           41.7958   
      1580:    220200.000000           1           41.7944   
      1581:    220230.000000           1           41.7946   
      1582:    220260.000000           1           41.7935   
      1583:    220290.000000           1           41.7928   
      1584:    220320.000000           1           41.7915   
      1585:    220350.000000           1           41.7892   
      1586:    220380.000000           1           41.7875   
      1587:    220410.000000           1           41.7857   
      1588:    220440.000000           1           41.7839   
      1589:    220470.000000           1           41.7814   
      1590:    220500.000000           1           41.7802   
      1591:    220530.000000           1           41.7785   
      1592:    220560.000000           1           41.7774   
      1593:    220590.000000           1           41.7770   
      1594:    220620.000000           1           41.7763   
      1595:    220650.000000           1           41.7755   
      1596:    220680.000000           1           41.7745   
      1597:    220710.000000           1           41.7724   
      1598:    220740.000000           1           41.7705   
      1599:    220770.000000           1           41.7683   
      1600:    220800.000000           1           41.7662   
      1601:    220830.000000           1           41.7636   
      1602:    220860.000000           1           41.7596   
      1603:    220890.000000           1           41.7548   
      1604:    220920.000000           1           41.7505   
      1605:    220950.000000           1           41.7481   
      1606:    220980.000000           1           41.7462   
      1607:    221010.000000           1           41.7437   
      1608:    221040.000000           1           41.7411   
      1609:    221070.000000           1           41.7388   
      1610:    221100.000000           1           41.7362   
      1611:    221130.000000           1           41.7341   
      1612:    221160.000000           1           41.7327   
      1613:    221190.000000           1           41.7315   
      1614:    221220.000000           1           41.7296   
      1615:    221250.000000           1           41.7281   
      1616:    221280.000000           1           41.7274   
      1617:    221310.000000           1           41.7249   
      1618:    221340.000000           1           41.7212   
      1619:    221370.000000           1           41.7167   
      1620:    221400.000000           1           41.7123   
      1621:    221430.000000           1           41.7084   
      1622:    221460.000000           1           41.7049   
      1623:    221490.000000           1           41.7016   
      1624:    221520.000000           1           41.6987   
      1625:    221550.000000           1           41.6960   
      1626:    221580.000000           1           41.6929   
      1627:    221610.000000           1           41.6896   
      1628:    221640.000000           1           41.6853   
      1629:    221670.000000           1           41.6796   
      1630:    221700.000000           1           41.6745   
      1631:    221730.000000           1           41.6703   
      1632:    221760.000000           1           41.6667   
      1633:    221790.000000           1           41.6628   
      1634:    221820.000000           1           41.6589   
      1635:    221850.000000           1           41.6548   
      1636:    221880.000000           1           41.6502   
      1637:    221910.000000           1           41.6456   
      1638:    221940.000000           1           41.6419   
      1639:    221970.000000           1           41.6374   
      1640:    222000.000000           1           41.6324   
      1641:    222030.000000           1           41.6273   
      1642:    222060.000000           1           41.6239   
      1643:    222090.000000           1           41.6218   
      1644:    222120.000000           1           41.6194   
      1645:    222150.000000           1           41.6164   
      1646:    222180.000000           1           41.6136   
      1647:    222210.000000           1           41.6111   
      1648:    222240.000000           1           41.6094   
      1649:    222270.000000           1           41.6080   
      1650:    222300.000000           1           41.6076   
      1651:    222330.000000           1           41.6060   
      1652:    222360.000000           1           41.6028   
      1653:    222390.000000           1           41.6000   
      1654:    222420.000000           1           41.5974   
      1655:    222450.000000           1           41.5954   
      1656:    222480.000000           1           41.5937   
      1657:    222510.000000           1           41.5919   
      1658:    222540.000000           1           41.5907   
      1659:    222570.000000           1           41.5895   
      1660:    222600.000000           1           41.5872   
      1661:    222630.000000           1           41.5845   
      1662:    222660.000000           1           41.5814   
      1663:    222690.000000           1           41.5784   
      1664:    222720.000000           1           41.5742   
      1665:    222750.000000           1           41.5704   
      1666:    222780.000000           1           41.5680   
      1667:    222810.000000           1           41.5657   
      1668:    222840.000000           1           41.5634   
      1669:    222870.000000           1           41.5624   
      1670:    222900.000000           1           41.5614   
      1671:    222930.000000           1           41.5590   
      1672:    222960.000000           1           41.5558   
      1673:    222990.000000           1           41.5515   
      1674:    223020.000000           1           41.5468   
      1675:    223050.000000           1           41.5417   
      1676:    223080.000000           1           41.5364   
      1677:    223110.000000           1           41.5320   
      1678:    223140.000000           1           41.5290   
      1679:    223170.000000           1           41.5242   
      1680:    223200.000000           1           41.5200   
      1681:    223230.000000           1           41.5157   
      1682:    223260.000000           1           41.5128   
      1683:    223290.000000           1           41.5100   
      1684:    223320.000000           1           41.5068   
      1685:    223350.000000           1           41.5038   
      1686:    223380.000000           1           41.5011   
      1687:    223410.000000           1           41.4991   
      1688:    223440.000000           1           41.4983   
      1689:    223470.000000           1           41.4971   
      1690:    223500.000000           1           41.4954   
      1691:    223530.000000           1           41.4931   
      1692:    223560.000000           1           41.4905   
      1693:    223590.000000           1           41.4890   
      1694:    223620.000000           1           41.4881   
      1695:    223650.000000           1           41.4864   
      1696:    223680.000000           1           41.4848   
      1697:    223710.000000           1           41.4831   
      1698:    223740.000000           1           41.4824   
      1699:    223770.000000           1           41.4825   
      1700:    223800.000000           1           41.4823   
      1701:    223830.000000           1           41.4822   
      1702:    223860.000000           1           41.4830   
      1703:    223890.000000           1           41.4843   
      1704:    223920.000000           1           41.4862   
      1705:    223950.000000           1           41.4871   
      1706:    223980.000000           1           41.4861   
      1707:    224010.000000           1           41.4840   
      1708:    224040.000000           1           41.4823   
      1709:    224070.000000           1           41.4808   
      1710:    224100.000000           1           41.4800   
      1711:    224130.000000           1           41.4802   
      1712:    224160.000000           1           41.4809   
      1713:    224190.000000           1           41.4809   
      1714:    224220.000000           1           41.4811   
      1715:    224250.000000           1           41.4804   
      1716:    224280.000000           1           41.4781   
      1717:    224310.000000           1           41.4743   
      1718:    224340.000000           1           41.4704   
      1719:    224370.000000           1           41.4663   
      1720:    224400.000000           1           41.4617   
      1721:    224430.000000           1           41.4572   
      1722:    224460.000000           1           41.4525   
      1723:    224490.000000           1           41.4480   
      1724:    224520.000000           1           41.4436   
      1725:    224550.000000           1           41.4397   
      1726:    224580.000000           1           41.4355   
      1727:    224610.000000           1           41.4313   
      1728:    224640.000000           1           41.4266   
      1729:    224670.000000           1           41.4216   
      1730:    224700.000000           1           41.4165   
      1731:    224730.000000           1           41.4112   
      1732:    224760.000000           1           41.4066   
      1733:    224790.000000           1           41.4029   
      1734:    224820.000000           1           41.4003   
      1735:    224850.000000           1           41.3985   
      1736:    224880.000000           1           41.3963   
      1737:    224910.000000           1           41.3951   
      1738:    224940.000000           1           41.3938   
      1739:    224970.000000           1           41.3921   
      1740:    225000.000000           1           41.3897   
      1741:    225030.000000           1           41.3863   
      1742:    225060.000000           1           41.3829   
      1743:    225090.000000           1           41.3800   
      1744:    225120.000000           1           41.3774   
      1745:    225150.000000           1           41.3754   
      1746:    225180.000000           1           41.3732   
      1747:    225210.000000           1           41.3708   
      1748:    225240.000000           1           41.3677   
      1749:    225270.000000           1           41.3641   
      1750:    225300.000000           1           41.3610   
      1751:    225330.000000           1           41.3593   
      1752:    225360.000000           1           41.3577   
      1753:    225390.000000           1           41.3550   
      1754:    225420.000000           1           41.3508   
      1755:    225450.000000           1           41.3466   
      1756:    225480.000000           1           41.3424   
      1757:    225510.000000           1           41.3381   
      1758:    225540.000000           1           41.3333   
      1759:    225570.000000           1           41.3298   
      1760:    225600.000000           1           41.3264   
      1761:    225630.000000           1           41.3244   
      1762:    225660.000000           1           41.3228   
      1763:    225690.000000           1           41.3215   
      1764:    225720.000000           1           41.3200   
      1765:    225750.000000           1           41.3172   
      1766:    225780.000000           1           41.3145   
      1767:    225810.000000           1           41.3118   
      1768:    225840.000000           1           41.3101   
      1769:    225870.000000           1           41.3103   
      1770:    225900.000000           1           41.3110   
      1771:    225930.000000           1           41.3110   
      1772:    225960.000000           1           41.3098   
      1773:    225990.000000           1           41.3085   
      1774:    226020.000000           1           41.3075   
      1775:    226050.000000           1           41.3060   
      1776:    226080.000000           1           41.3045   
      1777:    226110.000000           1           41.3026   
      1778:    226140.000000           1           41.3005   
      1779:    226170.000000           1           41.2992   
      1780:    226200.000000           1           41.2994   
      1781:    226230.000000           1           41.2996   
      1782:    226260.000000           1           41.2994   
      1783:    226290.000000           1           41.2989   
      1784:    226320.000000           1           41.2976   
      1785:    226350.000000           1           41.2949   
      1786:    226380.000000           1           41.2917   
      1787:    226410.000000           1           41.2887   
      1788:    226440.000000           1           41.2853   
      1789:    226470.000000           1           41.2817   
      1790:    226500.000000           1           41.2786   
      1791:    226530.000000           1           41.2762   
      1792:    226560.000000           1           41.2741   
      1793:    226590.000000           1           41.2719   
      1794:    226620.000000           1           41.2698   
      1795:    226650.000000           1           41.2685   
      1796:    226680.000000           1           41.2674   
      1797:    226710.000000           1           41.2664   
      1798:    226740.000000           1           41.2661   
      1799:    226770.000000           1           41.2669   
      1800:    226800.000000           1           41.2681   
      1801:    226830.000000           1           41.2690   
      1802:    226860.000000           1           41.2703   
      1803:    226890.000000           1           41.2708   
      1804:    226920.000000           1           41.2711   
      1805:    226950.000000           1           41.2707   
      1806:    226980.000000           1           41.2691   
      1807:    227010.000000           1           41.2671   
      1808:    227040.000000           1           41.2654   
      1809:    227070.000000           1           41.2638   
      1810:    227100.000000           1           41.2625   
      1811:    227130.000000           1           41.2619   
      1812:    227160.000000           1           41.2619   
      1813:    227190.000000           1           41.2625   
      1814:    227220.000000           1           41.2638   
      1815:    227250.000000           1           41.2648   
      1816:    227280.000000           1           41.2651   
      1817:    227310.000000           1           41.2654   
      1818:    227340.000000           1           41.2659   
      1819:    227370.000000           1           41.2673   
      1820:    227400.000000           1           41.2691   
      1821:    227430.000000           1           41.2716   
      1822:    227460.000000           1           41.2742   
      1823:    227490.000000           1           41.2754   
      1824:    227520.000000           1           41.2760   
      1825:    227550.000000           1           41.2768   
      1826:    227580.000000           1           41.2781   
      1827:    227610.000000           1           41.2793   
      1828:    227640.000000           1           41.2804   
      1829:    227670.000000           1           41.2808   
      1830:    227700.000000           1           41.2812   
      1831:    227730.000000           1           41.2813   
      1832:    227760.000000           1           41.2821   
      1833:    227790.000000           1           41.2819   
      1834:    227820.000000           1           41.2813   
      1835:    227850.000000           1           41.2821   
      1836:    227880.000000           1           41.2826   
      1837:    227910.000000           1           41.2832   
      1838:    227940.000000           1           41.2839   
      1839:    227970.000000           1           41.2843   
      1840:    228000.000000           1           41.2844   
      1841:    228030.000000           1           41.2842   
      1842:    228060.000000           1           41.2832   
      1843:    228090.000000           1           41.2814   
      1844:    228120.000000           1           41.2799   
      1845:    228150.000000           1           41.2791   
      1846:    228180.000000           1           41.2780   
      1847:    228210.000000           1           41.2778   
      1848:    228240.000000           1           41.2786   
      1849:    228270.000000           1           41.2801   
      1850:    228300.000000           1           41.2818   
      1851:    228330.000000           1           41.2837   
      1852:    228360.000000           1           41.2865   
      1853:    228390.000000           1           41.2892   
      1854:    228420.000000           1           41.2910   
      1855:    228450.000000           1           41.2921   
      1856:    228480.000000           1           41.2925   
      1857:    228510.000000           1           41.2925   
      1858:    228540.000000           1           41.2925   
      1859:    228570.000000           1           41.2923   
      1860:    228600.000000           1           41.2926   
      1861:    228630.000000           1           41.2934   
      1862:    228660.000000           1           41.2939   
      1863:    228690.000000           1           41.2955   
      1864:    228720.000000           1           41.2983   
      1865:    228750.000000           1           41.3026   
      1866:    228780.000000           1           41.3078   
      1867:    228810.000000           1           41.3128   
      1868:    228840.000000           1           41.3181   
      1869:    228870.000000           1           41.3235   
      1870:    228900.000000           1           41.3292   
      1871:    228930.000000           1           41.3340   
      1872:    228960.000000           1           41.3374   
      1873:    228990.000000           1           41.3395   
      1874:    229020.000000           1           41.3415   
      1875:    229050.000000           1           41.3427   
      1876:    229080.000000           1           41.3433   
      1877:    229110.000000           1           41.3440   
      1878:    229140.000000           1           41.3452   
      1879:    229170.000000           1           41.3471   
      1880:    229200.000000           1           41.3492   
      1881:    229230.000000           1           41.3517   
      1882:    229260.000000           1           41.3549   
      1883:    229290.000000           1           41.3575   
      1884:    229320.000000           1           41.3608   
      1885:    229350.000000           1           41.3645   
      1886:    229380.000000           1           41.3675   
      1887:    229410.000000           1           41.3707   
      1888:    229440.000000           1           41.3735   
      1889:    229470.000000           1           41.3763   
      1890:    229500.000000           1           41.3787   
      1891:    229530.000000           1           41.3819   
      1892:    229560.000000           1           41.3848   
      1893:    229590.000000           1           41.3873   
      1894:    229620.000000           1           41.3895   
      1895:    229650.000000           1           41.3922   
      1896:    229680.000000           1           41.3949   
      1897:    229710.000000           1           41.3983   
      1898:    229740.000000           1           41.4015   
      1899:    229770.000000           1           41.4053   
      1900:    229800.000000           1           41.4100   
      1901:    229830.000000           1           41.4132   
      1902:    229860.000000           1           41.4155   
      1903:    229890.000000           1           41.4175   
      1904:    229920.000000           1           41.4191   
      1905:    229950.000000           1           41.4209   
      1906:    229980.000000           1           41.4226   
      1907:    230010.000000           1           41.4242   
      1908:    230040.000000           1           41.4261   
      1909:    230070.000000           1           41.4274   
      1910:    230100.000000           1           41.4280   
      1911:    230130.000000           1           41.4284   
      1912:    230160.000000           1           41.4279   
      1913:    230190.000000           1           41.4276   
      1914:    230220.000000           1           41.4279   
      1915:    230250.000000           1           41.4282   
      1916:    230280.000000           1           41.4285   
      1917:    230310.000000           1           41.4286   
      1918:    230340.000000           1           41.4280   
      1919:    230370.000000           1           41.4278   
      1920:    230400.000000           1           41.4278   
      1921:    230430.000000           1           41.4286   
      1922:    230460.000000           1           41.4288   
      1923:    230490.000000           1           41.4279   
      1924:    230520.000000           1           41.4279   
      1925:    230550.000000           1           41.4289   
      1926:    230580.000000           1           41.4304   
      1927:    230610.000000           1           41.4316   
      1928:    230640.000000           1           41.4331   
      1929:    230670.000000           1           41.4351   
      1930:    230700.000000           1           41.4371   
      1931:    230730.000000           1           41.4388   
      1932:    230760.000000           1           41.4409   
      1933:    230790.000000           1           41.4441   
      1934:    230820.000000           1           41.4472   
      1935:    230850.000000           1           41.4501   
      1936:    230880.000000           1           41.4536   
      1937:    230910.000000           1           41.4577   
      1938:    230940.000000           1           41.4621   
      1939:    230970.000000           1           41.4657   
      1940:    231000.000000           1           41.4694   
      1941:    231030.000000           1           41.4736   
      1942:    231060.000000           1           41.4778   
      1943:    231090.000000           1           41.4818   
      1944:    231120.000000           1           41.4863   
      1945:    231150.000000           1           41.4911   
      1946:    231180.000000           1           41.4959   
      1947:    231210.000000           1           41.5009   
      1948:    231240.000000           1           41.5058   
      1949:    231270.000000           1           41.5101   
      1950:    231300.000000           1           41.5143   
      1951:    231330.000000           1           41.5185   
      1952:    231360.000000           1           41.5225   
      1953:    231390.000000           1           41.5257   
      1954:    231420.000000           1           41.5281   
      1955:    231450.000000           1           41.5306   
      1956:    231480.000000           1           41.5327   
      1957:    231510.000000           1           41.5345   
      1958:    231540.000000           1           41.5365   
      1959:    231570.000000           1           41.5387   
      1960:    231600.000000           1           41.5410   
      1961:    231630.000000           1           41.5429   
      1962:    231660.000000           1           41.5456   
      1963:    231690.000000           1           41.5487   
      1964:    231720.000000           1           41.5513   
      1965:    231750.000000           1           41.5541   
      1966:    231780.000000           1           41.5560   
      1967:    231810.000000           1           41.5578   
      1968:    231840.000000           1           41.5599   
      1969:    231870.000000           1           41.5621   
      1970:    231900.000000           1           41.5645   
      1971:    231930.000000           1           41.5664   
      1972:    231960.000000           1           41.5683   
      1973:    231990.000000           1           41.5696   
      1974:    232020.000000           1           41.5701   
      1975:    232050.000000           1           41.5714   
      1976:    232080.000000           1           41.5735   
      1977:    232110.000000           1           41.5755   
      1978:    232140.000000           1           41.5774   
      1979:    232170.000000           1           41.5786   
      1980:    232200.000000           1           41.5795   
      1981:    232230.000000           1           41.5805   
      1982:    232260.000000           1           41.5826   
      1983:    232290.000000           1           41.5851   
      1984:    232320.000000           1           41.5877   
      1985:    232350.000000           1           41.5907   
      1986:    232380.000000           1           41.5937   
      1987:    232410.000000           1           41.5957   
      1988:    232440.000000           1           41.5972   
      1989:    232470.000000           1           41.5984   
      1990:    232500.000000           1           41.5994   
      1991:    232530.000000           1           41.6006   
      1992:    232560.000000           1           41.6029   
      1993:    232590.000000           1           41.6067   
      1994:    232620.000000           1           41.6102   
      1995:    232650.000000           1           41.6135   
      1996:    232680.000000           1           41.6164   
      1997:    232710.000000           1           41.6185   
      1998:    232740.000000           1           41.6198   
      1999:    232770.000000           1           41.6216   
      2000:    232800.000000           1           41.6242   
      2001:    232830.000000           1           41.6263   
      2002:    232860.000000           1           41.6276   
      2003:    232890.000000           1           41.6290   
      2004:    232920.000000           1           41.6308   
      2005:    232950.000000           1           41.6328   
      2006:    232980.000000           1           41.6354   
      2007:    233010.000000           1           41.6383   
      2008:    233040.000000           1           41.6418   
      2009:    233070.000000           1           41.6450   
      2010:    233100.000000           1           41.6489   
      2011:    233130.000000           1           41.6530   
      2012:    233160.000000           1           41.6562   
      2013:    233190.000000           1           41.6590   
      2014:    233220.000000           1           41.6624   
      2015:    233250.000000           1           41.6659   
      2016:    233280.000000           1           41.6693   
      2017:    233310.000000           1           41.6732   
      2018:    233340.000000           1           41.6772   
      2019:    233370.000000           1           41.6810   
      2020:    233400.000000           1           41.6841   
      2021:    233430.000000           1           41.6870   
      2022:    233460.000000           1           41.6897   
      2023:    233490.000000           1           41.6916   
      2024:    233520.000000           1           41.6929   
      2025:    233550.000000           1           41.6946   
      2026:    233580.000000           1           41.6971   
      2027:    233610.000000           1           41.6994   
      2028:    233640.000000           1           41.7017   
      2029:    233670.000000           1           41.7046   
      2030:    233700.000000           1           41.7061   
      2031:    233730.000000           1           41.7079   
      2032:    233760.000000           1           41.7096   
      2033:    233790.000000           1           41.7106   
      2034:    233820.000000           1           41.7111   
      2035:    233850.000000           1           41.7120   
      2036:    233880.000000           1           41.7127   
      2037:    233910.000000           1           41.7138   
      2038:    233940.000000           1           41.7151   
      2039:    233970.000000           1           41.7164   
      2040:    234000.000000           1           41.7187   
      2041:    234030.000000           1           41.7214   
      2042:    234060.000000           1           41.7237   
      2043:    234090.000000           1           41.7252   
      2044:    234120.000000           1           41.7275   
      2045:    234150.000000           1           41.7299   
      2046:    234180.000000           1           41.7325   
      2047:    234210.000000           1           41.7352   
      2048:    234240.000000           1           41.7386   
      2049:    234270.000000           1           41.7432   
      2050:    234300.000000           1           41.7475   
      2051:    234330.000000           1           41.7513   
      2052:    234360.000000           1           41.7552   
      2053:    234390.000000           1           41.7594   
      2054:    234420.000000           1           41.7628   
      2055:    234450.000000           1           41.7654   
      2056:    234480.000000           1           41.7678   
      2057:    234510.000000           1           41.7709   
      2058:    234540.000000           1           41.7740   
      2059:    234570.000000           1           41.7771   
      2060:    234600.000000           1           41.7798   
      2061:    234630.000000           1           41.7834   
      2062:    234660.000000           1           41.7881   
      2063:    234690.000000           1           41.7924   
      2064:    234720.000000           1           41.7953   
      2065:    234750.000000           1           41.7963   
      2066:    234780.000000           1           41.7972   
      2067:    234810.000000           1           41.7992   
      2068:    234840.000000           1           41.8011   
      2069:    234870.000000           1           41.8028   
      2070:    234900.000000           1           41.8052   
      2071:    234930.000000           1           41.8076   
      2072:    234960.000000           1           41.8111   
      2073:    234990.000000           1           41.8144   
      2074:    235020.000000           1           41.8178   
      2075:    235050.000000           1           41.8203   
      2076:    235080.000000           1           41.8215   
      2077:    235110.000000           1           41.8218   
      2078:    235140.000000           1           41.8216   
      2079:    235170.000000           1           41.8219   
      2080:    235200.000000           1           41.8224   
      2081:    235230.000000           1           41.8228   
      2082:    235260.000000           1           41.8239   
      2083:    235290.000000           1           41.8255   
      2084:    235320.000000           1           41.8267   
      2085:    235350.000000           1           41.8272   
      2086:    235380.000000           1           41.8286   
      2087:    235410.000000           1           41.8302   
      2088:    235440.000000           1           41.8305   
      2089:    235470.000000           1           41.8296   
      2090:    235500.000000           1           41.8282   
      2091:    235530.000000           1           41.8277   
      2092:    235560.000000           1           41.8270   
      2093:    235590.000000           1           41.8262   
      2094:    235620.000000           1           41.8267   
      2095:    235650.000000           1           41.8269   
      2096:    235680.000000           1           41.8273   
      2097:    235710.000000           1           41.8279   
      2098:    235740.000000           1           41.8287   
      2099:    235770.000000           1           41.8294   
      2100:    235800.000000           1           41.8291   
      2101:    235830.000000           1           41.8283   
      2102:    235860.000000           1           41.8271   
      2103:    235890.000000           1           41.8256   
      2104:    235920.000000           1           41.8245   
      2105:    235950.000000           1           41.8246   
      2106:    235980.000000           1           41.8254   
      2107:    236010.000000           1           41.8279   
      2108:    236040.000000           1           41.8310   
      2109:    236070.000000           1           41.8342   
      2110:    236100.000000           1           41.8376   
      2111:    236130.000000           1           41.8404   
      2112:    236160.000000           1           41.8442   
      2113:    236190.000000           1           41.8480   
      2114:    236220.000000           1           41.8514   
      2115:    236250.000000           1           41.8542   
      2116:    236280.000000           1           41.8575   
      2117:    236310.000000           1           41.8607   
      2118:    236340.000000           1           41.8633   
      2119:    236370.000000           1           41.8650   
      2120:    236400.000000           1           41.8666   
      2121:    236430.000000           1           41.8690   
      2122:    236460.000000           1           41.8705   
      2123:    236490.000000           1           41.8721   
      2124:    236520.000000           1           41.8743   
      2125:    236550.000000           1           41.8768   
      2126:    236580.000000           1           41.8786   
      2127:    236610.000000           1           41.8809   
      2128:    236640.000000           1           41.8842   
      2129:    236670.000000           1           41.8880   
      2130:    236700.000000           1           41.8904   
      2131:    236730.000000           1           41.8915   
      2132:    236760.000000           1           41.8927   
      2133:    236790.000000           1           41.8933   
      2134:    236820.000000           1           41.8935   
      2135:    236850.000000           1           41.8938   
      2136:    236880.000000           1           41.8943   
      2137:    236910.000000           1           41.8953   
      2138:    236940.000000           1           41.8973   
      2139:    236970.000000           1           41.8984   
      2140:    237000.000000           1           41.8995   
      2141:    237030.000000           1           41.9009   
      2142:    237060.000000           1           41.9025   
      2143:    237090.000000           1           41.9040   
      2144:    237120.000000           1           41.9061   
      2145:    237150.000000           1           41.9084   
      2146:    237180.000000           1           41.9102   
      2147:    237210.000000           1           41.9120   
      2148:    237240.000000           1           41.9137   
      2149:    237270.000000           1           41.9159   
      2150:    237300.000000           1           41.9192   
      2151:    237330.000000           1           41.9226   
      2152:    237360.000000           1           41.9255   
      2153:    237390.000000           1           41.9282   
      2154:    237420.000000           1           41.9309   
      2155:    237450.000000           1           41.9321   
      2156:    237480.000000           1           41.9319   
      2157:    237510.000000           1           41.9316   
      2158:    237540.000000           1           41.9312   
      2159:    237570.000000           1           41.9314   
      2160:    237600.000000           1           41.9310   
      2161:    237630.000000           1           41.9297   
      2162:    237660.000000           1           41.9291   
      2163:    237690.000000           1           41.9282   
      2164:    237720.000000           1           41.9272   
      2165:    237750.000000           1           41.9276   
      2166:    237780.000000           1           41.9290   
      2167:    237810.000000           1           41.9305   
      2168:    237840.000000           1           41.9323   
      2169:    237870.000000           1           41.9345   
      2170:    237900.000000           1           41.9366   
      2171:    237930.000000           1           41.9382   
      2172:    237960.000000           1           41.9395   
      2173:    237990.000000           1           41.9413   
      2174:    238020.000000           1           41.9429   
      2175:    238050.000000           1           41.9443   
      2176:    238080.000000           1           41.9455   
      2177:    238110.000000           1           41.9466   
      2178:    238140.000000           1           41.9478   
      2179:    238170.000000           1           41.9484   
      2180:    238200.000000           1           41.9479   
      2181:    238230.000000           1           41.9482   
      2182:    238260.000000           1           41.9482   
      2183:    238290.000000           1           41.9483   
      2184:    238320.000000           1           41.9494   
      2185:    238350.000000           1           41.9507   
      2186:    238380.000000           1           41.9510   
      2187:    238410.000000           1           41.9517   
      2188:    238440.000000           1           41.9534   
      2189:    238470.000000           1           41.9558   
      2190:    238500.000000           1           41.9583   
      2191:    238530.000000           1           41.9608   
      2192:    238560.000000           1           41.9625   
      2193:    238590.000000           1           41.9635   
      2194:    238620.000000           1           41.9634   
      2195:    238650.000000           1           41.9633   
      2196:    238680.000000           1           41.9626   
      2197:    238710.000000           1           41.9615   
      2198:    238740.000000           1           41.9606   
      2199:    238770.000000           1           41.9600   
      2200:    238800.000000           1           41.9595   
      2201:    238830.000000           1           41.9599   
      2202:    238860.000000           1           41.9607   
      2203:    238890.000000           1           41.9621   
      2204:    238920.000000           1           41.9636   
      2205:    238950.000000           1           41.9645   
      2206:    238980.000000           1           41.9648   
      2207:    239010.000000           1           41.9655   
      2208:    239040.000000           1           41.9666   
      2209:    239070.000000           1           41.9679   
      2210:    239100.000000           1           41.9681   
      2211:    239130.000000           1           41.9680   
      2212:    239160.000000           1           41.9677   
      2213:    239190.000000           1           41.9672   
      2214:    239220.000000           1           41.9666   
      2215:    239250.000000           1           41.9658   
      2216:    239280.000000           1           41.9651   
      2217:    239310.000000           1           41.9643   
      2218:    239340.000000           1           41.9635   
      2219:    239370.000000           1           41.9643   
      2220:    239400.000000           1           41.9650   
      2221:    239430.000000           1           41.9650   
      2222:    239460.000000           1           41.9645   
      2223:    239490.000000           1           41.9637   
      2224:    239520.000000           1           41.9635   
      2225:    239550.000000           1           41.9638   
      2226:    239580.000000           1           41.9634   
      2227:    239610.000000           1           41.9626   
      2228:    239640.000000           1           41.9618   
      2229:    239670.000000           1           41.9616   
      2230:    239700.000000           1           41.9616   
      2231:    239730.000000           1           41.9624   
      2232:    239760.000000           1           41.9639   
      2233:    239790.000000           1           41.9656   
      2234:    239820.000000           1           41.9664   
      2235:    239850.000000           1           41.9669   
      2236:    239880.000000           1           41.9680   
      2237:    239910.000000           1           41.9682   
      2238:    239940.000000           1           41.9677   
      2239:    239970.000000           1           41.9664   
      2240:    240000.000000           1           41.9654   
      2241:    240030.000000           1           41.9638   
      2242:    240060.000000           1           41.9623   
      2243:    240090.000000           1           41.9617   
      2244:    240120.000000           1           41.9613   
      2245:    240150.000000           1           41.9619   
