      1636:    221880.000000           1           -0.6438   
      1637:    221910.000000           1           -0.5014   
      1638:    221940.000000           1           -0.5844   
      1639:    221970.000000           1           -0.6114   
      1640:    222000.000000           1           -0.6064   
      1641:    222030.000000           1           -0.6156   
      1642:    222060.000000           1           -0.6238   
      1643:    222090.000000           1           -0.6495   
      1644:    222120.000000           1           -0.6567   
      1645:    222150.000000           1           -0.6789   
      1646:    222180.000000           1           -0.6995   
      1647:    222210.000000           1           -0.7101   
      1648:    222240.000000           1           -0.7280   
      1649:    222270.000000           1           -0.7256   
      1650:    222300.000000           1           -0.7499   
      1651:    222330.000000           1           -0.7790   
      1652:    222360.000000           1           -0.7689   
      1653:    222390.000000           1           -0.7805   
      1654:    222420.000000           1           -0.8138   
      1655:    222450.000000           1           -0.8358   
      1656:    222480.000000           1           -0.8374   
      1657:    222510.000000           1           -0.8408   
      1658:    222540.000000           1           -0.8517   
      1659:    222570.000000           1           -0.8541   
      1660:    222600.000000           1           -0.8423   
      1661:    222630.000000           1           -0.8376   
      1662:    222660.000000           1           -0.8265   
      1663:    222690.000000           1           -0.8303   
      1664:    222720.000000           1           -0.8371   
      1665:    222750.000000           1           -0.8416   
      1666:    222780.000000           1           -0.8323   
      1667:    222810.000000           1           -0.8436   
      1668:    222840.000000           1           -0.8550   
      1669:    222870.000000           1           -0.8657   
      1670:    222900.000000           1           -0.8687   
      1671:    222930.000000           1           -0.8695   
      1672:    222960.000000           1           -0.8650   
      1673:    222990.000000           1           -0.8554   
      1674:    223020.000000           1           -0.8447   
      1675:    223050.000000           1           -0.8382   
      1676:    223080.000000           1           -0.8284   
      1677:    223110.000000           1           -0.8165   
      1678:    223140.000000           1           -0.8141   
      1679:    223170.000000           1           -0.8166   
      1680:    223200.000000           1           -0.8200   
      1681:    223230.000000           1           -0.8168   
      1682:    223260.000000           1           -0.8162   
      1683:    223290.000000           1           -0.8152   
      1684:    223320.000000           1           -0.8168   
      1685:    223350.000000           1           -0.8137   
      1686:    223380.000000           1           -0.8091   
      1687:    223410.000000           1           -0.8028   
      1688:    223440.000000           1           -0.8007   
      1689:    223470.000000           1           -0.7971   
      1690:    223500.000000           1           -0.7908   
      1691:    223530.000000           1           -0.7852   
      1692:    223560.000000           1           -0.7733   
      1693:    223590.000000           1           -0.7645   
      1694:    223620.000000           1           -0.7586   
      1695:    223650.000000           1           -0.7509   
      1696:    223680.000000           1           -0.7379   
      1697:    223710.000000           1           -0.7301   
      1698:    223740.000000           1           -0.7316   
      1699:    223770.000000           1           -0.7372   
      1700:    223800.000000           1           -0.7403   
      1701:    223830.000000           1           -0.7435   
      1702:    223860.000000           1           -0.7423   
      1703:    223890.000000           1           -0.7445   
      1704:    223920.000000           1           -0.7409   
      1705:    223950.000000           1           -0.7380   
      1706:    223980.000000           1           -0.7385   
      1707:    224010.000000           1           -0.7326   
      1708:    224040.000000           1           -0.7264   
      1709:    224070.000000           1           -0.7251   
      1710:    224100.000000           1           -0.7182   
      1711:    224130.000000           1           -0.7157   
      1712:    224160.000000           1           -0.7152   
      1713:    224190.000000           1           -0.7144   
      1714:    224220.000000           1           -0.7156   
      1715:    224250.000000           1           -0.7195   
      1716:    224280.000000           1           -0.7233   
      1717:    224310.000000           1           -0.7288   
      1718:    224340.000000           1           -0.7348   
      1719:    224370.000000           1           -0.7434   
      1720:    224400.000000           1           -0.7508   
      1721:    224430.000000           1           -0.7583   
      1722:    224460.000000           1           -0.7661   
      1723:    224490.000000           1           -0.7726   
      1724:    224520.000000           1           -0.7798   
      1725:    224550.000000           1           -0.7854   
      1726:    224580.000000           1           -0.7894   
      1727:    224610.000000           1           -0.7944   
      1728:    224640.000000           1           -0.8024   
      1729:    224670.000000           1           -0.8090   
      1730:    224700.000000           1           -0.8168   
      1731:    224730.000000           1           -0.8221   
      1732:    224760.000000           1           -0.8298   
      1733:    224790.000000           1           -0.8345   
      1734:    224820.000000           1           -0.8378   
      1735:    224850.000000           1           -0.8397   
      1736:    224880.000000           1           -0.8405   
      1737:    224910.000000           1           -0.8399   
      1738:    224940.000000           1           -0.8387   
      1739:    224970.000000           1           -0.8380   
      1740:    225000.000000           1           -0.8381   
      1741:    225030.000000           1           -0.8407   
      1742:    225060.000000           1           -0.8444   
      1743:    225090.000000           1           -0.8446   
      1744:    225120.000000           1           -0.8422   
      1745:    225150.000000           1           -0.8410   
      1746:    225180.000000           1           -0.8425   
      1747:    225210.000000           1           -0.8467   
      1748:    225240.000000           1           -0.8515   
      1749:    225270.000000           1           -0.8543   
      1750:    225300.000000           1           -0.8566   
      1751:    225330.000000           1           -0.8560   
      1752:    225360.000000           1           -0.8560   
      1753:    225390.000000           1           -0.8576   
      1754:    225420.000000           1           -0.8599   
      1755:    225450.000000           1           -0.8613   
      1756:    225480.000000           1           -0.8626   
      1757:    225510.000000           1           -0.8643   
      1758:    225540.000000           1           -0.8660   
      1759:    225570.000000           1           -0.8671   
      1760:    225600.000000           1           -0.8686   
      1761:    225630.000000           1           -0.8677   
      1762:    225660.000000           1           -0.8677   
      1763:    225690.000000           1           -0.8684   
      1764:    225720.000000           1           -0.8702   
      1765:    225750.000000           1           -0.8707   
      1766:    225780.000000           1           -0.8711   
      1767:    225810.000000           1           -0.8704   
      1768:    225840.000000           1           -0.8701   
      1769:    225870.000000           1           -0.8688   
      1770:    225900.000000           1           -0.8690   
      1771:    225930.000000           1           -0.8694   
      1772:    225960.000000           1           -0.8695   
      1773:    225990.000000           1           -0.8689   
      1774:    226020.000000           1           -0.8703   
      1775:    226050.000000           1           -0.8723   
      1776:    226080.000000           1           -0.8746   
      1777:    226110.000000           1           -0.8771   
      1778:    226140.000000           1           -0.8806   
      1779:    226170.000000           1           -0.8825   
      1780:    226200.000000           1           -0.8822   
      1781:    226230.000000           1           -0.8822   
      1782:    226260.000000           1           -0.8823   
      1783:    226290.000000           1           -0.8826   
      1784:    226320.000000           1           -0.8825   
      1785:    226350.000000           1           -0.8817   
      1786:    226380.000000           1           -0.8812   
      1787:    226410.000000           1           -0.8803   
      1788:    226440.000000           1           -0.8802   
      1789:    226470.000000           1           -0.8796   
      1790:    226500.000000           1           -0.8801   
      1791:    226530.000000           1           -0.8800   
      1792:    226560.000000           1           -0.8795   
      1793:    226590.000000           1           -0.8796   
      1794:    226620.000000           1           -0.8808   
      1795:    226650.000000           1           -0.8821   
      1796:    226680.000000           1           -0.8834   
      1797:    226710.000000           1           -0.8847   
      1798:    226740.000000           1           -0.8867   
      1799:    226770.000000           1           -0.8872   
      1800:    226800.000000           1           -0.8885   
      1801:    226830.000000           1           -0.8894   
      1802:    226860.000000           1           -0.8892   
      1803:    226890.000000           1           -0.8884   
      1804:    226920.000000           1           -0.8886   
      1805:    226950.000000           1           -0.8891   
      1806:    226980.000000           1           -0.8908   
      1807:    227010.000000           1           -0.8932   
      1808:    227040.000000           1           -0.8952   
      1809:    227070.000000           1           -0.8970   
      1810:    227100.000000           1           -0.8987   
      1811:    227130.000000           1           -0.9004   
      1812:    227160.000000           1           -0.9009   
      1813:    227190.000000           1           -0.9009   
      1814:    227220.000000           1           -0.9010   
      1815:    227250.000000           1           -0.9016   
      1816:    227280.000000           1           -0.9027   
      1817:    227310.000000           1           -0.9054   
      1818:    227340.000000           1           -0.9083   
      1819:    227370.000000           1           -0.9103   
      1820:    227400.000000           1           -0.9114   
      1821:    227430.000000           1           -0.9113   
      1822:    227460.000000           1           -0.9114   
      1823:    227490.000000           1           -0.9134   
      1824:    227520.000000           1           -0.9152   
      1825:    227550.000000           1           -0.9167   
      1826:    227580.000000           1           -0.9182   
      1827:    227610.000000           1           -0.9192   
      1828:    227640.000000           1           -0.9194   
      1829:    227670.000000           1           -0.9198   
      1830:    227700.000000           1           -0.9202   
      1831:    227730.000000           1           -0.9198   
      1832:    227760.000000           1           -0.9182   
      1833:    227790.000000           1           -0.9167   
      1834:    227820.000000           1           -0.9155   
      1835:    227850.000000           1           -0.9131   
      1836:    227880.000000           1           -0.9107   
      1837:    227910.000000           1           -0.9081   
      1838:    227940.000000           1           -0.9050   
      1839:    227970.000000           1           -0.9013   
      1840:    228000.000000           1           -0.8984   
      1841:    228030.000000           1           -0.8964   
      1842:    228060.000000           1           -0.8950   
      1843:    228090.000000           1           -0.8936   
      1844:    228120.000000           1           -0.8917   
      1845:    228150.000000           1           -0.8886   
      1846:    228180.000000           1           -0.8860   
      1847:    228210.000000           1           -0.8829   
      1848:    228240.000000           1           -0.8794   
      1849:    228270.000000           1           -0.8758   
      1850:    228300.000000           1           -0.8716   
      1851:    228330.000000           1           -0.8671   
      1852:    228360.000000           1           -0.8624   
      1853:    228390.000000           1           -0.8584   
      1854:    228420.000000           1           -0.8550   
      1855:    228450.000000           1           -0.8526   
      1856:    228480.000000           1           -0.8511   
      1857:    228510.000000           1           -0.8499   
      1858:    228540.000000           1           -0.8496   
      1859:    228570.000000           1           -0.8498   
      1860:    228600.000000           1           -0.8500   
      1861:    228630.000000           1           -0.8502   
      1862:    228660.000000           1           -0.8505   
      1863:    228690.000000           1           -0.8500   
      1864:    228720.000000           1           -0.8476   
      1865:    228750.000000           1           -0.8443   
      1866:    228780.000000           1           -0.8400   
      1867:    228810.000000           1           -0.8353   
      1868:    228840.000000           1           -0.8297   
      1869:    228870.000000           1           -0.8249   
      1870:    228900.000000           1           -0.8204   
      1871:    228930.000000           1           -0.8171   
      1872:    228960.000000           1           -0.8153   
      1873:    228990.000000           1           -0.8142   
      1874:    229020.000000           1           -0.8125   
      1875:    229050.000000           1           -0.8116   
      1876:    229080.000000           1           -0.8111   
      1877:    229110.000000           1           -0.8109   
      1878:    229140.000000           1           -0.8095   
      1879:    229170.000000           1           -0.8069   
      1880:    229200.000000           1           -0.8052   
      1881:    229230.000000           1           -0.8033   
      1882:    229260.000000           1           -0.8004   
      1883:    229290.000000           1           -0.7977   
      1884:    229320.000000           1           -0.7949   
      1885:    229350.000000           1           -0.7918   
      1886:    229380.000000           1           -0.7894   
      1887:    229410.000000           1           -0.7875   
      1888:    229440.000000           1           -0.7857   
      1889:    229470.000000           1           -0.7838   
      1890:    229500.000000           1           -0.7825   
      1891:    229530.000000           1           -0.7802   
      1892:    229560.000000           1           -0.7783   
      1893:    229590.000000           1           -0.7762   
      1894:    229620.000000           1           -0.7741   
      1895:    229650.000000           1           -0.7715   
      1896:    229680.000000           1           -0.7680   
      1897:    229710.000000           1           -0.7641   
      1898:    229740.000000           1           -0.7601   
      1899:    229770.000000           1           -0.7557   
      1900:    229800.000000           1           -0.7505   
      1901:    229830.000000           1           -0.7466   
      1902:    229860.000000           1           -0.7434   
      1903:    229890.000000           1           -0.7408   
      1904:    229920.000000           1           -0.7386   
      1905:    229950.000000           1           -0.7360   
      1906:    229980.000000           1           -0.7342   
      1907:    230010.000000           1           -0.7319   
      1908:    230040.000000           1           -0.7298   
      1909:    230070.000000           1           -0.7289   
      1910:    230100.000000           1           -0.7286   
      1911:    230130.000000           1           -0.7286   
      1912:    230160.000000           1           -0.7295   
      1913:    230190.000000           1           -0.7304   
      1914:    230220.000000           1           -0.7304   
      1915:    230250.000000           1           -0.7305   
      1916:    230280.000000           1           -0.7301   
      1917:    230310.000000           1           -0.7297   
      1918:    230340.000000           1           -0.7298   
      1919:    230370.000000           1           -0.7294   
      1920:    230400.000000           1           -0.7283   
      1921:    230430.000000           1           -0.7266   
      1922:    230460.000000           1           -0.7252   
      1923:    230490.000000           1           -0.7246   
      1924:    230520.000000           1           -0.7231   
      1925:    230550.000000           1           -0.7206   
      1926:    230580.000000           1           -0.7174   
      1927:    230610.000000           1           -0.7147   
      1928:    230640.000000           1           -0.7113   
      1929:    230670.000000           1           -0.7079   
      1930:    230700.000000           1           -0.7048   
      1931:    230730.000000           1           -0.7023   
      1932:    230760.000000           1           -0.6997   
      1933:    230790.000000           1           -0.6964   
      1934:    230820.000000           1           -0.6937   
      1935:    230850.000000           1           -0.6909   
      1936:    230880.000000           1           -0.6879   
      1937:    230910.000000           1           -0.6844   
      1938:    230940.000000           1           -0.6808   
      1939:    230970.000000           1           -0.6775   
      1940:    231000.000000           1           -0.6740   
      1941:    231030.000000           1           -0.6699   
      1942:    231060.000000           1           -0.6660   
      1943:    231090.000000           1           -0.6622   
      1944:    231120.000000           1           -0.6579   
      1945:    231150.000000           1           -0.6533   
      1946:    231180.000000           1           -0.6487   
      1947:    231210.000000           1           -0.6440   
      1948:    231240.000000           1           -0.6395   
      1949:    231270.000000           1           -0.6350   
      1950:    231300.000000           1           -0.6307   
      1951:    231330.000000           1           -0.6262   
      1952:    231360.000000           1           -0.6222   
      1953:    231390.000000           1           -0.6190   
      1954:    231420.000000           1           -0.6163   
      1955:    231450.000000           1           -0.6134   
      1956:    231480.000000           1           -0.6117   
      1957:    231510.000000           1           -0.6103   
      1958:    231540.000000           1           -0.6090   
      1959:    231570.000000           1           -0.6078   
      1960:    231600.000000           1           -0.6061   
      1961:    231630.000000           1           -0.6046   
      1962:    231660.000000           1           -0.6020   
      1963:    231690.000000           1           -0.5987   
      1964:    231720.000000           1           -0.5960   
      1965:    231750.000000           1           -0.5934   
      1966:    231780.000000           1           -0.5917   
      1967:    231810.000000           1           -0.5899   
      1968:    231840.000000           1           -0.5873   
      1969:    231870.000000           1           -0.5846   
      1970:    231900.000000           1           -0.5819   
      1971:    231930.000000           1           -0.5796   
      1972:    231960.000000           1           -0.5773   
      1973:    231990.000000           1           -0.5755   
      1974:    232020.000000           1           -0.5745   
      1975:    232050.000000           1           -0.5731   
      1976:    232080.000000           1           -0.5707   
      1977:    232110.000000           1           -0.5687   
      1978:    232140.000000           1           -0.5670   
      1979:    232170.000000           1           -0.5658   
      1980:    232200.000000           1           -0.5645   
      1981:    232230.000000           1           -0.5631   
      1982:    232260.000000           1           -0.5608   
      1983:    232290.000000           1           -0.5582   
      1984:    232320.000000           1           -0.5553   
      1985:    232350.000000           1           -0.5523   
      1986:    232380.000000           1           -0.5492   
      1987:    232410.000000           1           -0.5471   
      1988:    232440.000000           1           -0.5457   
      1989:    232470.000000           1           -0.5443   
      1990:    232500.000000           1           -0.5432   
      1991:    232530.000000           1           -0.5420   
      1992:    232560.000000           1           -0.5399   
      1993:    232590.000000           1           -0.5361   
      1994:    232620.000000           1           -0.5325   
      1995:    232650.000000           1           -0.5293   
      1996:    232680.000000           1           -0.5265   
      1997:    232710.000000           1           -0.5245   
      1998:    232740.000000           1           -0.5231   
      1999:    232770.000000           1           -0.5213   
      2000:    232800.000000           1           -0.5185   
      2001:    232830.000000           1           -0.5162   
      2002:    232860.000000           1           -0.5147   
      2003:    232890.000000           1           -0.5132   
      2004:    232920.000000           1           -0.5113   
      2005:    232950.000000           1           -0.5094   
      2006:    232980.000000           1           -0.5068   
      2007:    233010.000000           1           -0.5039   
      2008:    233040.000000           1           -0.5006   
      2009:    233070.000000           1           -0.4974   
      2010:    233100.000000           1           -0.4936   
      2011:    233130.000000           1           -0.4895   
      2012:    233160.000000           1           -0.4863   
      2013:    233190.000000           1           -0.4835   
      2014:    233220.000000           1           -0.4802   
      2015:    233250.000000           1           -0.4765   
      2016:    233280.000000           1           -0.4730   
      2017:    233310.000000           1           -0.4695   
      2018:    233340.000000           1           -0.4657   
      2019:    233370.000000           1           -0.4621   
      2020:    233400.000000           1           -0.4595   
      2021:    233430.000000           1           -0.4567   
      2022:    233460.000000           1           -0.4545   
      2023:    233490.000000           1           -0.4530   
      2024:    233520.000000           1           -0.4520   
      2025:    233550.000000           1           -0.4505   
      2026:    233580.000000           1           -0.4483   
      2027:    233610.000000           1           -0.4462   
      2028:    233640.000000           1           -0.4439   
      2029:    233670.000000           1           -0.4413   
      2030:    233700.000000           1           -0.4401   
      2031:    233730.000000           1           -0.4384   
      2032:    233760.000000           1           -0.4369   
      2033:    233790.000000           1           -0.4361   
      2034:    233820.000000           1           -0.4356   
      2035:    233850.000000           1           -0.4349   
      2036:    233880.000000           1           -0.4343   
      2037:    233910.000000           1           -0.4332   
      2038:    233940.000000           1           -0.4319   
      2039:    233970.000000           1           -0.4303   
      2040:    234000.000000           1           -0.4280   
      2041:    234030.000000           1           -0.4254   
      2042:    234060.000000           1           -0.4232   
      2043:    234090.000000           1           -0.4219   
      2044:    234120.000000           1           -0.4196   
      2045:    234150.000000           1           -0.4171   
      2046:    234180.000000           1           -0.4145   
      2047:    234210.000000           1           -0.4116   
      2048:    234240.000000           1           -0.4080   
      2049:    234270.000000           1           -0.4034   
      2050:    234300.000000           1           -0.3990   
      2051:    234330.000000           1           -0.3951   
      2052:    234360.000000           1           -0.3910   
      2053:    234390.000000           1           -0.3866   
      2054:    234420.000000           1           -0.3826   
      2055:    234450.000000           1           -0.3796   
      2056:    234480.000000           1           -0.3767   
      2057:    234510.000000           1           -0.3732   
      2058:    234540.000000           1           -0.3703   
      2059:    234570.000000           1           -0.3667   
      2060:    234600.000000           1           -0.3631   
      2061:    234630.000000           1           -0.3589   
      2062:    234660.000000           1           -0.3534   
      2063:    234690.000000           1           -0.3482   
      2064:    234720.000000           1           -0.3445   
      2065:    234750.000000           1           -0.3427   
      2066:    234780.000000           1           -0.3411   
      2067:    234810.000000           1           -0.3383   
      2068:    234840.000000           1           -0.3355   
      2069:    234870.000000           1           -0.3328   
      2070:    234900.000000           1           -0.3295   
      2071:    234930.000000           1           -0.3263   
      2072:    234960.000000           1           -0.3221   
      2073:    234990.000000           1           -0.3182   
      2074:    235020.000000           1           -0.3143   
      2075:    235050.000000           1           -0.3112   
      2076:    235080.000000           1           -0.3091   
      2077:    235110.000000           1           -0.3082   
      2078:    235140.000000           1           -0.3079   
      2079:    235170.000000           1           -0.3070   
      2080:    235200.000000           1           -0.3060   
      2081:    235230.000000           1           -0.3051   
      2082:    235260.000000           1           -0.3034   
      2083:    235290.000000           1           -0.3014   
      2084:    235320.000000           1           -0.2997   
      2085:    235350.000000           1           -0.2990   
      2086:    235380.000000           1           -0.2977   
      2087:    235410.000000           1           -0.2964   
      2088:    235440.000000           1           -0.2968   
      2089:    235470.000000           1           -0.2987   
      2090:    235500.000000           1           -0.3011   
      2091:    235530.000000           1           -0.3027   
      2092:    235560.000000           1           -0.3043   
      2093:    235590.000000           1           -0.3059   
      2094:    235620.000000           1           -0.3060   
      2095:    235650.000000           1           -0.3064   
      2096:    235680.000000           1           -0.3065   
      2097:    235710.000000           1           -0.3063   
      2098:    235740.000000           1           -0.3059   
      2099:    235770.000000           1           -0.3056   
      2100:    235800.000000           1           -0.3062   
      2101:    235830.000000           1           -0.3075   
      2102:    235860.000000           1           -0.3093   
      2103:    235890.000000           1           -0.3115   
      2104:    235920.000000           1           -0.3130   
      2105:    235950.000000           1           -0.3134   
      2106:    235980.000000           1           -0.3128   
      2107:    236010.000000           1           -0.3106   
      2108:    236040.000000           1           -0.3078   
      2109:    236070.000000           1           -0.3047   
      2110:    236100.000000           1           -0.3013   
      2111:    236130.000000           1           -0.2982   
      2112:    236160.000000           1           -0.2944   
      2113:    236190.000000           1           -0.2907   
      2114:    236220.000000           1           -0.2873   
      2115:    236250.000000           1           -0.2844   
      2116:    236280.000000           1           -0.2813   
      2117:    236310.000000           1           -0.2783   
      2118:    236340.000000           1           -0.2758   
      2119:    236370.000000           1           -0.2741   
      2120:    236400.000000           1           -0.2727   
      2121:    236430.000000           1           -0.2705   
      2122:    236460.000000           1           -0.2691   
      2123:    236490.000000           1           -0.2679   
      2124:    236520.000000           1           -0.2659   
      2125:    236550.000000           1           -0.2636   
      2126:    236580.000000           1           -0.2619   
      2127:    236610.000000           1           -0.2597   
      2128:    236640.000000           1           -0.2566   
      2129:    236670.000000           1           -0.2528   
      2130:    236700.000000           1           -0.2502   
      2131:    236730.000000           1           -0.2491   
      2132:    236760.000000           1           -0.2480   
      2133:    236790.000000           1           -0.2476   
      2134:    236820.000000           1           -0.2477   
      2135:    236850.000000           1           -0.2475   
      2136:    236880.000000           1           -0.2472   
      2137:    236910.000000           1           -0.2463   
      2138:    236940.000000           1           -0.2443   
      2139:    236970.000000           1           -0.2432   
      2140:    237000.000000           1           -0.2424   
      2141:    237030.000000           1           -0.2414   
      2142:    237060.000000           1           -0.2399   
      2143:    237090.000000           1           -0.2385   
      2144:    237120.000000           1           -0.2367   
      2145:    237150.000000           1           -0.2346   
      2146:    237180.000000           1           -0.2331   
      2147:    237210.000000           1           -0.2314   
      2148:    237240.000000           1           -0.2299   
      2149:    237270.000000           1           -0.2279   
      2150:    237300.000000           1           -0.2246   
      2151:    237330.000000           1           -0.2214   
      2152:    237360.000000           1           -0.2186   
      2153:    237390.000000           1           -0.2160   
      2154:    237420.000000           1           -0.2134   
      2155:    237450.000000           1           -0.2123   
      2156:    237480.000000           1           -0.2129   
      2157:    237510.000000           1           -0.2135   
      2158:    237540.000000           1           -0.2141   
      2159:    237570.000000           1           -0.2142   
      2160:    237600.000000           1           -0.2147   
      2161:    237630.000000           1           -0.2161   
      2162:    237660.000000           1           -0.2169   
      2163:    237690.000000           1           -0.2182   
      2164:    237720.000000           1           -0.2193   
      2165:    237750.000000           1           -0.2191   
      2166:    237780.000000           1           -0.2180   
      2167:    237810.000000           1           -0.2167   
      2168:    237840.000000           1           -0.2150   
      2169:    237870.000000           1           -0.2129   
      2170:    237900.000000           1           -0.2110   
      2171:    237930.000000           1           -0.2096   
      2172:    237960.000000           1           -0.2085   
      2173:    237990.000000           1           -0.2067   
      2174:    238020.000000           1           -0.2051   
      2175:    238050.000000           1           -0.2038   
      2176:    238080.000000           1           -0.2029   
      2177:    238110.000000           1           -0.2020   
      2178:    238140.000000           1           -0.2011   
      2179:    238170.000000           1           -0.2007   
      2180:    238200.000000           1           -0.2013   
      2181:    238230.000000           1           -0.2012   
      2182:    238260.000000           1           -0.2012   
      2183:    238290.000000           1           -0.2012   
      2184:    238320.000000           1           -0.2003   
      2185:    238350.000000           1           -0.1991   
      2186:    238380.000000           1           -0.1991   
      2187:    238410.000000           1           -0.1985   
      2188:    238440.000000           1           -0.1968   
      2189:    238470.000000           1           -0.1946   
      2190:    238500.000000           1           -0.1924   
      2191:    238530.000000           1           -0.1902   
      2192:    238560.000000           1           -0.1888   
      2193:    238590.000000           1           -0.1880   
      2194:    238620.000000           1           -0.1883   
      2195:    238650.000000           1           -0.1886   
      2196:    238680.000000           1           -0.1895   
      2197:    238710.000000           1           -0.1909   
      2198:    238740.000000           1           -0.1919   
      2199:    238770.000000           1           -0.1926   
      2200:    238800.000000           1           -0.1935   
      2201:    238830.000000           1           -0.1935   
      2202:    238860.000000           1           -0.1932   
      2203:    238890.000000           1           -0.1923   
      2204:    238920.000000           1           -0.1912   
      2205:    238950.000000           1           -0.1907   
      2206:    238980.000000           1           -0.1907   
      2207:    239010.000000           1           -0.1902   
      2208:    239040.000000           1           -0.1893   
      2209:    239070.000000           1           -0.1882   
      2210:    239100.000000           1           -0.1881   
      2211:    239130.000000           1           -0.1882   
      2212:    239160.000000           1           -0.1886   
      2213:    239190.000000           1           -0.1892   
      2214:    239220.000000           1           -0.1898   
      2215:    239250.000000           1           -0.1907   
      2216:    239280.000000           1           -0.1914   
      2217:    239310.000000           1           -0.1923   
      2218:    239340.000000           1           -0.1932   
      2219:    239370.000000           1           -0.1925   
      2220:    239400.000000           1           -0.1919   
      2221:    239430.000000           1           -0.1921   
      2222:    239460.000000           1           -0.1928   
      2223:    239490.000000           1           -0.1937   
      2224:    239520.000000           1           -0.1940   
      2225:    239550.000000           1           -0.1937   
      2226:    239580.000000           1           -0.1940   
      2227:    239610.000000           1           -0.1949   
      2228:    239640.000000           1           -0.1958   
      2229:    239670.000000           1           -0.1961   
      2230:    239700.000000           1           -0.1962   
      2231:    239730.000000           1           -0.1954   
      2232:    239760.000000           1           -0.1939   
      2233:    239790.000000           1           -0.1921   
      2234:    239820.000000           1           -0.1913   
      2235:    239850.000000           1           -0.1909   
      2236:    239880.000000           1           -0.1898   
      2237:    239910.000000           1           -0.1895   
      2238:    239940.000000           1           -0.1900   
      2239:    239970.000000           1           -0.1912   
      2240:    240000.000000           1           -0.1922   
      2241:    240030.000000           1           -0.1938   
      2242:    240060.000000           1           -0.1953   
      2243:    240090.000000           1           -0.1958   
      2244:    240120.000000           1           -0.1962   
      2245:    240150.000000           1           -0.1957   
      2246:    240180.000000           1           -0.1943   
      2247:    240210.000000           1           -0.1922   
      2248:    240240.000000           1           -0.1904   
      2249:    240270.000000           1           -0.1891   
      2250:    240300.000000           1           -0.1890   
      2251:    240330.000000           1           -0.1904   
      2252:    240360.000000           1           -0.1903   
      2253:    240390.000000           1           -0.1887   
      2254:    240420.000000           1           -0.1882   
      2255:    240450.000000           1           -0.1903   
      2256:    240480.000000           1           -0.1931   
      2257:    240510.000000           1           -0.1943   
      2258:    240540.000000           1           -0.1930   
      2259:    240570.000000           1           -0.1896   
      2260:    240600.000000           1           -0.1868   
      2261:    240630.000000           1           -0.1865   
      2262:    240660.000000           1           -0.1876   
      2263:    240690.000000           1           -0.1875   
      2264:    240720.000000           1           -0.1867   
      2265:    240750.000000           1           -0.1851   
      2266:    240780.000000           1           -0.1849   
      2267:    240810.000000           1           -0.1860   
      2268:    240840.000000           1           -0.1875   
      2269:    240870.000000           1           -0.1893   
      2273:    240990.000000           1          229.4856   
      2274:    241020.000000           1          229.4871   
      2275:    241050.000000           1          229.6179   
      2276:    241080.000000           1          229.6660   
      2277:    241110.000000           1          229.7267   
      2278:    241140.000000           1          229.7448   
      2279:    241170.000000           1          229.7585   
      2280:    241200.000000           1          229.7677   
      2281:    241230.000000           1          229.7936   
      2282:    241260.000000           1          229.8127   
      2283:    241290.000000           1          229.8209   
      2284:    241320.000000           1          229.8223   
      2285:    241350.000000           1          229.8227   
      2286:    241380.000000           1          229.8380   
      2288:    241440.000000           1          317.7539   
      2289:    241470.000000           1          317.7968   
      2290:    241500.000000           1          317.7662   
      2291:    241530.000000           1          317.8272   
      2292:    241560.000000           1          317.7991   
      2293:    241590.000000           1          317.8053   
      2294:    241620.000000           1          317.8110   
      2295:    241650.000000           1          317.8061   
      2296:    241680.000000           1          317.7763   
      2297:    241710.000000           1          317.7668   
