         0:    172800.000000           1          -40.7221   
         1:    172830.000000           1          -21.5598   
         2:    172860.000000           1          -34.4471   
         3:    172890.000000           1          -41.1391   
         4:    172920.000000           1          -44.3926   
         5:    172950.000000           1          -42.6982   
         6:    172980.000000           1          -40.3336   
         7:    173010.000000           1          -40.6181   
         8:    173040.000000           1          -41.3039   
         9:    173070.000000           1          -42.3140   
        10:    173100.000000           1          -42.2391   
        11:    173130.000000           1          -41.2744   
        12:    173160.000000           1          -40.8216   
        13:    173190.000000           1          -41.1957   
        14:    173220.000000           1          -41.5317   
        15:    173250.000000           1          -41.8508   
        16:    173280.000000           1          -42.0048   
        17:    173310.000000           1          -41.4063   
        18:    173340.000000           1          -41.1949   
        19:    173370.000000           1          -40.8756   
        20:    173400.000000           1          -40.8956   
        21:    173430.000000           1          -41.1558   
        22:    173460.000000           1          -41.2711   
        23:    173490.000000           1          -41.5461   
        24:    173520.000000           1          -41.6517   
        25:    173550.000000           1          -41.6666   
        26:    173580.000000           1          -41.6686   
        27:    173610.000000           1          -41.7296   
        28:    173640.000000           1          -41.8199   
        29:    173670.000000           1          -41.9721   
        30:    173700.000000           1          -42.1760   
        31:    173730.000000           1          -42.2170   
        32:    173760.000000           1          -42.1678   
        33:    173790.000000           1          -42.0380   
        34:    173820.000000           1          -41.8733   
        35:    173850.000000           1          -41.8473   
        36:    173880.000000           1          -41.8992   
        37:    173910.000000           1          -42.0094   
        38:    173940.000000           1          -42.0736   
        39:    173970.000000           1          -42.0931   
        40:    174000.000000           1          -42.1498   
        41:    174030.000000           1          -42.2409   
        42:    174060.000000           1          -42.2882   
        43:    174090.000000           1          -42.3520   
        44:    174120.000000           1          -42.3804   
        45:    174150.000000           1          -42.4130   
        46:    174180.000000           1          -42.4350   
        47:    174210.000000           1          -42.4288   
        48:    174240.000000           1          -42.4608   
       285:    181350.000000           1          -49.2899   
       287:    181410.000000           1          -57.1109   
       288:    181440.000000           1          -56.9257   
       290:    181500.000000           1            6.7115   
       293:    181590.000000           1          -27.9575   
       296:    181680.000000           1            4.6833   
       298:    181740.000000           1          -79.4980   
       300:    181800.000000           1          -86.4470   
       302:    181860.000000           1           -1.3506   
       305:    181950.000000           1          -91.6698   
       306:    181980.000000           1          -91.8517   
       308:    182040.000000           1          -92.3207   
       309:    182070.000000           1          -92.3880   
       311:    182130.000000           1          -48.9104   
       313:    182190.000000           1           43.3577   
       315:    182250.000000           1           43.5458   
       316:    182280.000000           1           43.6023   
       317:    182310.000000           1           43.6228   
       318:    182340.000000           1           43.6492   
       319:    182370.000000           1           43.6631   
       320:    182400.000000           1           43.7300   
       321:    182430.000000           1           43.7435   
       322:    182460.000000           1           43.7354   
       323:    182490.000000           1           43.7011   
       324:    182520.000000           1           43.7035   
       325:    182550.000000           1           43.7088   
       326:    182580.000000           1           43.6902   
       327:    182610.000000           1           43.6447   
       328:    182640.000000           1           43.5986   
       329:    182670.000000           1           43.5751   
       330:    182700.000000           1           43.5694   
       331:    182730.000000           1           43.5736   
       332:    182760.000000           1           43.5803   
       333:    182790.000000           1           43.5788   
       334:    182820.000000           1           43.5678   
       335:    182850.000000           1           43.5567   
       336:    182880.000000           1           43.5414   
       337:    182910.000000           1           43.5351   
       338:    182940.000000           1           43.5169   
       339:    182970.000000           1           43.4985   
       340:    183000.000000           1           43.4887   
       341:    183030.000000           1           43.4771   
       342:    183060.000000           1           43.4725   
       343:    183090.000000           1           43.4622   
       344:    183120.000000           1           43.4483   
       345:    183150.000000           1           43.4349   
       346:    183180.000000           1           43.4297   
       347:    183210.000000           1           43.4196   
       348:    183240.000000           1           43.4172   
       349:    183270.000000           1           43.4071   
       350:    183300.000000           1           43.3977   
       351:    183330.000000           1           43.3835   
       352:    183360.000000           1           43.3763   
       353:    183390.000000           1           43.3668   
       354:    183420.000000           1           43.3647   
       355:    183450.000000           1           43.3512   
       356:    183480.000000           1           43.3387   
       357:    183510.000000           1           43.3246   
       358:    183540.000000           1           43.3154   
       359:    183570.000000           1           43.3097   
       360:    183600.000000           1           43.3010   
       361:    183630.000000           1           43.2912   
       362:    183660.000000           1           43.2900   
       363:    183690.000000           1           43.2883   
       364:    183720.000000           1           43.2804   
       365:    183750.000000           1           43.2712   
       366:    183780.000000           1           43.2631   
       367:    183810.000000           1           43.2584   
       368:    183840.000000           1           43.2504   
       369:    183870.000000           1           43.2412   
       370:    183900.000000           1           43.2260   
       371:    183930.000000           1           43.2103   
       372:    183960.000000           1           43.1964   
       373:    183990.000000           1           43.1850   
       374:    184020.000000           1           43.1768   
       375:    184050.000000           1           43.1761   
       376:    184080.000000           1           43.1719   
       377:    184110.000000           1           43.1710   
       378:    184140.000000           1           43.1702   
       379:    184170.000000           1           43.1752   
       380:    184200.000000           1           43.1880   
       381:    184230.000000           1           43.2039   
       382:    184260.000000           1           43.2194   
       383:    184290.000000           1           43.2311   
       384:    184320.000000           1           43.2332   
       385:    184350.000000           1           43.2372   
       386:    184380.000000           1           43.2309   
       387:    184410.000000           1           43.2184   
       388:    184440.000000           1           43.1977   
       389:    184470.000000           1           43.1815   
       390:    184500.000000           1           43.1716   
       391:    184530.000000           1           43.1644   
       392:    184560.000000           1           43.1599   
       393:    184590.000000           1           43.1564   
       394:    184620.000000           1           43.1561   
       395:    184650.000000           1           43.1619   
       396:    184680.000000           1           43.1738   
       397:    184710.000000           1           43.1853   
       398:    184740.000000           1           43.1987   
       399:    184770.000000           1           43.2138   
       400:    184800.000000           1           43.2310   
       401:    184830.000000           1           43.2435   
       402:    184860.000000           1           43.2479   
       403:    184890.000000           1           43.2487   
       404:    184920.000000           1           43.2465   
       405:    184950.000000           1           43.2347   
       406:    184980.000000           1           43.2214   
       407:    185010.000000           1           43.2064   
       408:    185040.000000           1           43.1884   
       409:    185070.000000           1           43.1732   
       410:    185100.000000           1           43.1629   
       411:    185130.000000           1           43.1545   
       412:    185160.000000           1           43.1468   
       413:    185190.000000           1           43.1414   
       414:    185220.000000           1           43.1382   
       415:    185250.000000           1           43.1349   
       416:    185280.000000           1           43.1325   
       417:    185310.000000           1           43.1321   
       418:    185340.000000           1           43.1343   
       419:    185370.000000           1           43.1322   
       420:    185400.000000           1           43.1309   
       421:    185430.000000           1           43.1294   
       422:    185460.000000           1           43.1281   
       423:    185490.000000           1           43.1226   
       424:    185520.000000           1           43.1153   
       425:    185550.000000           1           43.1084   
       426:    185580.000000           1           43.1034   
       427:    185610.000000           1           43.0960   
       428:    185640.000000           1           43.0906   
       429:    185670.000000           1           43.0850   
       430:    185700.000000           1           43.0801   
       431:    185730.000000           1           43.0757   
       432:    185760.000000           1           43.0689   
       433:    185790.000000           1           43.0610   
       434:    185820.000000           1           43.0509   
       435:    185850.000000           1           43.0390   
       436:    185880.000000           1           43.0280   
       437:    185910.000000           1           43.0188   
       438:    185940.000000           1           43.0105   
       439:    185970.000000           1           43.0019   
       440:    186000.000000           1           42.9949   
       441:    186030.000000           1           42.9859   
       442:    186060.000000           1           42.9782   
       443:    186090.000000           1           42.9703   
       444:    186120.000000           1           42.9619   
       445:    186150.000000           1           42.9520   
       446:    186180.000000           1           42.9429   
       447:    186210.000000           1           42.9346   
       448:    186240.000000           1           42.9279   
       449:    186270.000000           1           42.9180   
       450:    186300.000000           1           42.9111   
       451:    186330.000000           1           42.9082   
       452:    186360.000000           1           42.9079   
       453:    186390.000000           1           42.9087   
       454:    186420.000000           1           42.9070   
       455:    186450.000000           1           42.9056   
       456:    186480.000000           1           42.9029   
       457:    186510.000000           1           42.8996   
       458:    186540.000000           1           42.8972   
       459:    186570.000000           1           42.8934   
       460:    186600.000000           1           42.8877   
       461:    186630.000000           1           42.8829   
       462:    186660.000000           1           42.8776   
       463:    186690.000000           1           42.8731   
       464:    186720.000000           1           42.8675   
       465:    186750.000000           1           42.8623   
       466:    186780.000000           1           42.8555   
       467:    186810.000000           1           42.8492   
       468:    186840.000000           1           42.8434   
       469:    186870.000000           1           42.8388   
       470:    186900.000000           1           42.8346   
       471:    186930.000000           1           42.8289   
       472:    186960.000000           1           42.8247   
       473:    186990.000000           1           42.8218   
       474:    187020.000000           1           42.8188   
       475:    187050.000000           1           42.8174   
       476:    187080.000000           1           42.8128   
       477:    187110.000000           1           42.8072   
       478:    187140.000000           1           42.8036   
       479:    187170.000000           1           42.8004   
       480:    187200.000000           1           42.7959   
       481:    187230.000000           1           42.7900   
       482:    187260.000000           1           42.7869   
       483:    187290.000000           1           42.7871   
       484:    187320.000000           1           42.7869   
       485:    187350.000000           1           42.7895   
       486:    187380.000000           1           42.7940   
       487:    187410.000000           1           42.7998   
       488:    187440.000000           1           42.8040   
       489:    187470.000000           1           42.8057   
       490:    187500.000000           1           42.8059   
       491:    187530.000000           1           42.8041   
       492:    187560.000000           1           42.8004   
       493:    187590.000000           1           42.7974   
       494:    187620.000000           1           42.7875   
       495:    187650.000000           1           42.7815   
       496:    187680.000000           1           42.7769   
       497:    187710.000000           1           42.7712   
       498:    187740.000000           1           42.7646   
       499:    187770.000000           1           42.7589   
       500:    187800.000000           1           42.7561   
       501:    187830.000000           1           42.7499   
       502:    187860.000000           1           42.7375   
       503:    187890.000000           1           42.7263   
       504:    187920.000000           1           42.7188   
       505:    187950.000000           1           42.7117   
       506:    187980.000000           1           42.7029   
       507:    188010.000000           1           42.6948   
       508:    188040.000000           1           42.6882   
       509:    188070.000000           1           42.6792   
       510:    188100.000000           1           42.6692   
       511:    188130.000000           1           42.6637   
       512:    188160.000000           1           42.6638   
       513:    188190.000000           1           42.6632   
       514:    188220.000000           1           42.6594   
       515:    188250.000000           1           42.6555   
       516:    188280.000000           1           42.6520   
       517:    188310.000000           1           42.6453   
       518:    188340.000000           1           42.6353   
       519:    188370.000000           1           42.6231   
       520:    188400.000000           1           42.6121   
       521:    188430.000000           1           42.6029   
       522:    188460.000000           1           42.5986   
       523:    188490.000000           1           42.5936   
       524:    188520.000000           1           42.5861   
       525:    188550.000000           1           42.5806   
       526:    188580.000000           1           42.5770   
       527:    188610.000000           1           42.5718   
       528:    188640.000000           1           42.5654   
       529:    188670.000000           1           42.5561   
       530:    188700.000000           1           42.5479   
       531:    188730.000000           1           42.5376   
       532:    188760.000000           1           42.5290   
       533:    188790.000000           1           42.5238   
       534:    188820.000000           1           42.5177   
       535:    188850.000000           1           42.5055   
       536:    188880.000000           1           42.4911   
       537:    188910.000000           1           42.4803   
       538:    188940.000000           1           42.4735   
       539:    188970.000000           1           42.4683   
       540:    189000.000000           1           42.4634   
       541:    189030.000000           1           42.4599   
       542:    189060.000000           1           42.4552   
       543:    189090.000000           1           42.4519   
       544:    189120.000000           1           42.4522   
       545:    189150.000000           1           42.4492   
       546:    189180.000000           1           42.4467   
       547:    189210.000000           1           42.4458   
       548:    189240.000000           1           42.4426   
       549:    189270.000000           1           42.4388   
       550:    189300.000000           1           42.4369   
       551:    189330.000000           1           42.4342   
       552:    189360.000000           1           42.4332   
       553:    189390.000000           1           42.4353   
       554:    189420.000000           1           42.4354   
       555:    189450.000000           1           42.4349   
       556:    189480.000000           1           42.4328   
       557:    189510.000000           1           42.4302   
       558:    189540.000000           1           42.4276   
       559:    189570.000000           1           42.4257   
       560:    189600.000000           1           42.4196   
       561:    189630.000000           1           42.4147   
       562:    189660.000000           1           42.4103   
       563:    189690.000000           1           42.4057   
       564:    189720.000000           1           42.4004   
       565:    189750.000000           1           42.3941   
       566:    189780.000000           1           42.3893   
       567:    189810.000000           1           42.3878   
       568:    189840.000000           1           42.3847   
       569:    189870.000000           1           42.3807   
       570:    189900.000000           1           42.3806   
       571:    189930.000000           1           42.3818   
       572:    189960.000000           1           42.3810   
       573:    189990.000000           1           42.3761   
       574:    190020.000000           1           42.3704   
       575:    190050.000000           1           42.3650   
       576:    190080.000000           1           42.3578   
       577:    190110.000000           1           42.3542   
       578:    190140.000000           1           42.3528   
       579:    190170.000000           1           42.3503   
       580:    190200.000000           1           42.3515   
       581:    190230.000000           1           42.3495   
       582:    190260.000000           1           42.3449   
       583:    190290.000000           1           42.3413   
       584:    190320.000000           1           42.3385   
       585:    190350.000000           1           42.3371   
       586:    190380.000000           1           42.3381   
       587:    190410.000000           1           42.3406   
       588:    190440.000000           1           42.3401   
       589:    190470.000000           1           42.3406   
       590:    190500.000000           1           42.3422   
       591:    190530.000000           1           42.3442   
       592:    190560.000000           1           42.3491   
       593:    190590.000000           1           42.3560   
       594:    190620.000000           1           42.3639   
       595:    190650.000000           1           42.3736   
       596:    190680.000000           1           42.3813   
       597:    190710.000000           1           42.3840   
       598:    190740.000000           1           42.3842   
       599:    190770.000000           1           42.3825   
       600:    190800.000000           1           42.3790   
       601:    190830.000000           1           42.3721   
       602:    190860.000000           1           42.3632   
       603:    190890.000000           1           42.3543   
       604:    190920.000000           1           42.3426   
       605:    190950.000000           1           42.3310   
       606:    190980.000000           1           42.3192   
       607:    191010.000000           1           42.3112   
       608:    191040.000000           1           42.3063   
       609:    191070.000000           1           42.3047   
       610:    191100.000000           1           42.3054   
       611:    191130.000000           1           42.3076   
       612:    191160.000000           1           42.3107   
       613:    191190.000000           1           42.3130   
       614:    191220.000000           1           42.3135   
       615:    191250.000000           1           42.3133   
       616:    191280.000000           1           42.3145   
       617:    191310.000000           1           42.3151   
       618:    191340.000000           1           42.3154   
       619:    191370.000000           1           42.3189   
       620:    191400.000000           1           42.3228   
       621:    191430.000000           1           42.3255   
       622:    191460.000000           1           42.3273   
       623:    191490.000000           1           42.3265   
       624:    191520.000000           1           42.3212   
       625:    191550.000000           1           42.3151   
       626:    191580.000000           1           42.3121   
       627:    191610.000000           1           42.3082   
       628:    191640.000000           1           42.3041   
       629:    191670.000000           1           42.3024   
       630:    191700.000000           1           42.3022   
       631:    191730.000000           1           42.3019   
       632:    191760.000000           1           42.3032   
       633:    191790.000000           1           42.3052   
       634:    191820.000000           1           42.3065   
       635:    191850.000000           1           42.3042   
       636:    191880.000000           1           42.3003   
       637:    191910.000000           1           42.2945   
       638:    191940.000000           1           42.2903   
       639:    191970.000000           1           42.2885   
       640:    192000.000000           1           42.2868   
       641:    192030.000000           1           42.2846   
       642:    192060.000000           1           42.2850   
       643:    192090.000000           1           42.2852   
       644:    192120.000000           1           42.2837   
       645:    192150.000000           1           42.2796   
       646:    192180.000000           1           42.2755   
       647:    192210.000000           1           42.2716   
       648:    192240.000000           1           42.2685   
       649:    192270.000000           1           42.2667   
       650:    192300.000000           1           42.2666   
       651:    192330.000000           1           42.2709   
       652:    192360.000000           1           42.2759   
       653:    192390.000000           1           42.2797   
       654:    192420.000000           1           42.2844   
       655:    192450.000000           1           42.2906   
       656:    192480.000000           1           42.2952   
       657:    192510.000000           1           42.2956   
       658:    192540.000000           1           42.2956   
       659:    192570.000000           1           42.2948   
       660:    192600.000000           1           42.2947   
       661:    192630.000000           1           42.2928   
       662:    192660.000000           1           42.2886   
       663:    192690.000000           1           42.2822   
       664:    192720.000000           1           42.2774   
       665:    192750.000000           1           42.2736   
       666:    192780.000000           1           42.2685   
       667:    192810.000000           1           42.2653   
       668:    192840.000000           1           42.2642   
       669:    192870.000000           1           42.2636   
       670:    192900.000000           1           42.2663   
       671:    192930.000000           1           42.2724   
       672:    192960.000000           1           42.2796   
       673:    192990.000000           1           42.2856   
       674:    193020.000000           1           42.2891   
       675:    193050.000000           1           42.2916   
       676:    193080.000000           1           42.2892   
       677:    193110.000000           1           42.2865   
       678:    193140.000000           1           42.2852   
       679:    193170.000000           1           42.2834   
       680:    193200.000000           1           42.2810   
       681:    193230.000000           1           42.2790   
       682:    193260.000000           1           42.2792   
       683:    193290.000000           1           42.2792   
       684:    193320.000000           1           42.2773   
       685:    193350.000000           1           42.2756   
       686:    193380.000000           1           42.2740   
       687:    193410.000000           1           42.2766   
       688:    193440.000000           1           42.2806   
       689:    193470.000000           1           42.2805   
       690:    193500.000000           1           42.2800   
       691:    193530.000000           1           42.2791   
       692:    193560.000000           1           42.2788   
       693:    193590.000000           1           42.2777   
       694:    193620.000000           1           42.2755   
       695:    193650.000000           1           42.2707   
       696:    193680.000000           1           42.2646   
       697:    193710.000000           1           42.2589   
       698:    193740.000000           1           42.2531   
       699:    193770.000000           1           42.2495   
       700:    193800.000000           1           42.2462   
       701:    193830.000000           1           42.2427   
       702:    193860.000000           1           42.2403   
       703:    193890.000000           1           42.2364   
       704:    193920.000000           1           42.2322   
       705:    193950.000000           1           42.2298   
       706:    193980.000000           1           42.2269   
       707:    194010.000000           1           42.2251   
       708:    194040.000000           1           42.2256   
       709:    194070.000000           1           42.2252   
       710:    194100.000000           1           42.2242   
       711:    194130.000000           1           42.2221   
       712:    194160.000000           1           42.2182   
       713:    194190.000000           1           42.2171   
       714:    194220.000000           1           42.2170   
       715:    194250.000000           1           42.2147   
       716:    194280.000000           1           42.2111   
       717:    194310.000000           1           42.2081   
       718:    194340.000000           1           42.2047   
       719:    194370.000000           1           42.2024   
       720:    194400.000000           1           42.2008   
       721:    194430.000000           1           42.2004   
       722:    194460.000000           1           42.2013   
       723:    194490.000000           1           42.2045   
       724:    194520.000000           1           42.2062   
       725:    194550.000000           1           42.2059   
       726:    194580.000000           1           42.2057   
       727:    194610.000000           1           42.2041   
       728:    194640.000000           1           42.2012   
       729:    194670.000000           1           42.1995   
       730:    194700.000000           1           42.1977   
       731:    194730.000000           1           42.1962   
       732:    194760.000000           1           42.1950   
       733:    194790.000000           1           42.1923   
       734:    194820.000000           1           42.1903   
       735:    194850.000000           1           42.1919   
       736:    194880.000000           1           42.1958   
       737:    194910.000000           1           42.1993   
       738:    194940.000000           1           42.2007   
       739:    194970.000000           1           42.2004   
       740:    195000.000000           1           42.1984   
       741:    195030.000000           1           42.1939   
       742:    195060.000000           1           42.1903   
       743:    195090.000000           1           42.1872   
       744:    195120.000000           1           42.1866   
       745:    195150.000000           1           42.1858   
       746:    195180.000000           1           42.1854   
       747:    195210.000000           1           42.1877   
       748:    195240.000000           1           42.1919   
       749:    195270.000000           1           42.1934   
       750:    195300.000000           1           42.1904   
       751:    195330.000000           1           42.1865   
       752:    195360.000000           1           42.1832   
       753:    195390.000000           1           42.1791   
       754:    195420.000000           1           42.1766   
       755:    195450.000000           1           42.1721   
       756:    195480.000000           1           42.1714   
       757:    195510.000000           1           42.1729   
       758:    195540.000000           1           42.1757   
       759:    195570.000000           1           42.1780   
       760:    195600.000000           1           42.1798   
       761:    195630.000000           1           42.1815   
       762:    195660.000000           1           42.1814   
       763:    195690.000000           1           42.1801   
       764:    195720.000000           1           42.1780   
       765:    195750.000000           1           42.1752   
       766:    195780.000000           1           42.1699   
       767:    195810.000000           1           42.1649   
       768:    195840.000000           1           42.1623   
       769:    195870.000000           1           42.1620   
       770:    195900.000000           1           42.1657   
       771:    195930.000000           1           42.1698   
       772:    195960.000000           1           42.1726   
       773:    195990.000000           1           42.1761   
       774:    196020.000000           1           42.1782   
       775:    196050.000000           1           42.1796   
       776:    196080.000000           1           42.1796   
       777:    196110.000000           1           42.1794   
       778:    196140.000000           1           42.1795   
       779:    196170.000000           1           42.1803   
       780:    196200.000000           1           42.1822   
       781:    196230.000000           1           42.1830   
       782:    196260.000000           1           42.1819   
       783:    196290.000000           1           42.1804   
       784:    196320.000000           1           42.1785   
       785:    196350.000000           1           42.1777   
       786:    196380.000000           1           42.1761   
       787:    196410.000000           1           42.1734   
       788:    196440.000000           1           42.1694   
       789:    196470.000000           1           42.1663   
       790:    196500.000000           1           42.1624   
       791:    196530.000000           1           42.1606   
       792:    196560.000000           1           42.1618   
       793:    196590.000000           1           42.1645   
       794:    196620.000000           1           42.1676   
       795:    196650.000000           1           42.1711   
       796:    196680.000000           1           42.1735   
       797:    196710.000000           1           42.1744   
       798:    196740.000000           1           42.1735   
       799:    196770.000000           1           42.1721   
       800:    196800.000000           1           42.1704   
       801:    196830.000000           1           42.1691   
       802:    196860.000000           1           42.1692   
       803:    196890.000000           1           42.1714   
       804:    196920.000000           1           42.1755   
       805:    196950.000000           1           42.1772   
       806:    196980.000000           1           42.1776   
       807:    197010.000000           1           42.1775   
       808:    197040.000000           1           42.1776   
       809:    197070.000000           1           42.1783   
       810:    197100.000000           1           42.1796   
       811:    197130.000000           1           42.1821   
       812:    197160.000000           1           42.1815   
       813:    197190.000000           1           42.1836   
       814:    197220.000000           1           42.1826   
       815:    197250.000000           1           42.1762   
       816:    197280.000000           1           42.1770   
       817:    197310.000000           1           42.1824   
       818:    197340.000000           1           42.1830   
       819:    197370.000000           1           42.1768   
       820:    197400.000000           1           42.1742   
       821:    197430.000000           1           42.1777   
       822:    197460.000000           1           42.1857   
       823:    197490.000000           1           42.1963   
       824:    197520.000000           1           42.2051   
       825:    197550.000000           1           42.2083   
       826:    197580.000000           1           42.2089   
       827:    197610.000000           1           42.2095   
       828:    197640.000000           1           42.2083   
       829:    197670.000000           1           42.2080   
       830:    197700.000000           1           42.2090   
       831:    197730.000000           1           42.2094   
       832:    197760.000000           1           42.2079   
       833:    197790.000000           1           42.2057   
       834:    197820.000000           1           42.2054   
       835:    197850.000000           1           42.2070   
       836:    197880.000000           1           42.2099   
       837:    197910.000000           1           42.2130   
       838:    197940.000000           1           42.2155   
       839:    197970.000000           1           42.2146   
       840:    198000.000000           1           42.2138   
       841:    198030.000000           1           42.2142   
       842:    198060.000000           1           42.2186   
       843:    198090.000000           1           42.2282   
       844:    198120.000000           1           42.2394   
       845:    198150.000000           1           42.2488   
       846:    198180.000000           1           42.2527   
       847:    198210.000000           1           42.2515   
       848:    198240.000000           1           42.2507   
       849:    198270.000000           1           42.2518   
       850:    198300.000000           1           42.2559   
       851:    198330.000000           1           42.2619   
       852:    198360.000000           1           42.2679   
       853:    198390.000000           1           42.2726   
       854:    198420.000000           1           42.2754   
       855:    198450.000000           1           42.2749   
       856:    198480.000000           1           42.2736   
       857:    198510.000000           1           42.2715   
       858:    198540.000000           1           42.2684   
       859:    198570.000000           1           42.2673   
       860:    198600.000000           1           42.2679   
       861:    198630.000000           1           42.2704   
       862:    198660.000000           1           42.2713   
       863:    198690.000000           1           42.2708   
       864:    198720.000000           1           42.2700   
       865:    198750.000000           1           42.2712   
       866:    198780.000000           1           42.2734   
       867:    198810.000000           1           42.2749   
       868:    198840.000000           1           42.2774   
       869:    198870.000000           1           42.2819   
       870:    198900.000000           1           42.2865   
       871:    198930.000000           1           42.2897   
       872:    198960.000000           1           42.2910   
       873:    198990.000000           1           42.2914   
       874:    199020.000000           1           42.2911   
       875:    199050.000000           1           42.2898   
       876:    199080.000000           1           42.2884   
       877:    199110.000000           1           42.2848   
       878:    199140.000000           1           42.2810   
       879:    199170.000000           1           42.2771   
       880:    199200.000000           1           42.2726   
       881:    199230.000000           1           42.2686   
       882:    199260.000000           1           42.2658   
       883:    199290.000000           1           42.2643   
       884:    199320.000000           1           42.2648   
      2456:    246480.000000           1           -3.5542   
      2457:    246510.000000           1           -3.7467   
      2458:    246540.000000           1           -3.8670   
      2459:    246570.000000           1           -3.8050   
      2460:    246600.000000           1           -3.7830   
      2461:    246630.000000           1           -3.8996   
      2462:    246660.000000           1           -3.9239   
      2463:    246690.000000           1           -3.9229   
      2464:    246720.000000           1           -3.9108   
      2465:    246750.000000           1           -3.8967   
      2466:    246780.000000           1           -3.8989   
      2467:    246810.000000           1           -3.8771   
      2468:    246840.000000           1           -3.8790   
      2469:    246870.000000           1           -3.8842   
      2470:    246900.000000           1           -3.8641   
      2471:    246930.000000           1           -3.8453   
      2472:    246960.000000           1           -3.8280   
      2473:    246990.000000           1           -3.8107   
      2474:    247020.000000           1           -3.8017   
      2475:    247050.000000           1           -3.8116   
      2476:    247080.000000           1           -3.8032   
      2477:    247110.000000           1           -3.7868   
      2478:    247140.000000           1           -3.7843   
      2479:    247170.000000           1           -3.7891   
      2480:    247200.000000           1           -3.7959   
      2481:    247230.000000           1           -3.7919   
      2482:    247260.000000           1           -3.7831   
      2483:    247290.000000           1           -3.7823   
      2484:    247320.000000           1           -3.7880   
      2485:    247350.000000           1           -3.8002   
      2486:    247380.000000           1           -3.8084   
      2487:    247410.000000           1           -3.8200   
      2488:    247440.000000           1           -3.8223   
      2489:    247470.000000           1           -3.8176   
      2490:    247500.000000           1           -3.8174   
      2491:    247530.000000           1           -3.8139   
      2492:    247560.000000           1           -3.8173   
      2493:    247590.000000           1           -3.8233   
      2494:    247620.000000           1           -3.8239   
      2495:    247650.000000           1           -3.8208   
      2496:    247680.000000           1           -3.8088   
      2497:    247710.000000           1           -3.8009   
      2498:    247740.000000           1           -3.7961   
      2499:    247770.000000           1           -3.7955   
      2500:    247800.000000           1           -3.7992   
      2501:    247830.000000           1           -3.8026   
      2502:    247860.000000           1           -3.8042   
      2503:    247890.000000           1           -3.8071   
      2504:    247920.000000           1           -3.8069   
      2505:    247950.000000           1           -3.8101   
      2506:    247980.000000           1           -3.8111   
      2507:    248010.000000           1           -3.8121   
      2508:    248040.000000           1           -3.8120   
      2509:    248070.000000           1           -3.8114   
      2510:    248100.000000           1           -3.8132   
      2511:    248130.000000           1           -3.8159   
      2512:    248160.000000           1           -3.8140   
      2513:    248190.000000           1           -3.8155   
      2514:    248220.000000           1           -3.8165   
      2515:    248250.000000           1           -3.8180   
      2516:    248280.000000           1           -3.8178   
      2517:    248310.000000           1           -3.8205   
      2518:    248340.000000           1           -3.8201   
      2519:    248370.000000           1           -3.8156   
      2520:    248400.000000           1           -3.8113   
      2521:    248430.000000           1           -3.8081   
      2522:    248460.000000           1           -3.8033   
      2523:    248490.000000           1           -3.8008   
      2524:    248520.000000           1           -3.7965   
      2525:    248550.000000           1           -3.7917   
      2526:    248580.000000           1           -3.7880   
      2527:    248610.000000           1           -3.7860   
      2528:    248640.000000           1           -3.7809   
      2529:    248670.000000           1           -3.7760   
      2530:    248700.000000           1           -3.7749   
      2531:    248730.000000           1           -3.7747   
      2532:    248760.000000           1           -3.7732   
      2533:    248790.000000           1           -3.7765   
      2534:    248820.000000           1           -3.7791   
      2535:    248850.000000           1           -3.7799   
      2536:    248880.000000           1           -3.7812   
      2537:    248910.000000           1           -3.7836   
      2538:    248940.000000           1           -3.7851   
      2539:    248970.000000           1           -3.7870   
      2540:    249000.000000           1           -3.7902   
      2541:    249030.000000           1           -3.7901   
      2542:    249060.000000           1           -3.7905   
      2543:    249090.000000           1           -3.7943   
      2544:    249120.000000           1           -3.7960   
      2545:    249150.000000           1           -3.7954   
      2546:    249180.000000           1           -3.7957   
      2547:    249210.000000           1           -3.7966   
      2548:    249240.000000           1           -3.7964   
      2549:    249270.000000           1           -3.7962   
      2550:    249300.000000           1           -3.7941   
      2551:    249330.000000           1           -3.7931   
      2552:    249360.000000           1           -3.7911   
      2553:    249390.000000           1           -3.7883   
      2554:    249420.000000           1           -3.7839   
      2555:    249450.000000           1           -3.7789   
      2556:    249480.000000           1           -3.7760   
      2557:    249510.000000           1           -3.7757   
      2558:    249540.000000           1           -3.7726   
      2559:    249570.000000           1           -3.7704   
      2560:    249600.000000           1           -3.7669   
      2561:    249630.000000           1           -3.7617   
      2562:    249660.000000           1           -3.7586   
      2563:    249690.000000           1           -3.7556   
      2564:    249720.000000           1           -3.7533   
      2565:    249750.000000           1           -3.7516   
      2566:    249780.000000           1           -3.7504   
      2567:    249810.000000           1           -3.7511   
      2568:    249840.000000           1           -3.7522   
      2569:    249870.000000           1           -3.7537   
      2570:    249900.000000           1           -3.7560   
      2571:    249930.000000           1           -3.7545   
      2572:    249960.000000           1           -3.7518   
      2573:    249990.000000           1           -3.7489   
      2574:    250020.000000           1           -3.7458   
      2575:    250050.000000           1           -3.7448   
      2576:    250080.000000           1           -3.7438   
      2577:    250110.000000           1           -3.7416   
      2578:    250140.000000           1           -3.7402   
      2579:    250170.000000           1           -3.7402   
      2580:    250200.000000           1           -3.7402   
      2581:    250230.000000           1           -3.7394   
      2582:    250260.000000           1           -3.7400   
      2583:    250290.000000           1           -3.7411   
      2584:    250320.000000           1           -3.7419   
      2585:    250350.000000           1           -3.7420   
      2586:    250380.000000           1           -3.7415   
      2587:    250410.000000           1           -3.7414   
      2588:    250440.000000           1           -3.7411   
      2589:    250470.000000           1           -3.7406   
      2590:    250500.000000           1           -3.7390   
      2591:    250530.000000           1           -3.7365   
      2592:    250560.000000           1           -3.7344   
      2593:    250590.000000           1           -3.7331   
      2594:    250620.000000           1           -3.7318   
      2595:    250650.000000           1           -3.7309   
      2596:    250680.000000           1           -3.7301   
      2597:    250710.000000           1           -3.7291   
      2598:    250740.000000           1           -3.7280   
      2599:    250770.000000           1           -3.7257   
      2600:    250800.000000           1           -3.7223   
      2601:    250830.000000           1           -3.7186   
      2602:    250860.000000           1           -3.7155   
      2603:    250890.000000           1           -3.7121   
      2604:    250920.000000           1           -3.7093   
      2605:    250950.000000           1           -3.7075   
      2606:    250980.000000           1           -3.7052   
      2607:    251010.000000           1           -3.7037   
      2608:    251040.000000           1           -3.7015   
      2609:    251070.000000           1           -3.6995   
      2610:    251100.000000           1           -3.6978   
      2611:    251130.000000           1           -3.6963   
      2612:    251160.000000           1           -3.6949   
      2613:    251190.000000           1           -3.6942   
      2614:    251220.000000           1           -3.6930   
      2615:    251250.000000           1           -3.6917   
      2616:    251280.000000           1           -3.6903   
      2617:    251310.000000           1           -3.6892   
      2618:    251340.000000           1           -3.6881   
      2619:    251370.000000           1           -3.6877   
      2620:    251400.000000           1           -3.6883   
      2621:    251430.000000           1           -3.6878   
      2622:    251460.000000           1           -3.6859   
      2623:    251490.000000           1           -3.6835   
      2624:    251520.000000           1           -3.6803   
      2625:    251550.000000           1           -3.6772   
      2626:    251580.000000           1           -3.6744   
      2627:    251610.000000           1           -3.6737   
      2628:    251640.000000           1           -3.6725   
      2629:    251670.000000           1           -3.6730   
      2630:    251700.000000           1           -3.6735   
      2631:    251730.000000           1           -3.6740   
      2632:    251760.000000           1           -3.6743   
      2633:    251790.000000           1           -3.6729   
      2634:    251820.000000           1           -3.6719   
      2635:    251850.000000           1           -3.6701   
      2636:    251880.000000           1           -3.6679   
      2637:    251910.000000           1           -3.6667   
      2638:    251940.000000           1           -3.6660   
      2639:    251970.000000           1           -3.6655   
      2640:    252000.000000           1           -3.6653   
      2641:    252030.000000           1           -3.6656   
      2642:    252060.000000           1           -3.6659   
      2643:    252090.000000           1           -3.6655   
      2644:    252120.000000           1           -3.6655   
      2645:    252150.000000           1           -3.6650   
      2646:    252180.000000           1           -3.6644   
      2647:    252210.000000           1           -3.6645   
      2648:    252240.000000           1           -3.6648   
      2649:    252270.000000           1           -3.6649   
      2650:    252300.000000           1           -3.6652   
      2651:    252330.000000           1           -3.6658   
      2652:    252360.000000           1           -3.6660   
      2653:    252390.000000           1           -3.6654   
      2654:    252420.000000           1           -3.6638   
      2655:    252450.000000           1           -3.6613   
      2656:    252480.000000           1           -3.6594   
      2657:    252510.000000           1           -3.6576   
      2658:    252540.000000           1           -3.6573   
      2659:    252570.000000           1           -3.6588   
      2660:    252600.000000           1           -3.6590   
      2661:    252630.000000           1           -3.6594   
      2662:    252660.000000           1           -3.6605   
      2663:    252690.000000           1           -3.6596   
      2664:    252720.000000           1           -3.6586   
      2665:    252750.000000           1           -3.6574   
      2666:    252780.000000           1           -3.6561   
      2667:    252810.000000           1           -3.6545   
      2668:    252840.000000           1           -3.6523   
      2669:    252870.000000           1           -3.6504   
      2670:    252900.000000           1           -3.6493   
      2671:    252930.000000           1           -3.6490   
      2672:    252960.000000           1           -3.6486   
      2673:    252990.000000           1           -3.6481   
      2674:    253020.000000           1           -3.6477   
      2675:    253050.000000           1           -3.6464   
      2676:    253080.000000           1           -3.6437   
      2677:    253110.000000           1           -3.6405   
      2678:    253140.000000           1           -3.6378   
      2679:    253170.000000           1           -3.6365   
      2680:    253200.000000           1           -3.6359   
      2681:    253230.000000           1           -3.6357   
      2682:    253260.000000           1           -3.6353   
      2683:    253290.000000           1           -3.6351   
      2684:    253320.000000           1           -3.6344   
      2685:    253350.000000           1           -3.6334   
      2686:    253380.000000           1           -3.6321   
      2687:    253410.000000           1           -3.6308   
      2688:    253440.000000           1           -3.6297   
      2689:    253470.000000           1           -3.6291   
      2690:    253500.000000           1           -3.6286   
      2691:    253530.000000           1           -3.6280   
      2692:    253560.000000           1           -3.6273   
      2693:    253590.000000           1           -3.6265   
      2694:    253620.000000           1           -3.6257   
      2695:    253650.000000           1           -3.6246   
      2696:    253680.000000           1           -3.6239   
      2697:    253710.000000           1           -3.6230   
      2698:    253740.000000           1           -3.6223   
      2699:    253770.000000           1           -3.6215   
      2700:    253800.000000           1           -3.6199   
      2701:    253830.000000           1           -3.6182   
      2702:    253860.000000           1           -3.6166   
      2703:    253890.000000           1           -3.6149   
      2704:    253920.000000           1           -3.6137   
      2705:    253950.000000           1           -3.6128   
      2706:    253980.000000           1           -3.6123   
      2707:    254010.000000           1           -3.6121   
      2708:    254040.000000           1           -3.6118   
      2709:    254070.000000           1           -3.6116   
      2710:    254100.000000           1           -3.6119   
      2711:    254130.000000           1           -3.6116   
      2712:    254160.000000           1           -3.6120   
      2713:    254190.000000           1           -3.6115   
      2714:    254220.000000           1           -3.6109   
      2715:    254250.000000           1           -3.6103   
      2716:    254280.000000           1           -3.6094   
      2717:    254310.000000           1           -3.6078   
      2718:    254340.000000           1           -3.6055   
      2719:    254370.000000           1           -3.6036   
      2720:    254400.000000           1           -3.6022   
      2721:    254430.000000           1           -3.6010   
      2722:    254460.000000           1           -3.6003   
      2723:    254490.000000           1           -3.5997   
      2724:    254520.000000           1           -3.5983   
      2725:    254550.000000           1           -3.5974   
      2726:    254580.000000           1           -3.5968   
      2727:    254610.000000           1           -3.5956   
      2728:    254640.000000           1           -3.5946   
      2729:    254670.000000           1           -3.5936   
      2730:    254700.000000           1           -3.5926   
      2731:    254730.000000           1           -3.5913   
      2732:    254760.000000           1           -3.5900   
      2733:    254790.000000           1           -3.5886   
      2734:    254820.000000           1           -3.5874   
      2735:    254850.000000           1           -3.5869   
      2736:    254880.000000           1           -3.5866   
      2737:    254910.000000           1           -3.5865   
      2738:    254940.000000           1           -3.5860   
      2739:    254970.000000           1           -3.5852   
      2740:    255000.000000           1           -3.5848   
      2741:    255030.000000           1           -3.5850   
      2742:    255060.000000           1           -3.5847   
      2743:    255090.000000           1           -3.5854   
      2744:    255120.000000           1           -3.5855   
      2745:    255150.000000           1           -3.5846   
      2746:    255180.000000           1           -3.5828   
      2747:    255210.000000           1           -3.5814   
      2748:    255240.000000           1           -3.5808   
      2749:    255270.000000           1           -3.5806   
      2750:    255300.000000           1           -3.5804   
      2751:    255330.000000           1           -3.5806   
      2752:    255360.000000           1           -3.5810   
      2753:    255390.000000           1           -3.5812   
      2754:    255420.000000           1           -3.5811   
      2755:    255450.000000           1           -3.5801   
      2756:    255480.000000           1           -3.5782   
      2757:    255510.000000           1           -3.5758   
      2758:    255540.000000           1           -3.5729   
      2759:    255570.000000           1           -3.5702   
      2760:    255600.000000           1           -3.5672   
      2761:    255630.000000           1           -3.5639   
      2762:    255660.000000           1           -3.5616   
      2763:    255690.000000           1           -3.5598   
      2764:    255720.000000           1           -3.5582   
      2765:    255750.000000           1           -3.5571   
      2766:    255780.000000           1           -3.5562   
      2767:    255810.000000           1           -3.5559   
      2768:    255840.000000           1           -3.5549   
      2769:    255870.000000           1           -3.5528   
      2770:    255900.000000           1           -3.5499   
      2771:    255930.000000           1           -3.5467   
      2772:    255960.000000           1           -3.5437   
      2773:    255990.000000           1           -3.5407   
      2774:    256020.000000           1           -3.5374   
      2775:    256050.000000           1           -3.5340   
      2776:    256080.000000           1           -3.5308   
      2777:    256110.000000           1           -3.5283   
      2778:    256140.000000           1           -3.5262   
      2779:    256170.000000           1           -3.5241   
      2780:    256200.000000           1           -3.5220   
      2781:    256230.000000           1           -3.5202   
      2782:    256260.000000           1           -3.5188   
      2783:    256290.000000           1           -3.5167   
      2784:    256320.000000           1           -3.5140   
      2785:    256350.000000           1           -3.5119   
      2786:    256380.000000           1           -3.5094   
      2787:    256410.000000           1           -3.5068   
      2788:    256440.000000           1           -3.5050   
      2789:    256470.000000           1           -3.5031   
      2790:    256500.000000           1           -3.5022   
      2791:    256530.000000           1           -3.5004   
      2792:    256560.000000           1           -3.4976   
      2793:    256590.000000           1           -3.4953   
      2794:    256620.000000           1           -3.4931   
      2795:    256650.000000           1           -3.4906   
      2796:    256680.000000           1           -3.4875   
      2797:    256710.000000           1           -3.4839   
      2798:    256740.000000           1           -3.4805   
      2799:    256770.000000           1           -3.4775   
      2800:    256800.000000           1           -3.4741   
      2801:    256830.000000           1           -3.4717   
      2802:    256860.000000           1           -3.4699   
      2803:    256890.000000           1           -3.4674   
      2804:    256920.000000           1           -3.4653   
      2805:    256950.000000           1           -3.4642   
      2806:    256980.000000           1           -3.4638   
      2807:    257010.000000           1           -3.4641   
      2808:    257040.000000           1           -3.4654   
      2809:    257070.000000           1           -3.4672   
      2810:    257100.000000           1           -3.4688   
      2811:    257130.000000           1           -3.4692   
      2812:    257160.000000           1           -3.4685   
      2813:    257190.000000           1           -3.4676   
      2814:    257220.000000           1           -3.4664   
      2815:    257250.000000           1           -3.4650   
      2816:    257280.000000           1           -3.4634   
      2817:    257310.000000           1           -3.4612   
      2818:    257340.000000           1           -3.4591   
      2819:    257370.000000           1           -3.4572   
      2820:    257400.000000           1           -3.4565   
      2821:    257430.000000           1           -3.4560   
      2822:    257460.000000           1           -3.4555   
      2823:    257490.000000           1           -3.4559   
      2824:    257520.000000           1           -3.4560   
      2825:    257550.000000           1           -3.4562   
      2826:    257580.000000           1           -3.4569   
      2827:    257610.000000           1           -3.4583   
      2828:    257640.000000           1           -3.4589   
      2829:    257670.000000           1           -3.4587   
      2830:    257700.000000           1           -3.4578   
      2831:    257730.000000           1           -3.4568   
      2832:    257760.000000           1           -3.4559   
      2833:    257790.000000           1           -3.4548   
      2834:    257820.000000           1           -3.4529   
      2835:    257850.000000           1           -3.4516   
      2836:    257880.000000           1           -3.4508   
      2837:    257910.000000           1           -3.4499   
      2838:    257940.000000           1           -3.4491   
      2839:    257970.000000           1           -3.4488   
      2840:    258000.000000           1           -3.4488   
      2841:    258030.000000           1           -3.4494   
      2842:    258060.000000           1           -3.4505   
      2843:    258090.000000           1           -3.4519   
      2844:    258120.000000           1           -3.4529   
      2845:    258150.000000           1           -3.4536   
      2846:    258180.000000           1           -3.4544   
      2847:    258210.000000           1           -3.4552   
      2848:    258240.000000           1           -3.4558   
      2849:    258270.000000           1           -3.4561   
      2850:    258300.000000           1           -3.4552   
      2851:    258330.000000           1           -3.4531   
      2852:    258360.000000           1           -3.4508   
      2853:    258390.000000           1           -3.4489   
      2854:    258420.000000           1           -3.4478   
      2855:    258450.000000           1           -3.4470   
      2856:    258480.000000           1           -3.4463   
      2857:    258510.000000           1           -3.4454   
      2858:    258540.000000           1           -3.4447   
      2859:    258570.000000           1           -3.4441   
      2860:    258600.000000           1           -3.4432   
      2861:    258630.000000           1           -3.4423   
      2862:    258660.000000           1           -3.4415   
      2863:    258690.000000           1           -3.4407   
      2864:    258720.000000           1           -3.4401   
      2865:    258750.000000           1           -3.4395   
      2866:    258780.000000           1           -3.4387   
      2867:    258810.000000           1           -3.4376   
      2868:    258840.000000           1           -3.4368   
      2869:    258870.000000           1           -3.4365   
      2870:    258900.000000           1           -3.4361   
      2871:    258930.000000           1           -3.4355   
      2872:    258960.000000           1           -3.4348   
      2873:    258990.000000           1           -3.4337   
      2874:    259020.000000           1           -3.4321   
      2875:    259050.000000           1           -3.4306   
      2876:    259080.000000           1           -3.4286   
      2877:    259110.000000           1           -3.4259   
      2878:    259140.000000           1           -3.4237   
      2879:    259170.000000           1           -3.4215   
