         0:    172800.000000           1           29.5899   
         1:    172830.000000           1           -5.8718   
         2:    172860.000000           1            3.5568   
         3:    172890.000000           1           10.4005   
         4:    172920.000000           1           13.0164   
         5:    172950.000000           1           17.9865   
         6:    172980.000000           1           21.3549   
         7:    173010.000000           1           22.8224   
         8:    173040.000000           1           24.0754   
         9:    173070.000000           1           24.2820   
        10:    173100.000000           1           24.8397   
        11:    173130.000000           1           25.8928   
        12:    173160.000000           1           26.6936   
        13:    173190.000000           1           26.6818   
        14:    173220.000000           1           26.9045   
        15:    173250.000000           1           26.8288   
        16:    173280.000000           1           26.8033   
        17:    173310.000000           1           27.1639   
        18:    173340.000000           1           27.4684   
        19:    173370.000000           1           27.7709   
        20:    173400.000000           1           27.9399   
        21:    173430.000000           1           27.7945   
        22:    173460.000000           1           27.7537   
        23:    173490.000000           1           27.5907   
        24:    173520.000000           1           27.4512   
        25:    173550.000000           1           27.4863   
        26:    173580.000000           1           27.4595   
        27:    173610.000000           1           27.4866   
        28:    173640.000000           1           27.4281   
        29:    173670.000000           1           27.3044   
        30:    173700.000000           1           27.1662   
        31:    173730.000000           1           27.1495   
        32:    173760.000000           1           27.2026   
        33:    173790.000000           1           27.2867   
        34:    173820.000000           1           27.4356   
        35:    173850.000000           1           27.4990   
        36:    173880.000000           1           27.4743   
        37:    173910.000000           1           27.4245   
        38:    173940.000000           1           27.4211   
        39:    173970.000000           1           27.4051   
        40:    174000.000000           1           27.3428   
        41:    174030.000000           1           27.2939   
        42:    174060.000000           1           27.3208   
        43:    174090.000000           1           27.3034   
        44:    174120.000000           1           27.2929   
        45:    174150.000000           1           27.2624   
        46:    174180.000000           1           27.2238   
        47:    174210.000000           1           27.2112   
        48:    174240.000000           1           27.1669   
        49:    174270.000000           1           27.1678   
        50:    174300.000000           1           27.1906   
        51:    174330.000000           1           27.2108   
        52:    174360.000000           1           27.2147   
        53:    174390.000000           1           27.2000   
        54:    174420.000000           1           27.1754   
        55:    174450.000000           1           27.1704   
        56:    174480.000000           1           27.1516   
        57:    174510.000000           1           27.1237   
        58:    174540.000000           1           27.1096   
        59:    174570.000000           1           27.0984   
        60:    174600.000000           1           27.0915   
        61:    174630.000000           1           27.0445   
        62:    174660.000000           1           27.0141   
        63:    174690.000000           1           26.9950   
        64:    174720.000000           1           26.9815   
        65:    174750.000000           1           26.9615   
        66:    174780.000000           1           26.9156   
        67:    174810.000000           1           26.8651   
        68:    174840.000000           1           26.8181   
        69:    174870.000000           1           26.7688   
        70:    174900.000000           1           26.6937   
        71:    174930.000000           1           26.6214   
        72:    174960.000000           1           26.5707   
        73:    174990.000000           1           26.5266   
        74:    175020.000000           1           26.4996   
        75:    175050.000000           1           26.5167   
        76:    175080.000000           1           26.5349   
        77:    175110.000000           1           26.5238   
        78:    175140.000000           1           26.4962   
        79:    175170.000000           1           26.4714   
        80:    175200.000000           1           26.4566   
        81:    175230.000000           1           26.4630   
        82:    175260.000000           1           26.4812   
        83:    175290.000000           1           26.4997   
        84:    175320.000000           1           26.5163   
        85:    175350.000000           1           26.5324   
        86:    175380.000000           1           26.5300   
        87:    175410.000000           1           26.5490   
        88:    175440.000000           1           26.5756   
        89:    175470.000000           1           26.5822   
        90:    175500.000000           1           26.6037   
        91:    175530.000000           1           26.6425   
        92:    175560.000000           1           26.6747   
        93:    175590.000000           1           26.6948   
        94:    175620.000000           1           26.6758   
        95:    175650.000000           1           26.6207   
        96:    175680.000000           1           26.5775   
        97:    175710.000000           1           26.5516   
        98:    175740.000000           1           26.5527   
        99:    175770.000000           1           26.5628   
       100:    175800.000000           1           26.5682   
       101:    175830.000000           1           26.5738   
       102:    175860.000000           1           26.5874   
       103:    175890.000000           1           26.6072   
       104:    175920.000000           1           26.6098   
       105:    175950.000000           1           26.6041   
       106:    175980.000000           1           26.5842   
       107:    176010.000000           1           26.5570   
       108:    176040.000000           1           26.5337   
       109:    176070.000000           1           26.5026   
       110:    176100.000000           1           26.4795   
       111:    176130.000000           1           26.4813   
       112:    176160.000000           1           26.4852   
       113:    176190.000000           1           26.5047   
       114:    176220.000000           1           26.5242   
       115:    176250.000000           1           26.5365   
       116:    176280.000000           1           26.5325   
       117:    176310.000000           1           26.5156   
       118:    176340.000000           1           26.4851   
       119:    176370.000000           1           26.4517   
       120:    176400.000000           1           26.4189   
       121:    176430.000000           1           26.3844   
       122:    176460.000000           1           26.3607   
       123:    176490.000000           1           26.3418   
       124:    176520.000000           1           26.3197   
       125:    176550.000000           1           26.2997   
       126:    176580.000000           1           26.2909   
       127:    176610.000000           1           26.2914   
       128:    176640.000000           1           26.2846   
       129:    176670.000000           1           26.2691   
       130:    176700.000000           1           26.2438   
       131:    176730.000000           1           26.2132   
       132:    176760.000000           1           26.1846   
       133:    176790.000000           1           26.1596   
       134:    176820.000000           1           26.1405   
       135:    176850.000000           1           26.1260   
       136:    176880.000000           1           26.1051   
       137:    176910.000000           1           26.0744   
       138:    176940.000000           1           26.0484   
       139:    176970.000000           1           26.0462   
       140:    177000.000000           1           26.0586   
       141:    177030.000000           1           26.0756   
       142:    177060.000000           1           26.0949   
       143:    177090.000000           1           26.1058   
       144:    177120.000000           1           26.1142   
       145:    177150.000000           1           26.1111   
       146:    177180.000000           1           26.0994   
       147:    177210.000000           1           26.0783   
       148:    177240.000000           1           26.0502   
       149:    177270.000000           1           26.0318   
       150:    177300.000000           1           26.0262   
       151:    177330.000000           1           26.0239   
       152:    177360.000000           1           26.0279   
       153:    177390.000000           1           26.0349   
       154:    177420.000000           1           26.0415   
       155:    177450.000000           1           26.0488   
       156:    177480.000000           1           26.0374   
       157:    177510.000000           1           26.0299   
       158:    177540.000000           1           26.0345   
       159:    177570.000000           1           26.0410   
       160:    177600.000000           1           26.0501   
       161:    177630.000000           1           26.0672   
       162:    177660.000000           1           26.0796   
       163:    177690.000000           1           26.0798   
       164:    177720.000000           1           26.0748   
       165:    177750.000000           1           26.0718   
       166:    177780.000000           1           26.0633   
       167:    177810.000000           1           26.0489   
       168:    177840.000000           1           26.0352   
       169:    177870.000000           1           26.0219   
       170:    177900.000000           1           26.0134   
       171:    177930.000000           1           26.0169   
       172:    177960.000000           1           26.0158   
       173:    177990.000000           1           26.0156   
       174:    178020.000000           1           26.0205   
       175:    178050.000000           1           26.0298   
       176:    178080.000000           1           26.0322   
       177:    178110.000000           1           26.0345   
       178:    178140.000000           1           26.0369   
       179:    178170.000000           1           26.0287   
       180:    178200.000000           1           26.0207   
       181:    178230.000000           1           26.0090   
       182:    178260.000000           1           25.9945   
       183:    178290.000000           1           25.9915   
       184:    178320.000000           1           25.9970   
       185:    178350.000000           1           26.0003   
       186:    178380.000000           1           26.0030   
       187:    178410.000000           1           26.0109   
       188:    178440.000000           1           26.0181   
       189:    178470.000000           1           26.0184   
       190:    178500.000000           1           26.0075   
       191:    178530.000000           1           25.9937   
       192:    178560.000000           1           25.9802   
       193:    178590.000000           1           25.9694   
       194:    178620.000000           1           25.9646   
       195:    178650.000000           1           25.9618   
       196:    178680.000000           1           25.9626   
       197:    178710.000000           1           25.9691   
       198:    178740.000000           1           25.9727   
       199:    178770.000000           1           25.9630   
       200:    178800.000000           1           25.9502   
       201:    178830.000000           1           25.9415   
       202:    178860.000000           1           25.9322   
       203:    178890.000000           1           25.9145   
       204:    178920.000000           1           25.8981   
       205:    178950.000000           1           25.8722   
       206:    178980.000000           1           25.8421   
       207:    179010.000000           1           25.8283   
       208:    179040.000000           1           25.8240   
       209:    179070.000000           1           25.8313   
       210:    179100.000000           1           25.8496   
       211:    179130.000000           1           25.8734   
       212:    179160.000000           1           25.9043   
       213:    179190.000000           1           25.9331   
       214:    179220.000000           1           25.9597   
       215:    179250.000000           1           25.9867   
       216:    179280.000000           1           26.0158   
       217:    179310.000000           1           26.0329   
       218:    179340.000000           1           26.0445   
       219:    179370.000000           1           26.0586   
       220:    179400.000000           1           26.0743   
       221:    179430.000000           1           26.0878   
       222:    179460.000000           1           26.0950   
       223:    179490.000000           1           26.0947   
       224:    179520.000000           1           26.0720   
       225:    179550.000000           1           26.0323   
       226:    179580.000000           1           25.9865   
       227:    179610.000000           1           25.9415   
       228:    179640.000000           1           25.9022   
       229:    179670.000000           1           25.8726   
       230:    179700.000000           1           25.8580   
       231:    179730.000000           1           25.8447   
       232:    179760.000000           1           25.8304   
       233:    179790.000000           1           25.8191   
       234:    179820.000000           1           25.8164   
       235:    179850.000000           1           25.8221   
       236:    179880.000000           1           25.8317   
       237:    179910.000000           1           25.8478   
       238:    179940.000000           1           25.8605   
       239:    179970.000000           1           25.8707   
       240:    180000.000000           1           25.8784   
       241:    180030.000000           1           25.8810   
       242:    180060.000000           1           25.8772   
       243:    180090.000000           1           25.8646   
       244:    180120.000000           1           25.8536   
       245:    180150.000000           1           25.8354   
       246:    180180.000000           1           25.8156   
       247:    180210.000000           1           25.7979   
       248:    180240.000000           1           25.7749   
       249:    180270.000000           1           25.7566   
       250:    180300.000000           1           25.7343   
       251:    180330.000000           1           25.7030   
       252:    180360.000000           1           25.6601   
       253:    180390.000000           1           25.6165   
       254:    180420.000000           1           25.5795   
       255:    180450.000000           1           25.5547   
       256:    180480.000000           1           25.5405   
       257:    180510.000000           1           25.5327   
       258:    180540.000000           1           25.5298   
       259:    180570.000000           1           25.5280   
       260:    180600.000000           1           25.5200   
       261:    180630.000000           1           25.5094   
       262:    180660.000000           1           25.5035   
       263:    180690.000000           1           25.5005   
       264:    180720.000000           1           25.5021   
       265:    180750.000000           1           25.5032   
       266:    180780.000000           1           25.5070   
       267:    180810.000000           1           25.5124   
       268:    180840.000000           1           25.5123   
       269:    180870.000000           1           25.5146   
       270:    180900.000000           1           25.5210   
       271:    180930.000000           1           25.5249   
       272:    180960.000000           1           25.5281   
       273:    180990.000000           1           25.5279   
       274:    181020.000000           1           25.5209   
       275:    181050.000000           1           25.5104   
       276:    181080.000000           1           25.5016   
       277:    181110.000000           1           25.4895   
       278:    181140.000000           1           25.4821   
       279:    181170.000000           1           25.4800   
       280:    181200.000000           1           25.4759   
       281:    181230.000000           1           25.4686   
       282:    181260.000000           1           25.4578   
       283:    181290.000000           1           25.4379   
       284:    181320.000000           1           25.4143   
       285:    181350.000000           1           25.3975   
       286:    181380.000000           1           25.3824   
       287:    181410.000000           1           25.3657   
       288:    181440.000000           1           25.3450   
       289:    181470.000000           1           25.3268   
       290:    181500.000000           1           25.3119   
       291:    181530.000000           1           25.2980   
       292:    181560.000000           1           25.2825   
       293:    181590.000000           1           25.2697   
       294:    181620.000000           1           25.2614   
       295:    181650.000000           1           25.2577   
       296:    181680.000000           1           25.2549   
       297:    181710.000000           1           25.2519   
       298:    181740.000000           1           25.2485   
       299:    181770.000000           1           25.2406   
       300:    181800.000000           1           25.2317   
       301:    181830.000000           1           25.2159   
       302:    181860.000000           1           25.1997   
       303:    181890.000000           1           25.1888   
       304:    181920.000000           1           25.1837   
       305:    181950.000000           1           25.1815   
       306:    181980.000000           1           25.1749   
       307:    182010.000000           1           25.1637   
       308:    182040.000000           1           25.1556   
       309:    182070.000000           1           25.1442   
       310:    182100.000000           1           25.1399   
       311:    182130.000000           1           25.1438   
       312:    182160.000000           1           25.1459   
       313:    182190.000000           1           25.1490   
       314:    182220.000000           1           25.1542   
       315:    182250.000000           1           25.1677   
       316:    182280.000000           1           25.1767   
       317:    182310.000000           1           25.1818   
       318:    182340.000000           1           25.1787   
       319:    182370.000000           1           25.1657   
       320:    182400.000000           1           25.1506   
       321:    182430.000000           1           25.1391   
       322:    182460.000000           1           25.1299   
       323:    182490.000000           1           25.1189   
       324:    182520.000000           1           25.1139   
       325:    182550.000000           1           25.1022   
       326:    182580.000000           1           25.0893   
       327:    182610.000000           1           25.0814   
       328:    182640.000000           1           25.0714   
       329:    182670.000000           1           25.0608   
       330:    182700.000000           1           25.0544   
       331:    182730.000000           1           25.0558   
       332:    182760.000000           1           25.0554   
       333:    182790.000000           1           25.0562   
       334:    182820.000000           1           25.0490   
       335:    182850.000000           1           25.0401   
       336:    182880.000000           1           25.0271   
       337:    182910.000000           1           25.0193   
       338:    182940.000000           1           25.0123   
       339:    182970.000000           1           25.0023   
       340:    183000.000000           1           24.9945   
       341:    183030.000000           1           24.9840   
       342:    183060.000000           1           24.9710   
       343:    183090.000000           1           24.9647   
       344:    183120.000000           1           24.9593   
       345:    183150.000000           1           24.9502   
       346:    183180.000000           1           24.9430   
       347:    183210.000000           1           24.9406   
       348:    183240.000000           1           24.9415   
       349:    183270.000000           1           24.9446   
       350:    183300.000000           1           24.9453   
       351:    183330.000000           1           24.9447   
       352:    183360.000000           1           24.9429   
       353:    183390.000000           1           24.9382   
       354:    183420.000000           1           24.9310   
       355:    183450.000000           1           24.9278   
       356:    183480.000000           1           24.9179   
       357:    183510.000000           1           24.9086   
       358:    183540.000000           1           24.9023   
       359:    183570.000000           1           24.9003   
       360:    183600.000000           1           24.8976   
       361:    183630.000000           1           24.8974   
       362:    183660.000000           1           24.8958   
       363:    183690.000000           1           24.8961   
       364:    183720.000000           1           24.8936   
       365:    183750.000000           1           24.8894   
       366:    183780.000000           1           24.8867   
       367:    183810.000000           1           24.8830   
       368:    183840.000000           1           24.8749   
       369:    183870.000000           1           24.8680   
       370:    183900.000000           1           24.8589   
       371:    183930.000000           1           24.8497   
       372:    183960.000000           1           24.8378   
       373:    183990.000000           1           24.8256   
       374:    184020.000000           1           24.8151   
       375:    184050.000000           1           24.8088   
       376:    184080.000000           1           24.8075   
       377:    184110.000000           1           24.8019   
       378:    184140.000000           1           24.7961   
       379:    184170.000000           1           24.7969   
       380:    184200.000000           1           24.8024   
       381:    184230.000000           1           24.8111   
       382:    184260.000000           1           24.8244   
       383:    184290.000000           1           24.8366   
       384:    184320.000000           1           24.8423   
       385:    184350.000000           1           24.8446   
       386:    184380.000000           1           24.8407   
       387:    184410.000000           1           24.8292   
       388:    184440.000000           1           24.8147   
       389:    184470.000000           1           24.8007   
       390:    184500.000000           1           24.7891   
       391:    184530.000000           1           24.7808   
       392:    184560.000000           1           24.7792   
       393:    184590.000000           1           24.7751   
       394:    184620.000000           1           24.7744   
       395:    184650.000000           1           24.7813   
       396:    184680.000000           1           24.7975   
       397:    184710.000000           1           24.8152   
       398:    184740.000000           1           24.8299   
       399:    184770.000000           1           24.8463   
       400:    184800.000000           1           24.8650   
       401:    184830.000000           1           24.8764   
       402:    184860.000000           1           24.8791   
       403:    184890.000000           1           24.8761   
       404:    184920.000000           1           24.8691   
       405:    184950.000000           1           24.8557   
       406:    184980.000000           1           24.8425   
       407:    185010.000000           1           24.8277   
       408:    185040.000000           1           24.8115   
       409:    185070.000000           1           24.7999   
       410:    185100.000000           1           24.7923   
       411:    185130.000000           1           24.7837   
       412:    185160.000000           1           24.7751   
       413:    185190.000000           1           24.7702   
       414:    185220.000000           1           24.7680   
       415:    185250.000000           1           24.7662   
       416:    185280.000000           1           24.7641   
       417:    185310.000000           1           24.7662   
       418:    185340.000000           1           24.7692   
       419:    185370.000000           1           24.7677   
       420:    185400.000000           1           24.7668   
       421:    185430.000000           1           24.7634   
       422:    185460.000000           1           24.7605   
       423:    185490.000000           1           24.7546   
       424:    185520.000000           1           24.7465   
       425:    185550.000000           1           24.7405   
       426:    185580.000000           1           24.7346   
       428:    185640.000000           1           24.5121   
       430:    185700.000000           1           24.4431   
       431:    185730.000000           1           24.4778   
       432:    185760.000000           1           24.4913   
       433:    185790.000000           1           24.4876   
       434:    185820.000000           1           24.4772   
       435:    185850.000000           1           24.5010   
       436:    185880.000000           1           24.4805   
       438:    185940.000000           1           24.7018   
       439:    185970.000000           1           24.6018   
       440:    186000.000000           1           24.5460   
       442:    186060.000000           1           24.6319   
       443:    186090.000000           1           24.6165   
       444:    186120.000000           1           24.5735   
       445:    186150.000000           1           24.5605   
       446:    186180.000000           1           24.5466   
       447:    186210.000000           1           24.5479   
       448:    186240.000000           1           24.5497   
       449:    186270.000000           1           24.5248   
       450:    186300.000000           1           24.5068   
       451:    186330.000000           1           24.4959   
       453:    186390.000000           1           24.3772   
       455:    186450.000000           1           24.5232   
       456:    186480.000000           1           24.4413   
       457:    186510.000000           1           24.4021   
       458:    186540.000000           1           24.4021   
       459:    186570.000000           1           24.3982   
       461:    186630.000000           1           24.4479   
       798:    196740.000000           1           28.5677   
       799:    196770.000000           1           28.6103   
       800:    196800.000000           1           28.6142   
       801:    196830.000000           1           28.5519   
       802:    196860.000000           1           28.4918   
       803:    196890.000000           1           28.4319   
       804:    196920.000000           1           28.3858   
       805:    196950.000000           1           28.3474   
       806:    196980.000000           1           28.3425   
       808:    197040.000000           1          -28.1480   
       810:    197100.000000           1          -10.1061   
       811:    197130.000000           1          -10.4387   
       812:    197160.000000           1          -10.4808   
       813:    197190.000000           1          -10.5117   
       814:    197220.000000           1          -10.5754   
       815:    197250.000000           1          -10.5907   
       817:    197310.000000           1          -28.1355   
       818:    197340.000000           1          -28.2221   
       819:    197370.000000           1          -28.2564   
       820:    197400.000000           1          -28.2219   
       821:    197430.000000           1          -28.1602   
       822:    197460.000000           1          -28.1385   
       823:    197490.000000           1          -28.1396   
       824:    197520.000000           1          -28.1463   
       825:    197550.000000           1          -28.1461   
       826:    197580.000000           1          -28.1352   
       827:    197610.000000           1          -28.1283   
       828:    197640.000000           1          -28.1123   
       829:    197670.000000           1          -28.0937   
       830:    197700.000000           1          -28.0846   
       831:    197730.000000           1          -28.0706   
       832:    197760.000000           1          -28.0700   
       833:    197790.000000           1          -28.0794   
       834:    197820.000000           1          -28.0849   
       835:    197850.000000           1          -28.0820   
       836:    197880.000000           1          -28.0839   
       837:    197910.000000           1          -28.0821   
       838:    197940.000000           1          -28.0696   
       839:    197970.000000           1          -28.0611   
       840:    198000.000000           1          -28.0422   
       841:    198030.000000           1          -28.0281   
       842:    198060.000000           1          -28.0195   
       843:    198090.000000           1          -28.0067   
       844:    198120.000000           1          -27.9929   
       845:    198150.000000           1          -27.9776   
       846:    198180.000000           1          -27.9681   
       847:    198210.000000           1          -27.9631   
       848:    198240.000000           1          -27.9577   
       849:    198270.000000           1          -27.9570   
       850:    198300.000000           1          -27.9567   
       851:    198330.000000           1          -27.9579   
       852:    198360.000000           1          -27.9576   
       853:    198390.000000           1          -27.9526   
       854:    198420.000000           1          -27.9519   
       855:    198450.000000           1          -27.9576   
       856:    198480.000000           1          -27.9594   
       857:    198510.000000           1          -27.9653   
       858:    198540.000000           1          -27.9719   
       859:    198570.000000           1          -27.9750   
       860:    198600.000000           1          -27.9746   
       861:    198630.000000           1          -27.9696   
       862:    198660.000000           1          -27.9651   
       863:    198690.000000           1          -27.9569   
       864:    198720.000000           1          -27.9526   
       865:    198750.000000           1          -27.9489   
       866:    198780.000000           1          -27.9420   
       867:    198810.000000           1          -27.9372   
       868:    198840.000000           1          -27.9343   
       869:    198870.000000           1          -27.9320   
       870:    198900.000000           1          -27.9263   
       871:    198930.000000           1          -27.9235   
       872:    198960.000000           1          -27.9254   
       873:    198990.000000           1          -27.9270   
       874:    199020.000000           1          -27.9286   
       875:    199050.000000           1          -27.9285   
       876:    199080.000000           1          -27.9303   
       877:    199110.000000           1          -27.9299   
       878:    199140.000000           1          -27.9297   
       879:    199170.000000           1          -27.9299   
       880:    199200.000000           1          -27.9300   
       881:    199230.000000           1          -27.9303   
       882:    199260.000000           1          -27.9337   
       883:    199290.000000           1          -27.9309   
       884:    199320.000000           1          -27.9246   
       885:    199350.000000           1          -27.9145   
       886:    199380.000000           1          -27.9048   
       887:    199410.000000           1          -27.8978   
       888:    199440.000000           1          -27.8976   
       889:    199470.000000           1          -27.9030   
       890:    199500.000000           1          -27.9070   
       891:    199530.000000           1          -27.9115   
       892:    199560.000000           1          -27.9140   
       893:    199590.000000           1          -27.9141   
       894:    199620.000000           1          -27.9123   
       895:    199650.000000           1          -27.9108   
       896:    199680.000000           1          -27.9100   
       897:    199710.000000           1          -27.9101   
       898:    199740.000000           1          -27.9084   
       899:    199770.000000           1          -27.9069   
       900:    199800.000000           1          -27.9057   
       901:    199830.000000           1          -27.9028   
       902:    199860.000000           1          -27.9009   
       903:    199890.000000           1          -27.8978   
       904:    199920.000000           1          -27.8925   
       905:    199950.000000           1          -27.8895   
       906:    199980.000000           1          -27.8858   
       907:    200010.000000           1          -27.8827   
       908:    200040.000000           1          -27.8805   
       909:    200070.000000           1          -27.8804   
       910:    200100.000000           1          -27.8814   
       911:    200130.000000           1          -27.8807   
       912:    200160.000000           1          -27.8776   
       913:    200190.000000           1          -27.8729   
       914:    200220.000000           1          -27.8688   
       915:    200250.000000           1          -27.8673   
       916:    200280.000000           1          -27.8658   
       917:    200310.000000           1          -27.8651   
       918:    200340.000000           1          -27.8659   
       919:    200370.000000           1          -27.8653   
       920:    200400.000000           1          -27.8635   
       921:    200430.000000           1          -27.8616   
       922:    200460.000000           1          -27.8604   
       923:    200490.000000           1          -27.8610   
       924:    200520.000000           1          -27.8622   
       925:    200550.000000           1          -27.8643   
       926:    200580.000000           1          -27.8644   
       927:    200610.000000           1          -27.8624   
       928:    200640.000000           1          -27.8610   
       929:    200670.000000           1          -27.8587   
       930:    200700.000000           1          -27.8570   
       931:    200730.000000           1          -27.8605   
       932:    200760.000000           1          -27.8637   
       933:    200790.000000           1          -27.8676   
       934:    200820.000000           1          -27.8724   
       935:    200850.000000           1          -27.8749   
       936:    200880.000000           1          -27.8766   
       937:    200910.000000           1          -27.8752   
       938:    200940.000000           1          -27.8715   
       939:    200970.000000           1          -27.8687   
       940:    201000.000000           1          -27.8685   
       941:    201030.000000           1          -27.8675   
       942:    201060.000000           1          -27.8675   
       943:    201090.000000           1          -27.8693   
       944:    201120.000000           1          -27.8715   
       945:    201150.000000           1          -27.8712   
       946:    201180.000000           1          -27.8672   
       947:    201210.000000           1          -27.8629   
       948:    201240.000000           1          -27.8585   
       949:    201270.000000           1          -27.8531   
       950:    201300.000000           1          -27.8526   
       951:    201330.000000           1          -27.8517   
       952:    201360.000000           1          -27.8509   
       953:    201390.000000           1          -27.8520   
       954:    201420.000000           1          -27.8525   
       955:    201450.000000           1          -27.8519   
       956:    201480.000000           1          -27.8494   
       957:    201510.000000           1          -27.8485   
       958:    201540.000000           1          -27.8473   
       959:    201570.000000           1          -27.8470   
       960:    201600.000000           1          -27.8497   
       961:    201630.000000           1          -27.8513   
       962:    201660.000000           1          -27.8521   
       963:    201690.000000           1          -27.8529   
       964:    201720.000000           1          -27.8539   
       965:    201750.000000           1          -27.8538   
       966:    201780.000000           1          -27.8552   
       967:    201810.000000           1          -27.8578   
       968:    201840.000000           1          -27.8598   
       969:    201870.000000           1          -27.8633   
       970:    201900.000000           1          -27.8679   
       971:    201930.000000           1          -27.8683   
       972:    201960.000000           1          -27.8674   
       973:    201990.000000           1          -27.8684   
       974:    202020.000000           1          -27.8684   
       975:    202050.000000           1          -27.8681   
       976:    202080.000000           1          -27.8690   
       977:    202110.000000           1          -27.8715   
       978:    202140.000000           1          -27.8738   
       979:    202170.000000           1          -27.8765   
       980:    202200.000000           1          -27.8776   
       981:    202230.000000           1          -27.8786   
       982:    202260.000000           1          -27.8797   
       983:    202290.000000           1          -27.8824   
       984:    202320.000000           1          -27.8814   
       985:    202350.000000           1          -27.8809   
       986:    202380.000000           1          -27.8815   
       987:    202410.000000           1          -27.8818   
       988:    202440.000000           1          -27.8812   
       989:    202470.000000           1          -27.8829   
       990:    202500.000000           1          -27.8858   
       991:    202530.000000           1          -27.8884   
       992:    202560.000000           1          -27.8911   
       993:    202590.000000           1          -27.8946   
       994:    202620.000000           1          -27.8994   
       995:    202650.000000           1          -27.9031   
       996:    202680.000000           1          -27.9059   
       997:    202710.000000           1          -27.9068   
       998:    202740.000000           1          -27.9067   
       999:    202770.000000           1          -27.9083   
      1000:    202800.000000           1          -27.9104   
      1001:    202830.000000           1          -27.9131   
      1002:    202860.000000           1          -27.9145   
      1003:    202890.000000           1          -27.9148   
      1004:    202920.000000           1          -27.9147   
      1005:    202950.000000           1          -27.9144   
      1006:    202980.000000           1          -27.9157   
      1007:    203010.000000           1          -27.9183   
      1008:    203040.000000           1          -27.9203   
      1009:    203070.000000           1          -27.9228   
      1010:    203100.000000           1          -27.9247   
      1011:    203130.000000           1          -27.9261   
      1012:    203160.000000           1          -27.9256   
      1013:    203190.000000           1          -27.9252   
      1014:    203220.000000           1          -27.9265   
      1015:    203250.000000           1          -27.9280   
      1016:    203280.000000           1          -27.9289   
      1017:    203310.000000           1          -27.9304   
      1018:    203340.000000           1          -27.9315   
      1019:    203370.000000           1          -27.9311   
      1020:    203400.000000           1          -27.9314   
      1021:    203430.000000           1          -27.9326   
      1022:    203460.000000           1          -27.9339   
      1023:    203490.000000           1          -27.9352   
      1024:    203520.000000           1          -27.9368   
      1025:    203550.000000           1          -27.9377   
      1026:    203580.000000           1          -27.9386   
      1027:    203610.000000           1          -27.9386   
      1028:    203640.000000           1          -27.9386   
      1029:    203670.000000           1          -27.9397   
      1030:    203700.000000           1          -27.9416   
      1031:    203730.000000           1          -27.9446   
      1032:    203760.000000           1          -27.9475   
      1033:    203790.000000           1          -27.9508   
      1034:    203820.000000           1          -27.9551   
      1035:    203850.000000           1          -27.9599   
      1036:    203880.000000           1          -27.9644   
      1037:    203910.000000           1          -27.9693   
      1038:    203940.000000           1          -27.9717   
      1039:    203970.000000           1          -27.9739   
      1040:    204000.000000           1          -27.9750   
      1041:    204030.000000           1          -27.9746   
      1042:    204060.000000           1          -27.9746   
      1043:    204090.000000           1          -27.9740   
      1044:    204120.000000           1          -27.9715   
      1045:    204150.000000           1          -27.9662   
      1046:    204180.000000           1          -27.9609   
      1047:    204210.000000           1          -27.9582   
      1048:    204240.000000           1          -27.9574   
      1049:    204270.000000           1          -27.9572   
      1050:    204300.000000           1          -27.9573   
      1051:    204330.000000           1          -27.9574   
      1052:    204360.000000           1          -27.9565   
      1053:    204390.000000           1          -27.9576   
      1054:    204420.000000           1          -27.9606   
      1055:    204450.000000           1          -27.9637   
      1056:    204480.000000           1          -27.9668   
      1057:    204510.000000           1          -27.9691   
      1058:    204540.000000           1          -27.9706   
      1059:    204570.000000           1          -27.9732   
      1060:    204600.000000           1          -27.9741   
      1061:    204630.000000           1          -27.9728   
      1062:    204660.000000           1          -27.9711   
      1063:    204690.000000           1          -27.9691   
      1064:    204720.000000           1          -27.9684   
      1065:    204750.000000           1          -27.9683   
      1066:    204780.000000           1          -27.9697   
      1067:    204810.000000           1          -27.9715   
      1068:    204840.000000           1          -27.9733   
      1069:    204870.000000           1          -27.9746   
      1070:    204900.000000           1          -27.9740   
      1071:    204930.000000           1          -27.9718   
      1072:    204960.000000           1          -27.9687   
      1073:    204990.000000           1          -27.9661   
      1074:    205020.000000           1          -27.9644   
      1075:    205050.000000           1          -27.9626   
      1076:    205080.000000           1          -27.9615   
      1077:    205110.000000           1          -27.9596   
      1078:    205140.000000           1          -27.9581   
      1079:    205170.000000           1          -27.9576   
      1080:    205200.000000           1          -27.9573   
      1081:    205230.000000           1          -27.9562   
      1082:    205260.000000           1          -27.9563   
      1083:    205290.000000           1          -27.9578   
      1084:    205320.000000           1          -27.9583   
      1085:    205350.000000           1          -27.9577   
      1086:    205380.000000           1          -27.9582   
      1087:    205410.000000           1          -27.9576   
      1088:    205440.000000           1          -27.9556   
      1089:    205470.000000           1          -27.9537   
      1090:    205500.000000           1          -27.9526   
      1091:    205530.000000           1          -27.9526   
      1092:    205560.000000           1          -27.9519   
      1093:    205590.000000           1          -27.9514   
      1094:    205620.000000           1          -27.9511   
      1095:    205650.000000           1          -27.9511   
      1096:    205680.000000           1          -27.9520   
      1097:    205710.000000           1          -27.9526   
      1098:    205740.000000           1          -27.9534   
      1099:    205770.000000           1          -27.9528   
      1100:    205800.000000           1          -27.9532   
      1101:    205830.000000           1          -27.9538   
      1102:    205860.000000           1          -27.9540   
      1103:    205890.000000           1          -27.9516   
      1104:    205920.000000           1          -27.9475   
      1105:    205950.000000           1          -27.9432   
      1106:    205980.000000           1          -27.9388   
      1107:    206010.000000           1          -27.9333   
      1108:    206040.000000           1          -27.9286   
      1109:    206070.000000           1          -27.9240   
      1110:    206100.000000           1          -27.9192   
      1111:    206130.000000           1          -27.9136   
      1112:    206160.000000           1          -27.9094   
      1113:    206190.000000           1          -27.9071   
      1114:    206220.000000           1          -27.9070   
      1115:    206250.000000           1          -27.9067   
      1116:    206280.000000           1          -27.9057   
      1117:    206310.000000           1          -27.9031   
      1118:    206340.000000           1          -27.9007   
      1119:    206370.000000           1          -27.8999   
      1120:    206400.000000           1          -27.9015   
      1121:    206430.000000           1          -27.9029   
      1122:    206460.000000           1          -27.9013   
      1123:    206490.000000           1          -27.8999   
      1124:    206520.000000           1          -27.8995   
      1125:    206550.000000           1          -27.9002   
      1126:    206580.000000           1          -27.9006   
      1127:    206610.000000           1          -27.9011   
      1128:    206640.000000           1          -27.9010   
      1129:    206670.000000           1          -27.8995   
      1130:    206700.000000           1          -27.8960   
      1131:    206730.000000           1          -27.8933   
      1132:    206760.000000           1          -27.8914   
      1133:    206790.000000           1          -27.8898   
      2717:    254310.000000           1          153.4547   
      2718:    254340.000000           1          153.3800   
      2719:    254370.000000           1          153.3308   
      2720:    254400.000000           1          153.3919   
      2721:    254430.000000           1          153.3638   
      2722:    254460.000000           1          153.3283   
      2723:    254490.000000           1          153.3151   
      2724:    254520.000000           1          153.3087   
      2725:    254550.000000           1          153.3023   
      2726:    254580.000000           1          153.2891   
      2727:    254610.000000           1          153.2754   
      2728:    254640.000000           1          153.2829   
      2729:    254670.000000           1          153.2749   
      2730:    254700.000000           1          153.2474   
      2731:    254730.000000           1          153.2580   
      2732:    254760.000000           1          153.2611   
      2733:    254790.000000           1          153.2471   
      2734:    254820.000000           1          153.2335   
      2735:    254850.000000           1          153.2390   
      2736:    254880.000000           1          153.2307   
      2737:    254910.000000           1          153.2036   
      2738:    254940.000000           1          153.2016   
      2739:    254970.000000           1          153.1860   
      2740:    255000.000000           1          153.1752   
      2741:    255030.000000           1          153.1727   
      2742:    255060.000000           1          153.1701   
      2743:    255090.000000           1          153.1603   
      2744:    255120.000000           1          153.1706   
      2745:    255150.000000           1          153.1802   
      2746:    255180.000000           1          153.1802   
      2747:    255210.000000           1          153.1833   
      2748:    255240.000000           1          153.1899   
      2749:    255270.000000           1          153.1950   
      2750:    255300.000000           1          153.1989   
      2751:    255330.000000           1          153.2064   
      2752:    255360.000000           1          153.2053   
      2753:    255390.000000           1          153.2000   
      2754:    255420.000000           1          153.2100   
      2755:    255450.000000           1          153.2101   
      2756:    255480.000000           1          153.2117   
      2757:    255510.000000           1          153.2125   
      2758:    255540.000000           1          153.2286   
      2759:    255570.000000           1          153.2405   
      2760:    255600.000000           1          153.2498   
      2761:    255630.000000           1          153.2610   
      2762:    255660.000000           1          153.2676   
      2763:    255690.000000           1          153.2738   
      2764:    255720.000000           1          153.2770   
      2765:    255750.000000           1          153.2819   
      2766:    255780.000000           1          153.2883   
      2767:    255810.000000           1          153.2911   
      2768:    255840.000000           1          153.2973   
      2769:    255870.000000           1          153.3089   
      2770:    255900.000000           1          153.3162   
      2771:    255930.000000           1          153.3198   
      2772:    255960.000000           1          153.3265   
      2773:    255990.000000           1          153.3401   
      2774:    256020.000000           1          153.3455   
      2775:    256050.000000           1          153.3533   
      2776:    256080.000000           1          153.3612   
      2777:    256110.000000           1          153.3684   
      2778:    256140.000000           1          153.3754   
      2779:    256170.000000           1          153.3811   
      2780:    256200.000000           1          153.3872   
      2781:    256230.000000           1          153.3938   
      2782:    256260.000000           1          153.4000   
      2783:    256290.000000           1          153.4081   
      2784:    256320.000000           1          153.4156   
      2785:    256350.000000           1          153.4218   
      2786:    256380.000000           1          153.4277   
      2787:    256410.000000           1          153.4337   
      2788:    256440.000000           1          153.4382   
      2789:    256470.000000           1          153.4407   
      2790:    256500.000000           1          153.4408   
      2791:    256530.000000           1          153.4430   
      2792:    256560.000000           1          153.4476   
      2793:    256590.000000           1          153.4527   
      2794:    256620.000000           1          153.4565   
      2795:    256650.000000           1          153.4636   
      2796:    256680.000000           1          153.4713   
      2797:    256710.000000           1          153.4792   
      2798:    256740.000000           1          153.4833   
      2799:    256770.000000           1          153.4886   
      2800:    256800.000000           1          153.4950   
      2801:    256830.000000           1          153.4989   
      2802:    256860.000000           1          153.5005   
      2803:    256890.000000           1          153.5027   
      2804:    256920.000000           1          153.5063   
      2805:    256950.000000           1          153.5090   
      2806:    256980.000000           1          153.5110   
      2807:    257010.000000           1          153.5096   
      2808:    257040.000000           1          153.5092   
      2809:    257070.000000           1          153.5086   
      2810:    257100.000000           1          153.5077   
      2811:    257130.000000           1          153.5069   
      2812:    257160.000000           1          153.5089   
      2813:    257190.000000           1          153.5111   
      2814:    257220.000000           1          153.5136   
      2815:    257250.000000           1          153.5160   
      2816:    257280.000000           1          153.5178   
      2817:    257310.000000           1          153.5211   
      2818:    257340.000000           1          153.5238   
      2819:    257370.000000           1          153.5268   
      2820:    257400.000000           1          153.5287   
      2821:    257430.000000           1          153.5312   
      2822:    257460.000000           1          153.5325   
      2823:    257490.000000           1          153.5328   
      2824:    257520.000000           1          153.5340   
      2825:    257550.000000           1          153.5341   
      2826:    257580.000000           1          153.5336   
      2827:    257610.000000           1          153.5319   
      2828:    257640.000000           1          153.5325   
      2829:    257670.000000           1          153.5341   
      2830:    257700.000000           1          153.5348   
      2831:    257730.000000           1          153.5353   
      2832:    257760.000000           1          153.5353   
      2833:    257790.000000           1          153.5372   
      2834:    257820.000000           1          153.5411   
      2835:    257850.000000           1          153.5432   
      2836:    257880.000000           1          153.5451   
      2837:    257910.000000           1          153.5464   
      2838:    257940.000000           1          153.5482   
      2839:    257970.000000           1          153.5500   
      2840:    258000.000000           1          153.5508   
      2841:    258030.000000           1          153.5507   
      2842:    258060.000000           1          153.5491   
      2843:    258090.000000           1          153.5484   
      2844:    258120.000000           1          153.5486   
      2845:    258150.000000           1          153.5490   
      2846:    258180.000000           1          153.5495   
      2847:    258210.000000           1          153.5500   
      2848:    258240.000000           1          153.5509   
      2849:    258270.000000           1          153.5514   
      2850:    258300.000000           1          153.5541   
      2851:    258330.000000           1          153.5573   
      2852:    258360.000000           1          153.5600   
      2853:    258390.000000           1          153.5627   
      2854:    258420.000000           1          153.5655   
      2855:    258450.000000           1          153.5671   
      2856:    258480.000000           1          153.5688   
      2857:    258510.000000           1          153.5701   
      2858:    258540.000000           1          153.5712   
      2859:    258570.000000           1          153.5718   
      2860:    258600.000000           1          153.5727   
      2861:    258630.000000           1          153.5741   
      2862:    258660.000000           1          153.5757   
      2863:    258690.000000           1          153.5774   
      2864:    258720.000000           1          153.5793   
      2865:    258750.000000           1          153.5803   
      2866:    258780.000000           1          153.5819   
      2867:    258810.000000           1          153.5837   
      2868:    258840.000000           1          153.5846   
      2869:    258870.000000           1          153.5854   
      2870:    258900.000000           1          153.5862   
      2871:    258930.000000           1          153.5871   
      2872:    258960.000000           1          153.5880   
      2873:    258990.000000           1          153.5905   
      2874:    259020.000000           1          153.5938   
      2875:    259050.000000           1          153.5976   
      2876:    259080.000000           1          153.6020   
      2877:    259110.000000           1          153.6070   
      2878:    259140.000000           1          153.6115   
      2879:    259170.000000           1          153.6155   
