      1535:    218850.000000           1           -9.9204   
      1536:    218880.000000           1           -9.9678   
      1537:    218910.000000           1           -9.9718   
      1538:    218940.000000           1           -9.9806   
      1539:    218970.000000           1          -10.0217   
      1540:    219000.000000           1          -10.0245   
      1541:    219030.000000           1          -10.0457   
      1542:    219060.000000           1          -10.0528   
      1543:    219090.000000           1          -10.0505   
      1544:    219120.000000           1          -10.0397   
      1545:    219150.000000           1          -10.0288   
      1546:    219180.000000           1          -10.0250   
      1547:    219210.000000           1          -10.0130   
      1548:    219240.000000           1           -9.9917   
      1549:    219270.000000           1           -9.9799   
      1550:    219300.000000           1           -9.9671   
      1551:    219330.000000           1           -9.9615   
      1552:    219360.000000           1           -9.9554   
      1553:    219390.000000           1           -9.9481   
      1554:    219420.000000           1           -9.9375   
      1555:    219450.000000           1           -9.9242   
      1556:    219480.000000           1           -9.9123   
      1557:    219510.000000           1           -9.9032   
      1558:    219540.000000           1           -9.8991   
      1559:    219570.000000           1           -9.8964   
      1560:    219600.000000           1           -9.8920   
      1561:    219630.000000           1           -9.8824   
      1562:    219660.000000           1           -9.8749   
      1563:    219690.000000           1           -9.8617   
      1564:    219720.000000           1           -9.8465   
      1565:    219750.000000           1           -9.8377   
      1566:    219780.000000           1           -9.8307   
      1567:    219810.000000           1           -9.8232   
      1568:    219840.000000           1           -9.8198   
      1569:    219870.000000           1           -9.8141   
      1570:    219900.000000           1           -9.8040   
      1571:    219930.000000           1           -9.7860   
      1572:    219960.000000           1           -9.7774   
      1573:    219990.000000           1           -9.7739   
      1574:    220020.000000           1           -9.7623   
      1575:    220050.000000           1           -9.7540   
      1576:    220080.000000           1           -9.7542   
      1577:    220110.000000           1           -9.7549   
      1578:    220140.000000           1           -9.7636   
      1579:    220170.000000           1           -9.7667   
      1580:    220200.000000           1           -9.7573   
      1581:    220230.000000           1           -9.7482   
      1582:    220260.000000           1           -9.7461   
      1583:    220290.000000           1           -9.7460   
      1584:    220320.000000           1           -9.7430   
      1585:    220350.000000           1           -9.7399   
      1586:    220380.000000           1           -9.7278   
      1587:    220410.000000           1           -9.7134   
      1588:    220440.000000           1           -9.7033   
      1589:    220470.000000           1           -9.7011   
      1590:    220500.000000           1           -9.6972   
      1591:    220530.000000           1           -9.6925   
      1592:    220560.000000           1           -9.6881   
      1593:    220590.000000           1           -9.6856   
      1594:    220620.000000           1           -9.6846   
      1595:    220650.000000           1           -9.6871   
      1596:    220680.000000           1           -9.6867   
      1597:    220710.000000           1           -9.6868   
      1598:    220740.000000           1           -9.6897   
      1599:    220770.000000           1           -9.6907   
      1600:    220800.000000           1           -9.6881   
      1611:    221130.000000           1           -9.7843   
      1612:    221160.000000           1           -9.7036   
      1613:    221190.000000           1           -9.6980   
      1614:    221220.000000           1           -9.7124   
      1615:    221250.000000           1           -9.7536   
      1616:    221280.000000           1           -9.7906   
      1617:    221310.000000           1           -9.8200   
      1618:    221340.000000           1           -9.8520   
      1619:    221370.000000           1           -9.8674   
      1620:    221400.000000           1           -9.8653   
      1621:    221430.000000           1           -9.8533   
      1622:    221460.000000           1           -9.8444   
      1623:    221490.000000           1           -9.8422   
      1624:    221520.000000           1           -9.8498   
      1625:    221550.000000           1           -9.8571   
      1626:    221580.000000           1           -9.8677   
      1627:    221610.000000           1           -9.8773   
      1628:    221640.000000           1           -9.8752   
      1629:    221670.000000           1           -9.8715   
      1630:    221700.000000           1           -9.8668   
      1631:    221730.000000           1           -9.8659   
      1632:    221760.000000           1           -9.8691   
      1633:    221790.000000           1           -9.8767   
      1634:    221820.000000           1           -9.8825   
      1635:    221850.000000           1           -9.8908   
      1636:    221880.000000           1           -9.8961   
      1637:    221910.000000           1           -9.8992   
      1638:    221940.000000           1           -9.8988   
      1639:    221970.000000           1           -9.8995   
      1640:    222000.000000           1           -9.8982   
      1641:    222030.000000           1           -9.8957   
      1642:    222060.000000           1           -9.8967   
      1643:    222090.000000           1           -9.8990   
      1644:    222120.000000           1           -9.9024   
      1645:    222150.000000           1           -9.9056   
      1646:    222180.000000           1           -9.9106   
      1647:    222210.000000           1           -9.9149   
      1648:    222240.000000           1           -9.9198   
      1649:    222270.000000           1           -9.9238   
      1650:    222300.000000           1           -9.9274   
      1651:    222330.000000           1           -9.9282   
      1652:    222360.000000           1           -9.9292   
      1653:    222390.000000           1           -9.9298   
      1654:    222420.000000           1           -9.9292   
      1655:    222450.000000           1           -9.9269   
      1656:    222480.000000           1           -9.9249   
      1657:    222510.000000           1           -9.9216   
      1658:    222540.000000           1           -9.9202   
      1659:    222570.000000           1           -9.9221   
      1660:    222600.000000           1           -9.9192   
      1661:    222630.000000           1           -9.9153   
      1662:    222660.000000           1           -9.9131   
      1663:    222690.000000           1           -9.9146   
      1664:    222720.000000           1           -9.9201   
      1665:    222750.000000           1           -9.9252   
      1666:    222780.000000           1           -9.9280   
      1667:    222810.000000           1           -9.9263   
      1668:    222840.000000           1           -9.9259   
      1669:    222870.000000           1           -9.9266   
      1670:    222900.000000           1           -9.9282   
      1671:    222930.000000           1           -9.9304   
      1672:    222960.000000           1           -9.9336   
      1673:    222990.000000           1           -9.9348   
      1674:    223020.000000           1           -9.9371   
      1675:    223050.000000           1           -9.9391   
      1676:    223080.000000           1           -9.9403   
      1677:    223110.000000           1           -9.9426   
      1678:    223140.000000           1           -9.9439   
      1679:    223170.000000           1           -9.9458   
      1680:    223200.000000           1           -9.9478   
      1681:    223230.000000           1           -9.9496   
      1682:    223260.000000           1           -9.9503   
      1683:    223290.000000           1           -9.9516   
      1684:    223320.000000           1           -9.9540   
      1685:    223350.000000           1           -9.9565   
      1686:    223380.000000           1           -9.9587   
      1687:    223410.000000           1           -9.9579   
      1688:    223440.000000           1           -9.9572   
      1689:    223470.000000           1           -9.9569   
      1690:    223500.000000           1           -9.9539   
      1691:    223530.000000           1           -9.9530   
      1692:    223560.000000           1           -9.9517   
      1693:    223590.000000           1           -9.9486   
      1694:    223620.000000           1           -9.9463   
      1695:    223650.000000           1           -9.9439   
      1696:    223680.000000           1           -9.9427   
      1697:    223710.000000           1           -9.9416   
      1698:    223740.000000           1           -9.9387   
      1699:    223770.000000           1           -9.9366   
      1700:    223800.000000           1           -9.9354   
      1701:    223830.000000           1           -9.9334   
      1702:    223860.000000           1           -9.9305   
      1703:    223890.000000           1           -9.9274   
      1704:    223920.000000           1           -9.9246   
      1705:    223950.000000           1           -9.9224   
      1706:    223980.000000           1           -9.9216   
      1707:    224010.000000           1           -9.9213   
      1708:    224040.000000           1           -9.9207   
      1709:    224070.000000           1           -9.9201   
      1710:    224100.000000           1           -9.9192   
      1711:    224130.000000           1           -9.9170   
      1712:    224160.000000           1           -9.9150   
      1713:    224190.000000           1           -9.9140   
      1714:    224220.000000           1           -9.9130   
      1715:    224250.000000           1           -9.9133   
      1716:    224280.000000           1           -9.9142   
      1717:    224310.000000           1           -9.9165   
      1718:    224340.000000           1           -9.9184   
      1719:    224370.000000           1           -9.9201   
      1720:    224400.000000           1           -9.9222   
      1721:    224430.000000           1           -9.9250   
      1722:    224460.000000           1           -9.9283   
      1723:    224490.000000           1           -9.9315   
      1724:    224520.000000           1           -9.9345   
      1725:    224550.000000           1           -9.9362   
      1726:    224580.000000           1           -9.9389   
      1727:    224610.000000           1           -9.9407   
      1728:    224640.000000           1           -9.9433   
      1729:    224670.000000           1           -9.9458   
      1730:    224700.000000           1           -9.9495   
      1731:    224730.000000           1           -9.9537   
      1732:    224760.000000           1           -9.9579   
      1733:    224790.000000           1           -9.9614   
      1734:    224820.000000           1           -9.9643   
      1735:    224850.000000           1           -9.9658   
      1736:    224880.000000           1           -9.9668   
      1737:    224910.000000           1           -9.9671   
      1738:    224940.000000           1           -9.9679   
      1739:    224970.000000           1           -9.9685   
      1740:    225000.000000           1           -9.9693   
      1741:    225030.000000           1           -9.9712   
      1742:    225060.000000           1           -9.9725   
      1743:    225090.000000           1           -9.9735   
      1744:    225120.000000           1           -9.9746   
      1745:    225150.000000           1           -9.9757   
      1746:    225180.000000           1           -9.9773   
      1747:    225210.000000           1           -9.9791   
      1748:    225240.000000           1           -9.9818   
      1749:    225270.000000           1           -9.9853   
      1750:    225300.000000           1           -9.9876   
      1751:    225330.000000           1           -9.9885   
      1752:    225360.000000           1           -9.9890   
      1753:    225390.000000           1           -9.9906   
      1754:    225420.000000           1           -9.9936   
      1755:    225450.000000           1           -9.9973   
      1756:    225480.000000           1          -10.0015   
      1757:    225510.000000           1          -10.0046   
      1758:    225540.000000           1          -10.0077   
      1759:    225570.000000           1          -10.0101   
      1760:    225600.000000           1          -10.0119   
      1761:    225630.000000           1          -10.0128   
      1762:    225660.000000           1          -10.0136   
      1763:    225690.000000           1          -10.0141   
      1764:    225720.000000           1          -10.0144   
      1765:    225750.000000           1          -10.0156   
      1766:    225780.000000           1          -10.0166   
      1767:    225810.000000           1          -10.0180   
      1768:    225840.000000           1          -10.0183   
      1769:    225870.000000           1          -10.0168   
      1770:    225900.000000           1          -10.0161   
      1771:    225930.000000           1          -10.0165   
      1772:    225960.000000           1          -10.0180   
      1773:    225990.000000           1          -10.0200   
      1774:    226020.000000           1          -10.0214   
      1775:    226050.000000           1          -10.0228   
      1776:    226080.000000           1          -10.0243   
      1777:    226110.000000           1          -10.0265   
      1778:    226140.000000           1          -10.0290   
      1779:    226170.000000           1          -10.0316   
      1780:    226200.000000           1          -10.0334   
      1781:    226230.000000           1          -10.0344   
      1782:    226260.000000           1          -10.0359   
      1783:    226290.000000           1          -10.0373   
      1784:    226320.000000           1          -10.0391   
      1785:    226350.000000           1          -10.0404   
      1786:    226380.000000           1          -10.0421   
      1787:    226410.000000           1          -10.0437   
      1788:    226440.000000           1          -10.0454   
      1789:    226470.000000           1          -10.0473   
      1790:    226500.000000           1          -10.0488   
      1791:    226530.000000           1          -10.0495   
      1792:    226560.000000           1          -10.0496   
      1793:    226590.000000           1          -10.0500   
      1794:    226620.000000           1          -10.0498   
      1795:    226650.000000           1          -10.0494   
      1796:    226680.000000           1          -10.0489   
      1797:    226710.000000           1          -10.0484   
      1798:    226740.000000           1          -10.0477   
      1799:    226770.000000           1          -10.0468   
      1800:    226800.000000           1          -10.0454   
      1801:    226830.000000           1          -10.0452   
      1802:    226860.000000           1          -10.0453   
      1803:    226890.000000           1          -10.0466   
      1804:    226920.000000           1          -10.0482   
      1805:    226950.000000           1          -10.0504   
      1806:    226980.000000           1          -10.0530   
      1807:    227010.000000           1          -10.0558   
      1808:    227040.000000           1          -10.0586   
      1809:    227070.000000           1          -10.0604   
      1810:    227100.000000           1          -10.0617   
      1811:    227130.000000           1          -10.0621   
      1812:    227160.000000           1          -10.0621   
      1813:    227190.000000           1          -10.0614   
      1814:    227220.000000           1          -10.0612   
      1815:    227250.000000           1          -10.0614   
      1816:    227280.000000           1          -10.0621   
      1817:    227310.000000           1          -10.0623   
      1818:    227340.000000           1          -10.0618   
      1819:    227370.000000           1          -10.0600   
      1820:    227400.000000           1          -10.0577   
      1821:    227430.000000           1          -10.0551   
      1822:    227460.000000           1          -10.0524   
      1823:    227490.000000           1          -10.0514   
      1824:    227520.000000           1          -10.0518   
      1825:    227550.000000           1          -10.0523   
      1826:    227580.000000           1          -10.0516   
      1827:    227610.000000           1          -10.0506   
      1828:    227640.000000           1          -10.0495   
      1829:    227670.000000           1          -10.0488   
      1830:    227700.000000           1          -10.0480   
      1831:    227730.000000           1          -10.0479   
      1832:    227760.000000           1          -10.0474   
      1833:    227790.000000           1          -10.0476   
      1834:    227820.000000           1          -10.0479   
      1835:    227850.000000           1          -10.0478   
      1836:    227880.000000           1          -10.0466   
      1837:    227910.000000           1          -10.0447   
      1838:    227940.000000           1          -10.0431   
      1839:    227970.000000           1          -10.0417   
      1840:    228000.000000           1          -10.0413   
      1841:    228030.000000           1          -10.0419   
      1842:    228060.000000           1          -10.0431   
      1843:    228090.000000           1          -10.0452   
      1844:    228120.000000           1          -10.0470   
      1845:    228150.000000           1          -10.0483   
      1846:    228180.000000           1          -10.0503   
      1847:    228210.000000           1          -10.0511   
      1848:    228240.000000           1          -10.0518   
      1849:    228270.000000           1          -10.0524   
      1850:    228300.000000           1          -10.0526   
      1851:    228330.000000           1          -10.0519   
      1852:    228360.000000           1          -10.0502   
      1853:    228390.000000           1          -10.0486   
      1854:    228420.000000           1          -10.0475   
      1855:    228450.000000           1          -10.0483   
      1856:    228480.000000           1          -10.0496   
      1857:    228510.000000           1          -10.0513   
      1858:    228540.000000           1          -10.0533   
      1859:    228570.000000           1          -10.0558   
      1860:    228600.000000           1          -10.0574   
      1861:    228630.000000           1          -10.0587   
      1862:    228660.000000           1          -10.0597   
      1863:    228690.000000           1          -10.0601   
      1864:    228720.000000           1          -10.0595   
      1865:    228750.000000           1          -10.0566   
      1866:    228780.000000           1          -10.0526   
      1867:    228810.000000           1          -10.0483   
      1868:    228840.000000           1          -10.0442   
      1869:    228870.000000           1          -10.0391   
      1870:    228900.000000           1          -10.0344   
      1871:    228930.000000           1          -10.0301   
      1872:    228960.000000           1          -10.0273   
      1873:    228990.000000           1          -10.0259   
      1874:    229020.000000           1          -10.0253   
      1875:    229050.000000           1          -10.0254   
      1876:    229080.000000           1          -10.0256   
      1877:    229110.000000           1          -10.0253   
      1878:    229140.000000           1          -10.0245   
      1879:    229170.000000           1          -10.0233   
      1880:    229200.000000           1          -10.0216   
      1881:    229230.000000           1          -10.0200   
      1882:    229260.000000           1          -10.0176   
      1883:    229290.000000           1          -10.0154   
      1884:    229320.000000           1          -10.0127   
      1885:    229350.000000           1          -10.0094   
      1886:    229380.000000           1          -10.0064   
      1887:    229410.000000           1          -10.0035   
      1888:    229440.000000           1          -10.0013   
      1889:    229470.000000           1           -9.9997   
      1890:    229500.000000           1           -9.9982   
      1901:    229830.000000           1           -8.3218   
      1902:    229860.000000           1           -8.3379   
      1903:    229890.000000           1           -8.3596   
      1904:    229920.000000           1           -8.3755   
      1905:    229950.000000           1           -8.4119   
      1906:    229980.000000           1           -8.4512   
      1907:    230010.000000           1           -8.5018   
      1908:    230040.000000           1           -8.5197   
      1909:    230070.000000           1           -8.5109   
      1910:    230100.000000           1           -8.5034   
      1911:    230130.000000           1           -8.4817   
      1912:    230160.000000           1           -8.4917   
      1913:    230190.000000           1           -8.4926   
      1914:    230220.000000           1           -8.4912   
      1915:    230250.000000           1           -8.4850   
      1916:    230280.000000           1           -8.4818   
      1917:    230310.000000           1           -8.4807   
      1918:    230340.000000           1           -8.4791   
      1919:    230370.000000           1           -8.4810   
      1920:    230400.000000           1           -8.4868   
      1921:    230430.000000           1           -8.4944   
      1922:    230460.000000           1           -8.5013   
      1923:    230490.000000           1           -8.5073   
      1924:    230520.000000           1           -8.5117   
      1925:    230550.000000           1           -8.5179   
      1926:    230580.000000           1           -8.5262   
      1927:    230610.000000           1           -8.5310   
      1928:    230640.000000           1           -8.5364   
      1929:    230670.000000           1           -8.5453   
      1930:    230700.000000           1           -8.5554   
      1931:    230730.000000           1           -8.5668   
      1932:    230760.000000           1           -8.5741   
      1933:    230790.000000           1           -8.5806   
      1934:    230820.000000           1           -8.5864   
      1935:    230850.000000           1           -8.5899   
      1936:    230880.000000           1           -8.5918   
      1937:    230910.000000           1           -8.5924   
      1938:    230940.000000           1           -8.5926   
      1939:    230970.000000           1           -8.5944   
      1940:    231000.000000           1           -8.5941   
      1941:    231030.000000           1           -8.5906   
      1942:    231060.000000           1           -8.5866   
      1943:    231090.000000           1           -8.5804   
      1944:    231120.000000           1           -8.5760   
      1945:    231150.000000           1           -8.5709   
      1946:    231180.000000           1           -8.5660   
      1947:    231210.000000           1           -8.5611   
      1948:    231240.000000           1           -8.5550   
      1949:    231270.000000           1           -8.5499   
      1950:    231300.000000           1           -8.5452   
      1951:    231330.000000           1           -8.5411   
      1952:    231360.000000           1           -8.5396   
      1953:    231390.000000           1           -8.5388   
      1954:    231420.000000           1           -8.5390   
      1955:    231450.000000           1           -8.5377   
      1956:    231480.000000           1           -8.5360   
      1957:    231510.000000           1           -8.5347   
      1958:    231540.000000           1           -8.5335   
      1959:    231570.000000           1           -8.5323   
      1960:    231600.000000           1           -8.5310   
      1961:    231630.000000           1           -8.5289   
      1962:    231660.000000           1           -8.5266   
      1963:    231690.000000           1           -8.5249   
      1964:    231720.000000           1           -8.5241   
      1965:    231750.000000           1           -8.5238   
      1966:    231780.000000           1           -8.5241   
      1967:    231810.000000           1           -8.5241   
      1968:    231840.000000           1           -8.5228   
      1969:    231870.000000           1           -8.5208   
      1970:    231900.000000           1           -8.5183   
      1971:    231930.000000           1           -8.5166   
      1972:    231960.000000           1           -8.5158   
      1973:    231990.000000           1           -8.5154   
      1974:    232020.000000           1           -8.5152   
      1975:    232050.000000           1           -8.5146   
      1976:    232080.000000           1           -8.5141   
      1977:    232110.000000           1           -8.5136   
      1978:    232140.000000           1           -8.5128   
      1979:    232170.000000           1           -8.5130   
      1980:    232200.000000           1           -8.5135   
      1981:    232230.000000           1           -8.5133   
      1982:    232260.000000           1           -8.5129   
      1983:    232290.000000           1           -8.5111   
      1984:    232320.000000           1           -8.5084   
      1985:    232350.000000           1           -8.5054   
      1986:    232380.000000           1           -8.5024   
      1987:    232410.000000           1           -8.5005   
      1988:    232440.000000           1           -8.4995   
      1989:    232470.000000           1           -8.4984   
      1990:    232500.000000           1           -8.4977   
      1991:    232530.000000           1           -8.4965   
      1992:    232560.000000           1           -8.4939   
      1993:    232590.000000           1           -8.4905   
      1994:    232620.000000           1           -8.4880   
      1995:    232650.000000           1           -8.4855   
      1996:    232680.000000           1           -8.4835   
      1997:    232710.000000           1           -8.4818   
      1998:    232740.000000           1           -8.4808   
      1999:    232770.000000           1           -8.4794   
      2000:    232800.000000           1           -8.4775   
      2001:    232830.000000           1           -8.4766   
      2002:    232860.000000           1           -8.4762   
      2003:    232890.000000           1           -8.4763   
      2004:    232920.000000           1           -8.4759   
      2005:    232950.000000           1           -8.4749   
      2006:    232980.000000           1           -8.4731   
      2007:    233010.000000           1           -8.4710   
      2008:    233040.000000           1           -8.4685   
      2009:    233070.000000           1           -8.4670   
      2010:    233100.000000           1           -8.4642   
      2011:    233130.000000           1           -8.4614   
      2012:    233160.000000           1           -8.4590   
      2013:    233190.000000           1           -8.4560   
      2014:    233220.000000           1           -8.4529   
      2015:    233250.000000           1           -8.4495   
      2016:    233280.000000           1           -8.4460   
      2017:    233310.000000           1           -8.4426   
      2018:    233340.000000           1           -8.4391   
      2019:    233370.000000           1           -8.4356   
      2020:    233400.000000           1           -8.4326   
      2021:    233430.000000           1           -8.4302   
      2022:    233460.000000           1           -8.4290   
      2023:    233490.000000           1           -8.4284   
      2024:    233520.000000           1           -8.4285   
      2025:    233550.000000           1           -8.4279   
      2026:    233580.000000           1           -8.4263   
      2027:    233610.000000           1           -8.4257   
      2028:    233640.000000           1           -8.4246   
      2029:    233670.000000           1           -8.4227   
      2030:    233700.000000           1           -8.4226   
      2031:    233730.000000           1           -8.4228   
      2032:    233760.000000           1           -8.4236   
      2033:    233790.000000           1           -8.4255   
      2034:    233820.000000           1           -8.4284   
      2035:    233850.000000           1           -8.4312   
      2036:    233880.000000           1           -8.4338   
      2037:    233910.000000           1           -8.4358   
      2038:    233940.000000           1           -8.4370   
      2039:    233970.000000           1           -8.4378   
      2040:    234000.000000           1           -8.4371   
      2041:    234030.000000           1           -8.4355   
      2042:    234060.000000           1           -8.4340   
      2043:    234090.000000           1           -8.4329   
      2044:    234120.000000           1           -8.4308   
      2045:    234150.000000           1           -8.4296   
      2046:    234180.000000           1           -8.4288   
      2047:    234210.000000           1           -8.4280   
      2048:    234240.000000           1           -8.4263   
      2049:    234270.000000           1           -8.4236   
      2050:    234300.000000           1           -8.4210   
      2051:    234330.000000           1           -8.4187   
      2052:    234360.000000           1           -8.4161   
      2053:    234390.000000           1           -8.4129   
      2054:    234420.000000           1           -8.4099   
      2055:    234450.000000           1           -8.4077   
      2056:    234480.000000           1           -8.4055   
      2057:    234510.000000           1           -8.4025   
      2058:    234540.000000           1           -8.4004   
      2059:    234570.000000           1           -8.3976   
      2060:    234600.000000           1           -8.3952   
      2061:    234630.000000           1           -8.3918   
      2062:    234660.000000           1           -8.3869   
      2063:    234690.000000           1           -8.3822   
      2064:    234720.000000           1           -8.3785   
      2065:    234750.000000           1           -8.3766   
      2066:    234780.000000           1           -8.3744   
      2067:    234810.000000           1           -8.3704   
      2068:    234840.000000           1           -8.3666   
      2069:    234870.000000           1           -8.3630   
      2070:    234900.000000           1           -8.3588   
      2161:    237630.000000           1           -9.8138   
      2162:    237660.000000           1           -9.9212   
      2163:    237690.000000           1           -9.9581   
      2164:    237720.000000           1           -9.9214   
      2165:    237750.000000           1           -9.8888   
      2166:    237780.000000           1           -9.8710   
      2167:    237810.000000           1           -9.8945   
      2168:    237840.000000           1           -9.9145   
      2169:    237870.000000           1           -9.8883   
      2170:    237900.000000           1           -9.8541   
      2171:    237930.000000           1           -9.8373   
      2172:    237960.000000           1           -9.8257   
      2173:    237990.000000           1           -9.8049   
      2174:    238020.000000           1           -9.7838   
      2175:    238050.000000           1           -9.7738   
      2176:    238080.000000           1           -9.7689   
      2177:    238110.000000           1           -9.7644   
      2178:    238140.000000           1           -9.7604   
      2179:    238170.000000           1           -9.7568   
      2180:    238200.000000           1           -9.7445   
      2181:    238230.000000           1           -9.7282   
      2182:    238260.000000           1           -9.7141   
      2183:    238290.000000           1           -9.7058   
      2184:    238320.000000           1           -9.6976   
      2185:    238350.000000           1           -9.6884   
      2186:    238380.000000           1           -9.6837   
      2187:    238410.000000           1           -9.6793   
      2188:    238440.000000           1           -9.6748   
      2189:    238470.000000           1           -9.6667   
      2190:    238500.000000           1           -9.6575   
      2191:    238530.000000           1           -9.6491   
      2192:    238560.000000           1           -9.6422   
      2193:    238590.000000           1           -9.6351   
      2194:    238620.000000           1           -9.6306   
      2195:    238650.000000           1           -9.6271   
      2196:    238680.000000           1           -9.6212   
      2197:    238710.000000           1           -9.6178   
      2198:    238740.000000           1           -9.6183   
      2199:    238770.000000           1           -9.6152   
      2200:    238800.000000           1           -9.6119   
      2201:    238830.000000           1           -9.6091   
      2202:    238860.000000           1           -9.6085   
      2203:    238890.000000           1           -9.6078   
      2204:    238920.000000           1           -9.6032   
      2205:    238950.000000           1           -9.5968   
      2206:    238980.000000           1           -9.5940   
      2207:    239010.000000           1           -9.5913   
      2208:    239040.000000           1           -9.5865   
      2209:    239070.000000           1           -9.5827   
      2210:    239100.000000           1           -9.5850   
      2211:    239130.000000           1           -9.5830   
      2212:    239160.000000           1           -9.5810   
      2213:    239190.000000           1           -9.5800   
      2214:    239220.000000           1           -9.5803   
      2215:    239250.000000           1           -9.5797   
      2216:    239280.000000           1           -9.5788   
      2217:    239310.000000           1           -9.5765   
      2218:    239340.000000           1           -9.5772   
      2219:    239370.000000           1           -9.5764   
      2220:    239400.000000           1           -9.5726   
      2221:    239430.000000           1           -9.5702   
      2222:    239460.000000           1           -9.5707   
      2223:    239490.000000           1           -9.5712   
      2224:    239520.000000           1           -9.5703   
      2225:    239550.000000           1           -9.5662   
      2226:    239580.000000           1           -9.5651   
      2227:    239610.000000           1           -9.5639   
      2228:    239640.000000           1           -9.5627   
      2229:    239670.000000           1           -9.5617   
      2230:    239700.000000           1           -9.5604   
      2231:    239730.000000           1           -9.5568   
      2232:    239760.000000           1           -9.5527   
      2233:    239790.000000           1           -9.5481   
      2234:    239820.000000           1           -9.5453   
      2235:    239850.000000           1           -9.5423   
      2236:    239880.000000           1           -9.5377   
      2237:    239910.000000           1           -9.5351   
      2238:    239940.000000           1           -9.5345   
      2239:    239970.000000           1           -9.5346   
