      1913:    230190.000000           1           50.7035   
      1914:    230220.000000           1           50.7155   
      1915:    230250.000000           1           50.7196   
      1916:    230280.000000           1           50.7578   
      1917:    230310.000000           1           50.7255   
      1918:    230340.000000           1           50.7301   
      1919:    230370.000000           1           50.7509   
      1920:    230400.000000           1           50.7382   
      1921:    230430.000000           1           50.7208   
      1922:    230460.000000           1           50.6948   
      1923:    230490.000000           1           50.6937   
      1924:    230520.000000           1           50.6705   
      1925:    230550.000000           1           50.6545   
      1926:    230580.000000           1           50.6355   
      1927:    230610.000000           1           50.6155   
      1928:    230640.000000           1           50.6195   
      1929:    230670.000000           1           50.6255   
      1930:    230700.000000           1           50.6287   
      1931:    230730.000000           1           50.6284   
      1932:    230760.000000           1           50.6164   
      1933:    230790.000000           1           50.6083   
      1934:    230820.000000           1           50.5973   
      1935:    230850.000000           1           50.5969   
      1936:    230880.000000           1           50.6188   
      1937:    230910.000000           1           50.6319   
      1938:    230940.000000           1           50.6394   
      1939:    230970.000000           1           50.6540   
      1940:    231000.000000           1           50.6573   
      1941:    231030.000000           1           50.6591   
      1942:    231060.000000           1           50.6625   
      1943:    231090.000000           1           50.6584   
      1944:    231120.000000           1           50.6570   
      1945:    231150.000000           1           50.6473   
      1946:    231180.000000           1           50.6355   
      1947:    231210.000000           1           50.6197   
      1948:    231240.000000           1           50.6151   
      1949:    231270.000000           1           50.6163   
      1950:    231300.000000           1           50.6203   
      1951:    231330.000000           1           50.6318   
      1952:    231360.000000           1           50.6410   
      1953:    231390.000000           1           50.6490   
      1954:    231420.000000           1           50.6464   
      1955:    231450.000000           1           50.6424   
      1956:    231480.000000           1           50.6410   
      1957:    231510.000000           1           50.6391   
      1958:    231540.000000           1           50.6379   
      1959:    231570.000000           1           50.6343   
      1960:    231600.000000           1           50.6377   
      1961:    231630.000000           1           50.6467   
      1962:    231660.000000           1           50.6588   
      1963:    231690.000000           1           50.6687   
      1964:    231720.000000           1           50.6744   
      1965:    231750.000000           1           50.6792   
      1966:    231780.000000           1           50.6897   
      1967:    231810.000000           1           50.7048   
      1968:    231840.000000           1           50.7205   
      1969:    231870.000000           1           50.7362   
      1970:    231900.000000           1           50.7509   
      1971:    231930.000000           1           50.7652   
      1972:    231960.000000           1           50.7763   
      1973:    231990.000000           1           50.7883   
      1974:    232020.000000           1           50.8016   
      1975:    232050.000000           1           50.8130   
      1976:    232080.000000           1           50.8219   
      1977:    232110.000000           1           50.8293   
      1978:    232140.000000           1           50.8332   
      1979:    232170.000000           1           50.8392   
      1980:    232200.000000           1           50.8395   
      1981:    232230.000000           1           50.8437   
      1982:    232260.000000           1           50.8522   
      1983:    232290.000000           1           50.8619   
      1984:    232320.000000           1           50.8713   
      1985:    232350.000000           1           50.8821   
      1986:    232380.000000           1           50.8908   
      1987:    232410.000000           1           50.8968   
      1988:    232440.000000           1           50.9044   
      1989:    232470.000000           1           50.9101   
      1990:    232500.000000           1           50.9140   
      1991:    232530.000000           1           50.9153   
      1992:    232560.000000           1           50.9151   
      1993:    232590.000000           1           50.9188   
      1994:    232620.000000           1           50.9257   
      1995:    232650.000000           1           50.9388   
      1996:    232680.000000           1           50.9527   
      1997:    232710.000000           1           50.9642   
      1998:    232740.000000           1           50.9741   
      1999:    232770.000000           1           50.9851   
      2000:    232800.000000           1           50.9962   
      2001:    232830.000000           1           51.0017   
      2002:    232860.000000           1           51.0094   
      2003:    232890.000000           1           51.0135   
      2004:    232920.000000           1           51.0170   
      2005:    232950.000000           1           51.0218   
      2006:    232980.000000           1           51.0279   
      2007:    233010.000000           1           51.0382   
      2008:    233040.000000           1           51.0490   
      2009:    233070.000000           1           51.0626   
      2010:    233100.000000           1           51.0712   
      2011:    233130.000000           1           51.0757   
      2012:    233160.000000           1           51.0847   
      2013:    233190.000000           1           51.0932   
      2014:    233220.000000           1           51.1011   
      2015:    233250.000000           1           51.1101   
      2016:    233280.000000           1           51.1165   
      2017:    233310.000000           1           51.1247   
      2018:    233340.000000           1           51.1334   
      2019:    233370.000000           1           51.1392   
      2020:    233400.000000           1           51.1464   
      2021:    233430.000000           1           51.1505   
      2022:    233460.000000           1           51.1571   
      2023:    233490.000000           1           51.1623   
      2024:    233520.000000           1           51.1668   
      2025:    233550.000000           1           51.1686   
      2026:    233580.000000           1           51.1725   
      2027:    233610.000000           1           51.1786   
      2028:    233640.000000           1           51.1875   
      2029:    233670.000000           1           51.1943   
      2030:    233700.000000           1           51.2013   
      2031:    233730.000000           1           51.2071   
      2032:    233760.000000           1           51.2153   
      2033:    233790.000000           1           51.2228   
      2034:    233820.000000           1           51.2332   
      2035:    233850.000000           1           51.2437   
      2036:    233880.000000           1           51.2530   
      2037:    233910.000000           1           51.2632   
      2038:    233940.000000           1           51.2706   
      2039:    233970.000000           1           51.2777   
      2040:    234000.000000           1           51.2827   
      2041:    234030.000000           1           51.2845   
      2042:    234060.000000           1           51.2851   
      2043:    234090.000000           1           51.2842   
      2044:    234120.000000           1           51.2839   
      2045:    234150.000000           1           51.2837   
      2046:    234180.000000           1           51.2846   
      2047:    234210.000000           1           51.2891   
      2048:    234240.000000           1           51.2944   
      2049:    234270.000000           1           51.3007   
      2050:    234300.000000           1           51.3069   
      2051:    234330.000000           1           51.3152   
      2052:    234360.000000           1           51.3230   
      2053:    234390.000000           1           51.3318   
      2054:    234420.000000           1           51.3398   
      2055:    234450.000000           1           51.3450   
      2056:    234480.000000           1           51.3497   
      2057:    234510.000000           1           51.3537   
      2058:    234540.000000           1           51.3589   
      2059:    234570.000000           1           51.3637   
      2060:    234600.000000           1           51.3670   
      2061:    234630.000000           1           51.3739   
      2062:    234660.000000           1           51.3802   
      2063:    234690.000000           1           51.3844   
      2064:    234720.000000           1           51.3857   
      2065:    234750.000000           1           51.3867   
      2066:    234780.000000           1           51.3876   
      2067:    234810.000000           1           51.3868   
      2068:    234840.000000           1           51.3877   
      2069:    234870.000000           1           51.3892   
      2070:    234900.000000           1           51.3899   
      2071:    234930.000000           1           51.3906   
      2072:    234960.000000           1           51.3923   
      2073:    234990.000000           1           51.3941   
      2074:    235020.000000           1           51.3970   
      2075:    235050.000000           1           51.3984   
      2076:    235080.000000           1           51.3975   
      2077:    235110.000000           1           51.3961   
      2078:    235140.000000           1           51.3962   
      2079:    235170.000000           1           51.3957   
      2080:    235200.000000           1           51.3990   
      2081:    235230.000000           1           51.4030   
      2082:    235260.000000           1           51.4073   
      2083:    235290.000000           1           51.4114   
      2084:    235320.000000           1           51.4145   
      2085:    235350.000000           1           51.4169   
      2086:    235380.000000           1           51.4186   
      2087:    235410.000000           1           51.4205   
      2088:    235440.000000           1           51.4206   
      2089:    235470.000000           1           51.4204   
      2090:    235500.000000           1           51.4199   
      2091:    235530.000000           1           51.4202   
      2092:    235560.000000           1           51.4199   
      2093:    235590.000000           1           51.4195   
      2094:    235620.000000           1           51.4190   
      2095:    235650.000000           1           51.4165   
      2096:    235680.000000           1           51.4140   
      2097:    235710.000000           1           51.4119   
      2098:    235740.000000           1           51.4103   
      2099:    235770.000000           1           51.4084   
      2100:    235800.000000           1           51.4042   
      2101:    235830.000000           1           51.4003   
      2102:    235860.000000           1           51.3959   
      2103:    235890.000000           1           51.3925   
      2104:    235920.000000           1           51.3891   
      2105:    235950.000000           1           51.3874   
      2106:    235980.000000           1           51.3856   
      2107:    236010.000000           1           51.3848   
      2108:    236040.000000           1           51.3860   
      2109:    236070.000000           1           51.3879   
      2110:    236100.000000           1           51.3892   
      2111:    236130.000000           1           51.3908   
      2112:    236160.000000           1           51.3935   
      2113:    236190.000000           1           51.3953   
      2114:    236220.000000           1           51.3966   
      2115:    236250.000000           1           51.3971   
      2116:    236280.000000           1           51.3988   
      2117:    236310.000000           1           51.3998   
      2118:    236340.000000           1           51.4003   
      2119:    236370.000000           1           51.3997   
      2120:    236400.000000           1           51.4000   
      2121:    236430.000000           1           51.4004   
      2122:    236460.000000           1           51.4006   
      2123:    236490.000000           1           51.4009   
      2124:    236520.000000           1           51.4020   
      2125:    236550.000000           1           51.4025   
      2126:    236580.000000           1           51.4022   
      2127:    236610.000000           1           51.4028   
      2128:    236640.000000           1           51.4041   
      2129:    236670.000000           1           51.4055   
      2130:    236700.000000           1           51.4065   
      2131:    236730.000000           1           51.4064   
      2132:    236760.000000           1           51.4060   
      2133:    236790.000000           1           51.4047   
      2134:    236820.000000           1           51.4034   
      2135:    236850.000000           1           51.4027   
      2136:    236880.000000           1           51.4025   
      2137:    236910.000000           1           51.4023   
      2138:    236940.000000           1           51.4026   
      2139:    236970.000000           1           51.4026   
      2140:    237000.000000           1           51.4024   
      2141:    237030.000000           1           51.4027   
      2142:    237060.000000           1           51.4030   
      2143:    237090.000000           1           51.4041   
      2144:    237120.000000           1           51.4049   
      2145:    237150.000000           1           51.4057   
      2146:    237180.000000           1           51.4063   
      2147:    237210.000000           1           51.4075   
      2148:    237240.000000           1           51.4083   
      2149:    237270.000000           1           51.4096   
      2150:    237300.000000           1           51.4123   
      2151:    237330.000000           1           51.4149   
      2152:    237360.000000           1           51.4169   
      2153:    237390.000000           1           51.4191   
      2154:    237420.000000           1           51.4212   
      2155:    237450.000000           1           51.4219   
      2156:    237480.000000           1           51.4211   
      2157:    237510.000000           1           51.4197   
      2158:    237540.000000           1           51.4178   
      2159:    237570.000000           1           51.4163   
      2160:    237600.000000           1           51.4142   
      2161:    237630.000000           1           51.4111   
      2162:    237660.000000           1           51.4089   
      2163:    237690.000000           1           51.4064   
      2164:    237720.000000           1           51.4042   
      2165:    237750.000000           1           51.4039   
      2166:    237780.000000           1           51.4047   
      2167:    237810.000000           1           51.4049   
      2168:    237840.000000           1           51.4060   
      2169:    237870.000000           1           51.4074   
      2170:    237900.000000           1           51.4084   
      2171:    237930.000000           1           51.4089   
      2172:    237960.000000           1           51.4094   
      2173:    237990.000000           1           51.4104   
      2174:    238020.000000           1           51.4109   
      2175:    238050.000000           1           51.4113   
      2176:    238080.000000           1           51.4113   
      2177:    238110.000000           1           51.4117   
      2178:    238140.000000           1           51.4120   
      2179:    238170.000000           1           51.4115   
      2180:    238200.000000           1           51.4102   
      2181:    238230.000000           1           51.4094   
      2182:    238260.000000           1           51.4082   
      2183:    238290.000000           1           51.4073   
      2184:    238320.000000           1           51.4074   
      2185:    238350.000000           1           51.4073   
      2186:    238380.000000           1           51.4063   
      2187:    238410.000000           1           51.4059   
      2188:    238440.000000           1           51.4067   
      2189:    238470.000000           1           51.4084   
      2190:    238500.000000           1           51.4101   
      2191:    238530.000000           1           51.4119   
      2192:    238560.000000           1           51.4127   
      2193:    238590.000000           1           51.4131   
      2194:    238620.000000           1           51.4122   
      2195:    238650.000000           1           51.4115   
      2196:    238680.000000           1           51.4101   
      2197:    238710.000000           1           51.4081   
      2198:    238740.000000           1           51.4064   
      2199:    238770.000000           1           51.4047   
      2200:    238800.000000           1           51.4038   
      2201:    238830.000000           1           51.4036   
      2202:    238860.000000           1           51.4037   
      2203:    238890.000000           1           51.4045   
      2204:    238920.000000           1           51.4056   
      2205:    238950.000000           1           51.4059   
      2206:    238980.000000           1           51.4057   
      2207:    239010.000000           1           51.4059   
      2208:    239040.000000           1           51.4067   
      2209:    239070.000000           1           51.4076   
      2210:    239100.000000           1           51.4076   
      2211:    239130.000000           1           51.4071   
      2212:    239160.000000           1           51.4061   
      2213:    239190.000000           1           51.4053   
      2214:    239220.000000           1           51.4042   
      2215:    239250.000000           1           51.4032   
      2216:    239280.000000           1           51.4022   
      2217:    239310.000000           1           51.4009   
      2218:    239340.000000           1           51.3995   
      2219:    239370.000000           1           51.3998   
      2220:    239400.000000           1           51.4001   
      2221:    239430.000000           1           51.3997   
      2222:    239460.000000           1           51.3985   
      2223:    239490.000000           1           51.3973   
      2224:    239520.000000           1           51.3964   
      2225:    239550.000000           1           51.3962   
      2226:    239580.000000           1           51.3954   
      2227:    239610.000000           1           51.3944   
      2228:    239640.000000           1           51.3936   
      2229:    239670.000000           1           51.3934   
      2230:    239700.000000           1           51.3936   
      2231:    239730.000000           1           51.3947   
      2232:    239760.000000           1           51.3966   
      2233:    239790.000000           1           51.3984   
      2234:    239820.000000           1           51.3991   
      2235:    239850.000000           1           51.3996   
      2236:    239880.000000           1           51.4005   
      2237:    239910.000000           1           51.4004   
      2238:    239940.000000           1           51.3994   
      2239:    239970.000000           1           51.3974   
      2240:    240000.000000           1           51.3955   
      2241:    240030.000000           1           51.3929   
      2242:    240060.000000           1           51.3905   
      2243:    240090.000000           1           51.3888   
      2244:    240120.000000           1           51.3875   
      2245:    240150.000000           1           51.3873   
      2246:    240180.000000           1           51.3884   
      2247:    240210.000000           1           51.3901   
      2248:    240240.000000           1           51.3916   
      2249:    240270.000000           1           51.3924   
      2250:    240300.000000           1           51.3921   
      2251:    240330.000000           1           51.3905   
      2252:    240360.000000           1           51.3903   
      2253:    240390.000000           1           51.3912   
      2254:    240420.000000           1           51.3910   
      2255:    240450.000000           1           51.3879   
      2256:    240480.000000           1           51.3842   
      2257:    240510.000000           1           51.3821   
      2258:    240540.000000           1           51.3830   
      2259:    240570.000000           1           51.3859   
      2260:    240600.000000           1           51.3882   
      2261:    240630.000000           1           51.3878   
      2262:    240660.000000           1           51.3863   
      2263:    240690.000000           1           51.3859   
      2264:    240720.000000           1           51.3861   
      2265:    240750.000000           1           51.3868   
      2266:    240780.000000           1           51.3864   
      2267:    240810.000000           1           51.3845   
      2268:    240840.000000           1           51.3826   
      2269:    240870.000000           1           51.3803   
      2270:    240900.000000           1           51.3781   
      2271:    240930.000000           1           51.3759   
      2272:    240960.000000           1           51.3739   
      2273:    240990.000000           1           51.3719   
      2274:    241020.000000           1           51.3688   
      2275:    241050.000000           1           51.3675   
      2276:    241080.000000           1           51.3689   
      2277:    241110.000000           1           51.3712   
      2278:    241140.000000           1           51.3721   
      2279:    241170.000000           1           51.3715   
      2280:    241200.000000           1           51.3703   
      2281:    241230.000000           1           51.3691   
      2282:    241260.000000           1           51.3696   
      2283:    241290.000000           1           51.3724   
      2284:    241320.000000           1           51.3757   
      2285:    241350.000000           1           51.3786   
      2286:    241380.000000           1           51.3812   
      2287:    241410.000000           1           51.3808   
      2288:    241440.000000           1           51.3803   
      2289:    241470.000000           1           51.3807   
      2290:    241500.000000           1           51.3816   
      2291:    241530.000000           1           51.3820   
      2292:    241560.000000           1           51.3820   
      2293:    241590.000000           1           51.3818   
      2294:    241620.000000           1           51.3809   
      2295:    241650.000000           1           51.3803   
      2296:    241680.000000           1           51.3804   
      2297:    241710.000000           1           51.3809   
      2298:    241740.000000           1           51.3812   
      2299:    241770.000000           1           51.3805   
      2300:    241800.000000           1           51.3787   
      2301:    241830.000000           1           51.3761   
      2302:    241860.000000           1           51.3745   
      2303:    241890.000000           1           51.3734   
      2304:    241920.000000           1           51.3731   
      2305:    241950.000000           1           51.3732   
      2306:    241980.000000           1           51.3726   
      2307:    242010.000000           1           51.3721   
      2308:    242040.000000           1           51.3711   
      2309:    242070.000000           1           51.3696   
      2310:    242100.000000           1           51.3685   
      2311:    242130.000000           1           51.3678   
      2312:    242160.000000           1           51.3670   
      2313:    242190.000000           1           51.3653   
      2314:    242220.000000           1           51.3633   
      2315:    242250.000000           1           51.3607   
      2316:    242280.000000           1           51.3581   
      2317:    242310.000000           1           51.3548   
      2318:    242340.000000           1           51.3523   
      2319:    242370.000000           1           51.3510   
      2320:    242400.000000           1           51.3500   
      2321:    242430.000000           1           51.3491   
      2322:    242460.000000           1           51.3487   
      2323:    242490.000000           1           51.3472   
      2324:    242520.000000           1           51.3460   
      2325:    242550.000000           1           51.3449   
      2326:    242580.000000           1           51.3430   
      2327:    242610.000000           1           51.3414   
      2328:    242640.000000           1           51.3407   
      2329:    242670.000000           1           51.3398   
      2330:    242700.000000           1           51.3389   
      2331:    242730.000000           1           51.3376   
      2332:    242760.000000           1           51.3364   
      2333:    242790.000000           1           51.3347   
      2334:    242820.000000           1           51.3331   
      2335:    242850.000000           1           51.3310   
      2336:    242880.000000           1           51.3286   
      2337:    242910.000000           1           51.3263   
      2338:    242940.000000           1           51.3238   
      2339:    242970.000000           1           51.3212   
      2340:    243000.000000           1           51.3184   
      2341:    243030.000000           1           51.3157   
      2342:    243060.000000           1           51.3132   
      2343:    243090.000000           1           51.3113   
      2344:    243120.000000           1           51.3097   
      2345:    243150.000000           1           51.3079   
      2346:    243180.000000           1           51.3057   
      2347:    243210.000000           1           51.3044   
      2348:    243240.000000           1           51.3027   
      2349:    243270.000000           1           51.3003   
      2350:    243300.000000           1           51.2977   
      2351:    243330.000000           1           51.2946   
      2352:    243360.000000           1           51.2910   
      2353:    243390.000000           1           51.2880   
      2354:    243420.000000           1           51.2864   
      2355:    243450.000000           1           51.2853   
      2356:    243480.000000           1           51.2841   
      2357:    243510.000000           1           51.2826   
      2358:    243540.000000           1           51.2807   
      2359:    243570.000000           1           51.2788   
      2360:    243600.000000           1           51.2769   
      2361:    243630.000000           1           51.2755   
      2362:    243660.000000           1           51.2740   
      2363:    243690.000000           1           51.2727   
      2364:    243720.000000           1           51.2717   
      2365:    243750.000000           1           51.2703   
      2366:    243780.000000           1           51.2684   
      2367:    243810.000000           1           51.2671   
      2368:    243840.000000           1           51.2659   
      2369:    243870.000000           1           51.2645   
      2370:    243900.000000           1           51.2634   
      2371:    243930.000000           1           51.2626   
      2372:    243960.000000           1           51.2622   
      2373:    243990.000000           1           51.2612   
      2374:    244020.000000           1           51.2593   
      2375:    244050.000000           1           51.2571   
      2376:    244080.000000           1           51.2551   
      2377:    244110.000000           1           51.2532   
      2378:    244140.000000           1           51.2517   
      2379:    244170.000000           1           51.2493   
      2380:    244200.000000           1           51.2460   
      2381:    244230.000000           1           51.2432   
      2382:    244260.000000           1           51.2408   
      2383:    244290.000000           1           51.2390   
      2384:    244320.000000           1           51.2376   
      2385:    244350.000000           1           51.2365   
      2386:    244380.000000           1           51.2351   
      2387:    244410.000000           1           51.2338   
      2388:    244440.000000           1           51.2324   
      2389:    244470.000000           1           51.2302   
      2390:    244500.000000           1           51.2284   
      2391:    244530.000000           1           51.2259   
      2392:    244560.000000           1           51.2231   
      2393:    244590.000000           1           51.2208   
      2394:    244620.000000           1           51.2199   
      2395:    244650.000000           1           51.2199   
      2396:    244680.000000           1           51.2201   
      2397:    244710.000000           1           51.2201   
      2398:    244740.000000           1           51.2198   
      2399:    244770.000000           1           51.2196   
      2400:    244800.000000           1           51.2191   
      2401:    244830.000000           1           51.2179   
      2402:    244860.000000           1           51.2160   
      2403:    244890.000000           1           51.2129   
      2404:    244920.000000           1           51.2095   
      2405:    244950.000000           1           51.2069   
      2406:    244980.000000           1           51.2050   
      2407:    245010.000000           1           51.2033   
      2408:    245040.000000           1           51.2024   
      2409:    245070.000000           1           51.2015   
      2410:    245100.000000           1           51.2009   
      2411:    245130.000000           1           51.2008   
      2412:    245160.000000           1           51.2009   
      2413:    245190.000000           1           51.2013   
      2414:    245220.000000           1           51.2015   
      2415:    245250.000000           1           51.2010   
      2416:    245280.000000           1           51.2001   
      2417:    245310.000000           1           51.1987   
      2418:    245340.000000           1           51.1967   
      2419:    245370.000000           1           51.1950   
      2420:    245400.000000           1           51.1938   
      2421:    245430.000000           1           51.1915   
      2422:    245460.000000           1           51.1895   
      2423:    245490.000000           1           51.1875   
      2424:    245520.000000           1           51.1850   
      2425:    245550.000000           1           51.1823   
      2426:    245580.000000           1           51.1792   
      2427:    245610.000000           1           51.1764   
      2428:    245640.000000           1           51.1752   
      2429:    245670.000000           1           51.1751   
      2430:    245700.000000           1           51.1745   
      2431:    245730.000000           1           51.1741   
      2432:    245760.000000           1           51.1740   
      2433:    245790.000000           1           51.1737   
      2434:    245820.000000           1           51.1733   
      2435:    245850.000000           1           51.1729   
      2436:    245880.000000           1           51.1725   
      2437:    245910.000000           1           51.1717   
      2438:    245940.000000           1           51.1702   
      2439:    245970.000000           1           51.1687   
      2440:    246000.000000           1           51.1674   
      2441:    246030.000000           1           51.1659   
      2442:    246060.000000           1           51.1649   
      2443:    246090.000000           1           51.1645   
      2444:    246120.000000           1           51.1642   
      2445:    246150.000000           1           51.1633   
      2446:    246180.000000           1           51.1621   
      2447:    246210.000000           1           51.1600   
      2448:    246240.000000           1           51.1576   
      2449:    246270.000000           1           51.1554   
      2450:    246300.000000           1           51.1527   
      2451:    246330.000000           1           51.1503   
      2452:    246360.000000           1           51.1477   
      2453:    246390.000000           1           51.1451   
      2454:    246420.000000           1           51.1435   
      2455:    246450.000000           1           51.1421   
      2456:    246480.000000           1           51.1411   
      2457:    246510.000000           1           51.1399   
      2458:    246540.000000           1           51.1386   
      2459:    246570.000000           1           51.1359   
      2460:    246600.000000           1           51.1329   
      2461:    246630.000000           1           51.1314   
      2462:    246660.000000           1           51.1302   
      2463:    246690.000000           1           51.1291   
      2464:    246720.000000           1           51.1279   
      2465:    246750.000000           1           51.1284   
      2466:    246780.000000           1           51.1298   
      2467:    246810.000000           1           51.1306   
      2468:    246840.000000           1           51.1312   
      2469:    246870.000000           1           51.1308   
      2470:    246900.000000           1           51.1299   
      2471:    246930.000000           1           51.1284   
      2472:    246960.000000           1           51.1266   
      2473:    246990.000000           1           51.1248   
      2474:    247020.000000           1           51.1239   
      2475:    247050.000000           1           51.1227   
      2476:    247080.000000           1           51.1206   
      2477:    247110.000000           1           51.1168   
      2478:    247140.000000           1           51.1143   
      2479:    247170.000000           1           51.1128   
      2480:    247200.000000           1           51.1114   
      2481:    247230.000000           1           51.1100   
      2482:    247260.000000           1           51.1091   
      2483:    247290.000000           1           51.1075   
      2484:    247320.000000           1           51.1058   
      2485:    247350.000000           1           51.1045   
      2486:    247380.000000           1           51.1038   
      2487:    247410.000000           1           51.1029   
      2488:    247440.000000           1           51.1031   
      2489:    247470.000000           1           51.1037   
      2490:    247500.000000           1           51.1032   
      2491:    247530.000000           1           51.1027   
      2492:    247560.000000           1           51.1029   
      2493:    247590.000000           1           51.1026   
      2494:    247620.000000           1           51.1012   
      2495:    247650.000000           1           51.1002   
      2496:    247680.000000           1           51.0991   
      2497:    247710.000000           1           51.0983   
      2498:    247740.000000           1           51.0975   
      2499:    247770.000000           1           51.0958   
      2500:    247800.000000           1           51.0937   
      2501:    247830.000000           1           51.0916   
      2502:    247860.000000           1           51.0895   
      2503:    247890.000000           1           51.0874   
      2504:    247920.000000           1           51.0860   
      2505:    247950.000000           1           51.0861   
      2506:    247980.000000           1           51.0857   
      2507:    248010.000000           1           51.0846   
      2508:    248040.000000           1           51.0832   
      2509:    248070.000000           1           51.0811   
      2510:    248100.000000           1           51.0794   
      2511:    248130.000000           1           51.0784   
      2512:    248160.000000           1           51.0784   
      2513:    248190.000000           1           51.0789   
      2514:    248220.000000           1           51.0792   
      2515:    248250.000000           1           51.0798   
      2516:    248280.000000           1           51.0798   
      2517:    248310.000000           1           51.0792   
      2518:    248340.000000           1           51.0786   
      2519:    248370.000000           1           51.0774   
      2520:    248400.000000           1           51.0758   
      2521:    248430.000000           1           51.0745   
      2522:    248460.000000           1           51.0728   
      2523:    248490.000000           1           51.0705   
      2524:    248520.000000           1           51.0684   
      2525:    248550.000000           1           51.0670   
      2526:    248580.000000           1           51.0662   
      2527:    248610.000000           1           51.0654   
      2528:    248640.000000           1           51.0638   
      2529:    248670.000000           1           51.0621   
      2530:    248700.000000           1           51.0611   
      2531:    248730.000000           1           51.0605   
      2532:    248760.000000           1           51.0598   
      2533:    248790.000000           1           51.0589   
      2534:    248820.000000           1           51.0585   
      2535:    248850.000000           1           51.0578   
      2536:    248880.000000           1           51.0563   
      2537:    248910.000000           1           51.0546   
      2538:    248940.000000           1           51.0528   
      2539:    248970.000000           1           51.0516   
      2540:    249000.000000           1           51.0510   
      2541:    249030.000000           1           51.0501   
      2542:    249060.000000           1           51.0494   
      2543:    249090.000000           1           51.0495   
      2544:    249120.000000           1           51.0500   
      2545:    249150.000000           1           51.0501   
      2546:    249180.000000           1           51.0504   
      2547:    249210.000000           1           51.0506   
      2548:    249240.000000           1           51.0496   
      2549:    249270.000000           1           51.0487   
      2550:    249300.000000           1           51.0477   
      2551:    249330.000000           1           51.0460   
      2552:    249360.000000           1           51.0448   
      2553:    249390.000000           1           51.0445   
      2554:    249420.000000           1           51.0446   
      2555:    249450.000000           1           51.0449   
      2556:    249480.000000           1           51.0453   
      2557:    249510.000000           1           51.0454   
      2558:    249540.000000           1           51.0447   
