         0:    172800.000000           1          -29.8252   
         1:    172830.000000           1          -53.5597   
         2:    172860.000000           1          -41.0522   
         3:    172890.000000           1          -36.3503   
         4:    172920.000000           1          -34.2974   
         5:    172950.000000           1          -32.6414   
         6:    172980.000000           1          -32.3227   
         7:    173010.000000           1          -32.0041   
         8:    173040.000000           1          -31.3588   
         9:    173070.000000           1          -30.4604   
        10:    173100.000000           1          -30.3217   
        11:    173130.000000           1          -30.5589   
        12:    173160.000000           1          -30.6805   
        13:    173190.000000           1          -30.5294   
        14:    173220.000000           1          -30.5078   
        15:    173250.000000           1          -30.6504   
        16:    173280.000000           1          -30.7949   
        17:    173310.000000           1          -31.0380   
        18:    173340.000000           1          -31.0346   
        19:    173370.000000           1          -30.9794   
        20:    173400.000000           1          -30.8782   
        21:    173430.000000           1          -30.7541   
        22:    173460.000000           1          -30.7246   
        23:    173490.000000           1          -30.6522   
        24:    173520.000000           1          -30.5969   
        25:    173550.000000           1          -30.6445   
        26:    173580.000000           1          -30.7184   
        27:    173610.000000           1          -30.7366   
        28:    173640.000000           1          -30.7511   
        29:    173670.000000           1          -30.7555   
        30:    173700.000000           1          -30.7751   
        31:    173730.000000           1          -30.8209   
        32:    173760.000000           1          -30.8688   
        33:    173790.000000           1          -30.8683   
        34:    173820.000000           1          -30.8234   
        35:    173850.000000           1          -30.7647   
        36:    173880.000000           1          -30.7567   
        37:    173910.000000           1          -30.8084   
        38:    173940.000000           1          -30.8762   
        39:    173970.000000           1          -30.9753   
        40:    174000.000000           1          -31.0885   
        41:    174030.000000           1          -31.1240   
        42:    174060.000000           1          -31.1058   
        43:    174090.000000           1          -31.0803   
        44:    174120.000000           1          -31.1114   
        45:    174150.000000           1          -31.1769   
        46:    174180.000000           1          -31.2791   
        47:    174210.000000           1          -31.3621   
        48:    174240.000000           1          -31.4127   
        49:    174270.000000           1          -31.4268   
        50:    174300.000000           1          -31.4534   
        51:    174330.000000           1          -31.4644   
        52:    174360.000000           1          -31.4618   
        53:    174390.000000           1          -31.4707   
        54:    174420.000000           1          -31.4997   
        55:    174450.000000           1          -31.5307   
        56:    174480.000000           1          -31.5941   
        57:    174510.000000           1          -31.6406   
        58:    174540.000000           1          -31.6708   
        59:    174570.000000           1          -31.6845   
        60:    174600.000000           1          -31.6758   
        61:    174630.000000           1          -31.7074   
        62:    174660.000000           1          -31.7126   
        63:    174690.000000           1          -31.7292   
        64:    174720.000000           1          -31.7678   
        65:    174750.000000           1          -31.7869   
        66:    174780.000000           1          -31.8273   
        67:    174810.000000           1          -31.8781   
        68:    174840.000000           1          -31.9116   
        69:    174870.000000           1          -31.9427   
        70:    174900.000000           1          -31.9673   
        71:    174930.000000           1          -31.9996   
        72:    174960.000000           1          -32.0279   
        73:    174990.000000           1          -32.0609   
        74:    175020.000000           1          -32.0869   
        75:    175050.000000           1          -32.1034   
        76:    175080.000000           1          -32.1135   
        77:    175110.000000           1          -32.1573   
        78:    175140.000000           1          -32.2040   
        79:    175170.000000           1          -32.2453   
        80:    175200.000000           1          -32.2701   
        81:    175230.000000           1          -32.2692   
        82:    175260.000000           1          -32.2585   
        83:    175290.000000           1          -32.2526   
        84:    175320.000000           1          -32.2441   
        85:    175350.000000           1          -32.2421   
        86:    175380.000000           1          -32.2541   
        87:    175410.000000           1          -32.2356   
        88:    175440.000000           1          -32.1964   
        89:    175470.000000           1          -32.1827   
        90:    175500.000000           1          -32.1560   
        91:    175530.000000           1          -32.1125   
        92:    175560.000000           1          -32.0706   
        93:    175590.000000           1          -32.0533   
        94:    175620.000000           1          -32.0836   
        95:    175650.000000           1          -32.1520   
        96:    175680.000000           1          -32.2087   
        97:    175710.000000           1          -32.2533   
        98:    175740.000000           1          -32.2748   
        99:    175770.000000           1          -32.2760   
       100:    175800.000000           1          -32.2666   
       101:    175830.000000           1          -32.2445   
       102:    175860.000000           1          -32.2096   
       103:    175890.000000           1          -32.1781   
       104:    175920.000000           1          -32.1541   
       105:    175950.000000           1          -32.1435   
       106:    175980.000000           1          -32.1678   
       107:    176010.000000           1          -32.2001   
       108:    176040.000000           1          -32.2386   
       109:    176070.000000           1          -32.2853   
       110:    176100.000000           1          -32.3258   
       111:    176130.000000           1          -32.3379   
       112:    176160.000000           1          -32.3371   
       113:    176190.000000           1          -32.3247   
       114:    176220.000000           1          -32.3134   
       115:    176250.000000           1          -32.3058   
       116:    176280.000000           1          -32.3093   
       117:    176310.000000           1          -32.3165   
       118:    176340.000000           1          -32.3344   
       119:    176370.000000           1          -32.3550   
       120:    176400.000000           1          -32.3824   
       121:    176430.000000           1          -32.4241   
       122:    176460.000000           1          -32.4605   
       123:    176490.000000           1          -32.4895   
       124:    176520.000000           1          -32.5222   
       125:    176550.000000           1          -32.5435   
       126:    176580.000000           1          -32.5523   
       127:    176610.000000           1          -32.5539   
       128:    176640.000000           1          -32.5624   
       129:    176670.000000           1          -32.5719   
       130:    176700.000000           1          -32.5923   
       131:    176730.000000           1          -32.6195   
       132:    176760.000000           1          -32.6452   
       133:    176790.000000           1          -32.6706   
       134:    176820.000000           1          -32.6892   
       135:    176850.000000           1          -32.7033   
       136:    176880.000000           1          -32.7195   
       137:    176910.000000           1          -32.7447   
       138:    176940.000000           1          -32.7700   
       139:    176970.000000           1          -32.7702   
       140:    177000.000000           1          -32.7596   
       141:    177030.000000           1          -32.7431   
       142:    177060.000000           1          -32.7137   
       143:    177090.000000           1          -32.6932   
       144:    177120.000000           1          -32.6761   
       145:    177150.000000           1          -32.6717   
       146:    177180.000000           1          -32.6748   
       147:    177210.000000           1          -32.6908   
       148:    177240.000000           1          -32.7147   
       149:    177270.000000           1          -32.7290   
       150:    177300.000000           1          -32.7325   
       151:    177330.000000           1          -32.7319   
       152:    177360.000000           1          -32.7255   
       153:    177390.000000           1          -32.7127   
       154:    177420.000000           1          -32.7040   
       155:    177450.000000           1          -32.6978   
       156:    177480.000000           1          -32.7124   
       157:    177510.000000           1          -32.7220   
       158:    177540.000000           1          -32.7182   
       159:    177570.000000           1          -32.7115   
       160:    177600.000000           1          -32.6976   
       161:    177630.000000           1          -32.6717   
       162:    177660.000000           1          -32.6521   
       163:    177690.000000           1          -32.6500   
       164:    177720.000000           1          -32.6498   
       165:    177750.000000           1          -32.6559   
       166:    177780.000000           1          -32.6609   
       167:    177810.000000           1          -32.6739   
       168:    177840.000000           1          -32.6853   
       169:    177870.000000           1          -32.6927   
       170:    177900.000000           1          -32.6998   
       171:    177930.000000           1          -32.6964   
       172:    177960.000000           1          -32.6978   
       173:    177990.000000           1          -32.6975   
       174:    178020.000000           1          -32.6921   
       175:    178050.000000           1          -32.6855   
       176:    178080.000000           1          -32.6836   
       177:    178110.000000           1          -32.6801   
       178:    178140.000000           1          -32.6770   
       179:    178170.000000           1          -32.6849   
       180:    178200.000000           1          -32.6920   
       181:    178230.000000           1          -32.7018   
       182:    178260.000000           1          -32.7175   
       183:    178290.000000           1          -32.7205   
       184:    178320.000000           1          -32.7148   
       185:    178350.000000           1          -32.7105   
       186:    178380.000000           1          -32.7073   
       187:    178410.000000           1          -32.6957   
       188:    178440.000000           1          -32.6841   
       189:    178470.000000           1          -32.6818   
       190:    178500.000000           1          -32.6942   
       191:    178530.000000           1          -32.7063   
       192:    178560.000000           1          -32.7192   
       193:    178590.000000           1          -32.7279   
       194:    178620.000000           1          -32.7318   
       195:    178650.000000           1          -32.7360   
       196:    178680.000000           1          -32.7349   
       197:    178710.000000           1          -32.7264   
       198:    178740.000000           1          -32.7211   
       199:    178770.000000           1          -32.7325   
       200:    178800.000000           1          -32.7444   
       201:    178830.000000           1          -32.7513   
       202:    178860.000000           1          -32.7618   
       203:    178890.000000           1          -32.7768   
       204:    178920.000000           1          -32.7898   
       205:    178950.000000           1          -32.8146   
       206:    178980.000000           1          -32.8432   
       207:    179010.000000           1          -32.8541   
       208:    179040.000000           1          -32.8577   
       209:    179070.000000           1          -32.8483   
       210:    179100.000000           1          -32.8292   
       211:    179130.000000           1          -32.8038   
       212:    179160.000000           1          -32.7718   
       213:    179190.000000           1          -32.7416   
       214:    179220.000000           1          -32.7143   
       215:    179250.000000           1          -32.6867   
       216:    179280.000000           1          -32.6582   
       217:    179310.000000           1          -32.6419   
       218:    179340.000000           1          -32.6310   
       219:    179370.000000           1          -32.6181   
       220:    179400.000000           1          -32.6013   
       221:    179430.000000           1          -32.5838   
       222:    179460.000000           1          -32.5728   
       223:    179490.000000           1          -32.5665   
       224:    179520.000000           1          -32.5851   
       225:    179550.000000           1          -32.6217   
       226:    179580.000000           1          -32.6639   
       227:    179610.000000           1          -32.7052   
       228:    179640.000000           1          -32.7418   
       229:    179670.000000           1          -32.7686   
       230:    179700.000000           1          -32.7789   
       231:    179730.000000           1          -32.7865   
       232:    179760.000000           1          -32.7963   
       233:    179790.000000           1          -32.8033   
       234:    179820.000000           1          -32.8016   
       235:    179850.000000           1          -32.7934   
       236:    179880.000000           1          -32.7827   
       237:    179910.000000           1          -32.7649   
       238:    179940.000000           1          -32.7515   
       239:    179970.000000           1          -32.7381   
       240:    180000.000000           1          -32.7271   
       241:    180030.000000           1          -32.7219   
       242:    180060.000000           1          -32.7223   
       243:    180090.000000           1          -32.7327   
       244:    180120.000000           1          -32.7394   
       245:    180150.000000           1          -32.7531   
       246:    180180.000000           1          -32.7675   
       247:    180210.000000           1          -32.7801   
       248:    180240.000000           1          -32.7981   
       249:    180270.000000           1          -32.8110   
       250:    180300.000000           1          -32.8284   
       251:    180330.000000           1          -32.8585   
       252:    180360.000000           1          -32.8987   
       253:    180390.000000           1          -32.9423   
       254:    180420.000000           1          -32.9817   
       255:    180450.000000           1          -33.0072   
       256:    180480.000000           1          -33.0213   
       257:    180510.000000           1          -33.0274   
       258:    180540.000000           1          -33.0293   
       259:    180570.000000           1          -33.0291   
       260:    180600.000000           1          -33.0358   
       261:    180630.000000           1          -33.0434   
       262:    180660.000000           1          -33.0495   
       263:    180690.000000           1          -33.0511   
       264:    180720.000000           1          -33.0467   
      2260:    240600.000000           1            9.0140   
      2261:    240630.000000           1            8.9864   
      2262:    240660.000000           1            8.9652   
      2263:    240690.000000           1            9.0463   
      2264:    240720.000000           1            9.1364   
      2265:    240750.000000           1            9.2045   
      2266:    240780.000000           1            9.2626   
      2267:    240810.000000           1            9.3169   
      2268:    240840.000000           1            9.3916   
      2269:    240870.000000           1            9.3880   
      2270:    240900.000000           1            9.3964   
      2271:    240930.000000           1            9.3899   
      2272:    240960.000000           1            9.3603   
      2273:    240990.000000           1            9.3295   
      2274:    241020.000000           1            9.2982   
      2275:    241050.000000           1            9.3033   
      2276:    241080.000000           1            9.3012   
      2277:    241110.000000           1            9.2990   
      2278:    241140.000000           1            9.2921   
      2279:    241170.000000           1            9.2782   
      2280:    241200.000000           1            9.2672   
      2281:    241230.000000           1            9.2604   
      2282:    241260.000000           1            9.2547   
      2283:    241290.000000           1            9.2559   
      2284:    241320.000000           1            9.2681   
      2285:    241350.000000           1            9.2674   
      2286:    241380.000000           1            9.2546   
      2287:    241410.000000           1            9.2437   
      2288:    241440.000000           1            9.2274   
      2289:    241470.000000           1            9.2099   
      2290:    241500.000000           1            9.2069   
      2291:    241530.000000           1            9.2023   
      2292:    241560.000000           1            9.1976   
      2293:    241590.000000           1            9.1919   
      2294:    241620.000000           1            9.1722   
      2295:    241650.000000           1            9.1615   
      2296:    241680.000000           1            9.1536   
      2297:    241710.000000           1            9.1421   
      2298:    241740.000000           1            9.1342   
      2299:    241770.000000           1            9.1248   
      2300:    241800.000000           1            9.1177   
      2301:    241830.000000           1            9.1174   
      2302:    241860.000000           1            9.1168   
      2303:    241890.000000           1            9.1213   
      2304:    241920.000000           1            9.1286   
      2305:    241950.000000           1            9.1396   
      2306:    241980.000000           1            9.1540   
      2307:    242010.000000           1            9.1592   
      2308:    242040.000000           1            9.1605   
      2309:    242070.000000           1            9.1619   
      2310:    242100.000000           1            9.1607   
      2311:    242130.000000           1            9.1644   
      2312:    242160.000000           1            9.1765   
      2313:    242190.000000           1            9.1903   
      2314:    242220.000000           1            9.2088   
      2315:    242250.000000           1            9.2196   
      2316:    242280.000000           1            9.2140   
      2317:    242310.000000           1            9.2127   
      2318:    242340.000000           1            9.2175   
      2319:    242370.000000           1            9.2218   
      2320:    242400.000000           1            9.2214   
      2321:    242430.000000           1            9.2331   
      2322:    242460.000000           1            9.2412   
      2323:    242490.000000           1            9.2525   
      2324:    242520.000000           1            9.2591   
      2325:    242550.000000           1            9.2617   
      2326:    242580.000000           1            9.2606   
      2327:    242610.000000           1            9.2571   
      2328:    242640.000000           1            9.2596   
      2329:    242670.000000           1            9.2692   
      2330:    242700.000000           1            9.2783   
      2331:    242730.000000           1            9.2871   
      2332:    242760.000000           1            9.2939   
      2333:    242790.000000           1            9.3026   
      2334:    242820.000000           1            9.3064   
      2335:    242850.000000           1            9.3126   
      2336:    242880.000000           1            9.3240   
      2337:    242910.000000           1            9.3368   
      2338:    242940.000000           1            9.3483   
      2339:    242970.000000           1            9.3598   
      2340:    243000.000000           1            9.3630   
      2341:    243030.000000           1            9.3694   
      2342:    243060.000000           1            9.3736   
      2343:    243090.000000           1            9.3768   
      2344:    243120.000000           1            9.3808   
      2345:    243150.000000           1            9.3857   
      2346:    243180.000000           1            9.3997   
      2347:    243210.000000           1            9.4059   
      2348:    243240.000000           1            9.4120   
      2349:    243270.000000           1            9.4164   
      2350:    243300.000000           1            9.4209   
      2351:    243330.000000           1            9.4244   
      2352:    243360.000000           1            9.4322   
      2353:    243390.000000           1            9.4416   
      2354:    243420.000000           1            9.4509   
      2355:    243450.000000           1            9.4601   
      2356:    243480.000000           1            9.4679   
      2357:    243510.000000           1            9.4743   
      2358:    243540.000000           1            9.4837   
      2359:    243570.000000           1            9.4876   
      2360:    243600.000000           1            9.4916   
      2361:    243630.000000           1            9.4942   
      2362:    243660.000000           1            9.4976   
      2363:    243690.000000           1            9.5014   
      2364:    243720.000000           1            9.5053   
      2365:    243750.000000           1            9.5101   
      2366:    243780.000000           1            9.5159   
      2367:    243810.000000           1            9.5210   
      2368:    243840.000000           1            9.5269   
      2369:    243870.000000           1            9.5335   
      2370:    243900.000000           1            9.5400   
      2371:    243930.000000           1            9.5441   
      2372:    243960.000000           1            9.5464   
      2373:    243990.000000           1            9.5501   
      2374:    244020.000000           1            9.5521   
      2375:    244050.000000           1            9.5530   
      2376:    244080.000000           1            9.5535   
      2377:    244110.000000           1            9.5557   
      2378:    244140.000000           1            9.5588   
      2379:    244170.000000           1            9.5595   
      2380:    244200.000000           1            9.5606   
      2381:    244230.000000           1            9.5618   
      2382:    244260.000000           1            9.5634   
      2383:    244290.000000           1            9.5651   
      2384:    244320.000000           1            9.5681   
      2385:    244350.000000           1            9.5702   
      2386:    244380.000000           1            9.5742   
      2387:    244410.000000           1            9.5776   
      2388:    244440.000000           1            9.5809   
      2389:    244470.000000           1            9.5834   
      2390:    244500.000000           1            9.5860   
      2391:    244530.000000           1            9.5886   
      2392:    244560.000000           1            9.5910   
      2393:    244590.000000           1            9.5939   
      2394:    244620.000000           1            9.5979   
      2395:    244650.000000           1            9.6009   
      2396:    244680.000000           1            9.6047   
      2397:    244710.000000           1            9.6084   
      2398:    244740.000000           1            9.6096   
      2399:    244770.000000           1            9.6106   
      2400:    244800.000000           1            9.6118   
      2401:    244830.000000           1            9.6138   
      2402:    244860.000000           1            9.6138   
      2403:    244890.000000           1            9.6131   
      2404:    244920.000000           1            9.6126   
      2405:    244950.000000           1            9.6132   
      2406:    244980.000000           1            9.6151   
      2407:    245010.000000           1            9.6180   
      2408:    245040.000000           1            9.6207   
      2409:    245070.000000           1            9.6225   
      2410:    245100.000000           1            9.6256   
      2411:    245130.000000           1            9.6290   
      2412:    245160.000000           1            9.6316   
      2413:    245190.000000           1            9.6341   
      2414:    245220.000000           1            9.6370   
      2415:    245250.000000           1            9.6389   
      2416:    245280.000000           1            9.6404   
      2417:    245310.000000           1            9.6421   
      2418:    245340.000000           1            9.6452   
      2419:    245370.000000           1            9.6484   
      2420:    245400.000000           1            9.6503   
      2421:    245430.000000           1            9.6526   
      2422:    245460.000000           1            9.6537   
      2423:    245490.000000           1            9.6551   
      2424:    245520.000000           1            9.6562   
      2425:    245550.000000           1            9.6575   
      2426:    245580.000000           1            9.6578   
      2427:    245610.000000           1            9.6589   
      2428:    245640.000000           1            9.6607   
      2429:    245670.000000           1            9.6620   
      2430:    245700.000000           1            9.6631   
      2431:    245730.000000           1            9.6634   
      2432:    245760.000000           1            9.6647   
      2433:    245790.000000           1            9.6662   
      2434:    245820.000000           1            9.6672   
      2435:    245850.000000           1            9.6681   
      2436:    245880.000000           1            9.6697   
      2437:    245910.000000           1            9.6704   
      2438:    245940.000000           1            9.6705   
      2439:    245970.000000           1            9.6711   
      2440:    246000.000000           1            9.6712   
      2441:    246030.000000           1            9.6715   
      2442:    246060.000000           1            9.6724   
      2443:    246090.000000           1            9.6727   
      2444:    246120.000000           1            9.6729   
      2445:    246150.000000           1            9.6727   
      2446:    246180.000000           1            9.6721   
      2447:    246210.000000           1            9.6714   
      2448:    246240.000000           1            9.6700   
      2449:    246270.000000           1            9.6681   
      2450:    246300.000000           1            9.6659   
      2451:    246330.000000           1            9.6640   
      2452:    246360.000000           1            9.6624   
      2453:    246390.000000           1            9.6612   
      2454:    246420.000000           1            9.6603   
      2455:    246450.000000           1            9.6604   
      2456:    246480.000000           1            9.6604   
      2457:    246510.000000           1            9.6605   
      2458:    246540.000000           1            9.6597   
      2459:    246570.000000           1            9.6584   
      2460:    246600.000000           1            9.6570   
      2461:    246630.000000           1            9.6565   
      2462:    246660.000000           1            9.6565   
      2463:    246690.000000           1            9.6567   
      2464:    246720.000000           1            9.6566   
      2465:    246750.000000           1            9.6580   
      2466:    246780.000000           1            9.6600   
      2467:    246810.000000           1            9.6616   
      2468:    246840.000000           1            9.6629   
      2469:    246870.000000           1            9.6629   
      2470:    246900.000000           1            9.6622   
      2471:    246930.000000           1            9.6608   
      2472:    246960.000000           1            9.6592   
      2473:    246990.000000           1            9.6582   
      2474:    247020.000000           1            9.6578   
      2475:    247050.000000           1            9.6571   
      2476:    247080.000000           1            9.6553   
      2477:    247110.000000           1            9.6521   
      2478:    247140.000000           1            9.6498   
      2479:    247170.000000           1            9.6483   
      2480:    247200.000000           1            9.6476   
      2481:    247230.000000           1            9.6462   
      2482:    247260.000000           1            9.6452   
      2483:    247290.000000           1            9.6439   
      2484:    247320.000000           1            9.6423   
      2485:    247350.000000           1            9.6410   
      2486:    247380.000000           1            9.6402   
      2487:    247410.000000           1            9.6399   
      2488:    247440.000000           1            9.6401   
      2489:    247470.000000           1            9.6405   
      2490:    247500.000000           1            9.6404   
      2491:    247530.000000           1            9.6402   
      2492:    247560.000000           1            9.6404   
      2493:    247590.000000           1            9.6406   
      2494:    247620.000000           1            9.6395   
      2495:    247650.000000           1            9.6388   
      2496:    247680.000000           1            9.6375   
      2497:    247710.000000           1            9.6368   
      2498:    247740.000000           1            9.6359   
      2499:    247770.000000           1            9.6345   
      2500:    247800.000000           1            9.6327   
      2501:    247830.000000           1            9.6308   
      2502:    247860.000000           1            9.6288   
      2503:    247890.000000           1            9.6270   
      2504:    247920.000000           1            9.6260   
      2505:    247950.000000           1            9.6262   
      2506:    247980.000000           1            9.6264   
      2507:    248010.000000           1            9.6262   
      2508:    248040.000000           1            9.6252   
      2509:    248070.000000           1            9.6232   
      2510:    248100.000000           1            9.6216   
      2511:    248130.000000           1            9.6203   
      2512:    248160.000000           1            9.6201   
      2513:    248190.000000           1            9.6202   
      2514:    248220.000000           1            9.6202   
      2515:    248250.000000           1            9.6203   
      2516:    248280.000000           1            9.6198   
      2517:    248310.000000           1            9.6188   
      2518:    248340.000000           1            9.6177   
      2519:    248370.000000           1            9.6160   
      2520:    248400.000000           1            9.6140   
      2521:    248430.000000           1            9.6122   
      2522:    248460.000000           1            9.6099   
      2523:    248490.000000           1            9.6072   
      2524:    248520.000000           1            9.6046   
      2525:    248550.000000           1            9.6027   
      2526:    248580.000000           1            9.6018   
      2527:    248610.000000           1            9.6010   
      2528:    248640.000000           1            9.5994   
      2529:    248670.000000           1            9.5973   
      2530:    248700.000000           1            9.5960   
      2531:    248730.000000           1            9.5951   
      2532:    248760.000000           1            9.5937   
      2533:    248790.000000           1            9.5926   
      2534:    248820.000000           1            9.5919   
      2535:    248850.000000           1            9.5909   
      2536:    248880.000000           1            9.5894   
      2537:    248910.000000           1            9.5874   
      2538:    248940.000000           1            9.5854   
      2539:    248970.000000           1            9.5840   
      2540:    249000.000000           1            9.5833   
      2541:    249030.000000           1            9.5822   
      2542:    249060.000000           1            9.5811   
      2543:    249090.000000           1            9.5813   
      2544:    249120.000000           1            9.5816   
      2545:    249150.000000           1            9.5813   
      2546:    249180.000000           1            9.5813   
      2547:    249210.000000           1            9.5816   
      2548:    249240.000000           1            9.5802   
      2549:    249270.000000           1            9.5792   
      2550:    249300.000000           1            9.5780   
      2551:    249330.000000           1            9.5763   
      2552:    249360.000000           1            9.5750   
      2553:    249390.000000           1            9.5749   
      2554:    249420.000000           1            9.5748   
      2555:    249450.000000           1            9.5749   
      2556:    249480.000000           1            9.5751   
      2557:    249510.000000           1            9.5751   
      2558:    249540.000000           1            9.5739   
      2559:    249570.000000           1            9.5727   
      2560:    249600.000000           1            9.5723   
      2561:    249630.000000           1            9.5720   
      2562:    249660.000000           1            9.5716   
      2563:    249690.000000           1            9.5710   
      2564:    249720.000000           1            9.5703   
      2565:    249750.000000           1            9.5692   
      2566:    249780.000000           1            9.5678   
      2567:    249810.000000           1            9.5659   
      2568:    249840.000000           1            9.5641   
      2569:    249870.000000           1            9.5625   
      2570:    249900.000000           1            9.5608   
      2571:    249930.000000           1            9.5597   
      2572:    249960.000000           1            9.5596   
      2573:    249990.000000           1            9.5604   
      2574:    250020.000000           1            9.5612   
      2575:    250050.000000           1            9.5619   
      2576:    250080.000000           1            9.5625   
      2577:    250110.000000           1            9.5634   
      2578:    250140.000000           1            9.5641   
      2579:    250170.000000           1            9.5642   
      2580:    250200.000000           1            9.5645   
      2581:    250230.000000           1            9.5647   
      2582:    250260.000000           1            9.5645   
      2583:    250290.000000           1            9.5637   
      2584:    250320.000000           1            9.5626   
      2585:    250350.000000           1            9.5615   
      2586:    250380.000000           1            9.5610   
      2587:    250410.000000           1            9.5602   
      2588:    250440.000000           1            9.5597   
      2589:    250470.000000           1            9.5590   
      2590:    250500.000000           1            9.5589   
      2591:    250530.000000           1            9.5599   
      2592:    250560.000000           1            9.5603   
      2593:    250590.000000           1            9.5605   
      2594:    250620.000000           1            9.5607   
      2595:    250650.000000           1            9.5606   
      2596:    250680.000000           1            9.5601   
      2597:    250710.000000           1            9.5599   
      2598:    250740.000000           1            9.5596   
      2599:    250770.000000           1            9.5606   
      2600:    250800.000000           1            9.5625   
      2601:    250830.000000           1            9.5646   
      2602:    250860.000000           1            9.5672   
      2603:    250890.000000           1            9.5693   
      2604:    250920.000000           1            9.5716   
      2605:    250950.000000           1            9.5739   
      2606:    250980.000000           1            9.5758   
      2607:    251010.000000           1            9.5778   
      2608:    251040.000000           1            9.5800   
      2609:    251070.000000           1            9.5825   
      2610:    251100.000000           1            9.5843   
      2611:    251130.000000           1            9.5858   
      2612:    251160.000000           1            9.5869   
      2613:    251190.000000           1            9.5876   
      2614:    251220.000000           1            9.5886   
      2615:    251250.000000           1            9.5897   
      2616:    251280.000000           1            9.5908   
      2617:    251310.000000           1            9.5913   
      2618:    251340.000000           1            9.5912   
      2619:    251370.000000           1            9.5904   
      2620:    251400.000000           1            9.5887   
      2621:    251430.000000           1            9.5880   
      2622:    251460.000000           1            9.5882   
      2623:    251490.000000           1            9.5894   
      2624:    251520.000000           1            9.5911   
      2625:    251550.000000           1            9.5930   
      2626:    251580.000000           1            9.5941   
      2627:    251610.000000           1            9.5941   
      2628:    251640.000000           1            9.5937   
      2629:    251670.000000           1            9.5924   
      2630:    251700.000000           1            9.5911   
      2631:    251730.000000           1            9.5906   
      2632:    251760.000000           1            9.5904   
      2633:    251790.000000           1            9.5911   
      2634:    251820.000000           1            9.5923   
      2635:    251850.000000           1            9.5947   
      2636:    251880.000000           1            9.5966   
      2637:    251910.000000           1            9.5978   
      2638:    251940.000000           1            9.5986   
      2639:    251970.000000           1            9.5990   
      2640:    252000.000000           1            9.5991   
      2641:    252030.000000           1            9.5990   
      2642:    252060.000000           1            9.5991   
      2643:    252090.000000           1            9.6002   
      2644:    252120.000000           1            9.6007   
      2645:    252150.000000           1            9.6015   
      2646:    252180.000000           1            9.6022   
      2647:    252210.000000           1            9.6025   
      2648:    252240.000000           1            9.6032   
      2649:    252270.000000           1            9.6033   
      2650:    252300.000000           1            9.6029   
      2651:    252330.000000           1            9.6023   
      2652:    252360.000000           1            9.6021   
      2653:    252390.000000           1            9.6033   
      2654:    252420.000000           1            9.6048   
      2655:    252450.000000           1            9.6067   
      2656:    252480.000000           1            9.6091   
      2657:    252510.000000           1            9.6115   
      2658:    252540.000000           1            9.6121   
      2659:    252570.000000           1            9.6113   
      2660:    252600.000000           1            9.6103   
      2661:    252630.000000           1            9.6098   
      2662:    252660.000000           1            9.6095   
      2663:    252690.000000           1            9.6099   
      2664:    252720.000000           1            9.6102   
      2665:    252750.000000           1            9.6114   
      2666:    252780.000000           1            9.6132   
      2667:    252810.000000           1            9.6153   
      2668:    252840.000000           1            9.6175   
      2669:    252870.000000           1            9.6191   
      2670:    252900.000000           1            9.6200   
      2671:    252930.000000           1            9.6200   
      2672:    252960.000000           1            9.6193   
      2673:    252990.000000           1            9.6192   
      2674:    253020.000000           1            9.6197   
      2675:    253050.000000           1            9.6209   
      2676:    253080.000000           1            9.6227   
      2677:    253110.000000           1            9.6251   
      2678:    253140.000000           1            9.6282   
      2679:    253170.000000           1            9.6301   
      2680:    253200.000000           1            9.6305   
      2681:    253230.000000           1            9.6302   
      2682:    253260.000000           1            9.6305   
      2683:    253290.000000           1            9.6308   
      2684:    253320.000000           1            9.6314   
      2685:    253350.000000           1            9.6326   
      2686:    253380.000000           1            9.6346   
      2687:    253410.000000           1            9.6364   
      2688:    253440.000000           1            9.6375   
      2689:    253470.000000           1            9.6380   
      2690:    253500.000000           1            9.6388   
      2691:    253530.000000           1            9.6400   
      2692:    253560.000000           1            9.6416   
      2693:    253590.000000           1            9.6430   
      2694:    253620.000000           1            9.6443   
      2695:    253650.000000           1            9.6459   
      2696:    253680.000000           1            9.6475   
      2697:    253710.000000           1            9.6484   
      2698:    253740.000000           1            9.6492   
      2699:    253770.000000           1            9.6506   
      2700:    253800.000000           1            9.6525   
      2701:    253830.000000           1            9.6546   
      2702:    253860.000000           1            9.6567   
      2703:    253890.000000           1            9.6587   
      2704:    253920.000000           1            9.6604   
      2705:    253950.000000           1            9.6613   
      2706:    253980.000000           1            9.6621   
      2707:    254010.000000           1            9.6626   
      2708:    254040.000000           1            9.6634   
      2709:    254070.000000           1            9.6643   
      2710:    254100.000000           1            9.6643   
      2711:    254130.000000           1            9.6648   
      2712:    254160.000000           1            9.6650   
      2713:    254190.000000           1            9.6657   
      2714:    254220.000000           1            9.6669   
      2715:    254250.000000           1            9.6678   
      2716:    254280.000000           1            9.6688   
      2717:    254310.000000           1            9.6706   
      2718:    254340.000000           1            9.6733   
      2719:    254370.000000           1            9.6757   
      2720:    254400.000000           1            9.6777   
      2721:    254430.000000           1            9.6798   
      2722:    254460.000000           1            9.6813   
      2723:    254490.000000           1            9.6824   
      2724:    254520.000000           1            9.6838   
      2725:    254550.000000           1            9.6853   
      2726:    254580.000000           1            9.6870   
      2727:    254610.000000           1            9.6885   
      2728:    254640.000000           1            9.6899   
      2729:    254670.000000           1            9.6914   
      2730:    254700.000000           1            9.6927   
      2731:    254730.000000           1            9.6937   
      2732:    254760.000000           1            9.6950   
      2733:    254790.000000           1            9.6970   
      2734:    254820.000000           1            9.6990   
      2735:    254850.000000           1            9.7000   
      2736:    254880.000000           1            9.7007   
      2737:    254910.000000           1            9.7014   
      2738:    254940.000000           1            9.7022   
      2739:    254970.000000           1            9.7032   
      2740:    255000.000000           1            9.7039   
      2741:    255030.000000           1            9.7040   
      2742:    255060.000000           1            9.7045   
      2743:    255090.000000           1            9.7046   
      2744:    255120.000000           1            9.7043   
      2745:    255150.000000           1            9.7048   
      2746:    255180.000000           1            9.7062   
      2747:    255210.000000           1            9.7076   
      2748:    255240.000000           1            9.7081   
      2749:    255270.000000           1            9.7082   
      2750:    255300.000000           1            9.7082   
      2751:    255330.000000           1            9.7084   
      2752:    255360.000000           1            9.7085   
      2753:    255390.000000           1            9.7083   
      2754:    255420.000000           1            9.7081   
      2755:    255450.000000           1            9.7093   
      2756:    255480.000000           1            9.7113   
      2757:    255510.000000           1            9.7133   
      2758:    255540.000000           1            9.7155   
      2759:    255570.000000           1            9.7180   
      2760:    255600.000000           1            9.7209   
      2761:    255630.000000           1            9.7240   
      2762:    255660.000000           1            9.7264   
      2763:    255690.000000           1            9.7284   
      2764:    255720.000000           1            9.7305   
      2765:    255750.000000           1            9.7317   
      2766:    255780.000000           1            9.7323   
      2767:    255810.000000           1            9.7329   
      2768:    255840.000000           1            9.7339   
      2769:    255870.000000           1            9.7360   
      2770:    255900.000000           1            9.7394   
      2771:    255930.000000           1            9.7427   
      2772:    255960.000000           1            9.7453   
      2773:    255990.000000           1            9.7479   
      2774:    256020.000000           1            9.7510   
      2775:    256050.000000           1            9.7541   
      2776:    256080.000000           1            9.7572   
      2777:    256110.000000           1            9.7595   
      2778:    256140.000000           1            9.7614   
      2779:    256170.000000           1            9.7633   
      2780:    256200.000000           1            9.7650   
      2781:    256230.000000           1            9.7664   
      2782:    256260.000000           1            9.7670   
      2783:    256290.000000           1            9.7685   
      2784:    256320.000000           1            9.7710   
      2785:    256350.000000           1            9.7732   
      2786:    256380.000000           1            9.7756   
      2787:    256410.000000           1            9.7782   
      2788:    256440.000000           1            9.7800   
      2789:    256470.000000           1            9.7820   
      2790:    256500.000000           1            9.7832   
      2791:    256530.000000           1            9.7846   
      2792:    256560.000000           1            9.7864   
      2793:    256590.000000           1            9.7874   
      2794:    256620.000000           1            9.7889   
      2795:    256650.000000           1            9.7904   
      2796:    256680.000000           1            9.7927   
      2797:    256710.000000           1            9.7954   
      2798:    256740.000000           1            9.7983   
      2799:    256770.000000           1            9.8007   
      2800:    256800.000000           1            9.8035   
      2801:    256830.000000           1            9.8063   
      2802:    256860.000000           1            9.8086   
      2803:    256890.000000           1            9.8112   
      2804:    256920.000000           1            9.8133   
      2805:    256950.000000           1            9.8148   
      2806:    256980.000000           1            9.8157   
      2807:    257010.000000           1            9.8158   
      2808:    257040.000000           1            9.8152   
      2809:    257070.000000           1            9.8138   
      2810:    257100.000000           1            9.8127   
      2811:    257130.000000           1            9.8125   
      2812:    257160.000000           1            9.8136   
      2813:    257190.000000           1            9.8148   
      2814:    257220.000000           1            9.8163   
      2815:    257250.000000           1            9.8179   
      2816:    257280.000000           1            9.8198   
      2817:    257310.000000           1            9.8220   
      2818:    257340.000000           1            9.8238   
      2819:    257370.000000           1            9.8257   
      2820:    257400.000000           1            9.8263   
      2821:    257430.000000           1            9.8268   
      2822:    257460.000000           1            9.8278   
      2823:    257490.000000           1            9.8282   
      2824:    257520.000000           1            9.8284   
      2825:    257550.000000           1            9.8287   
      2826:    257580.000000           1            9.8285   
      2827:    257610.000000           1            9.8276   
      2828:    257640.000000           1            9.8273   
      2829:    257670.000000           1            9.8278   
      2830:    257700.000000           1            9.8290   
      2831:    257730.000000           1            9.8302   
      2832:    257760.000000           1            9.8314   
      2833:    257790.000000           1            9.8328   
      2834:    257820.000000           1            9.8349   
      2835:    257850.000000           1            9.8366   
      2836:    257880.000000           1            9.8376   
      2837:    257910.000000           1            9.8389   
      2838:    257940.000000           1            9.8400   
      2839:    257970.000000           1            9.8404   
      2840:    258000.000000           1            9.8405   
      2841:    258030.000000           1            9.8403   
      2842:    258060.000000           1            9.8399   
      2843:    258090.000000           1            9.8390   
      2844:    258120.000000           1            9.8384   
      2845:    258150.000000           1            9.8380   
      2846:    258180.000000           1            9.8374   
      2847:    258210.000000           1            9.8367   
      2848:    258240.000000           1            9.8362   
      2849:    258270.000000           1            9.8358   
      2850:    258300.000000           1            9.8368   
      2851:    258330.000000           1            9.8390   
      2852:    258360.000000           1            9.8413   
      2853:    258390.000000           1            9.8434   
      2854:    258420.000000           1            9.8447   
      2855:    258450.000000           1            9.8453   
      2856:    258480.000000           1            9.8461   
      2857:    258510.000000           1            9.8472   
      2858:    258540.000000           1            9.8484   
      2859:    258570.000000           1            9.8492   
      2860:    258600.000000           1            9.8504   
      2861:    258630.000000           1            9.8513   
      2862:    258660.000000           1            9.8521   
      2863:    258690.000000           1            9.8529   
      2864:    258720.000000           1            9.8535   
      2865:    258750.000000           1            9.8543   
      2866:    258780.000000           1            9.8551   
      2867:    258810.000000           1            9.8562   
      2868:    258840.000000           1            9.8573   
      2869:    258870.000000           1            9.8578   
      2870:    258900.000000           1            9.8584   
      2871:    258930.000000           1            9.8590   
      2872:    258960.000000           1            9.8597   
      2873:    258990.000000           1            9.8608   
      2874:    259020.000000           1            9.8624   
      2875:    259050.000000           1            9.8641   
      2876:    259080.000000           1            9.8660   
      2877:    259110.000000           1            9.8686   
      2878:    259140.000000           1            9.8708   
      2879:    259170.000000           1            9.8731   
