         0:    172800.000000           1           27.2747   
         1:    172830.000000           1           37.1494   
         2:    172860.000000           1           34.5491   
         3:    172890.000000           1           32.6839   
         4:    172920.000000           1           32.5932   
         5:    172950.000000           1           31.4513   
         6:    172980.000000           1           30.5169   
         7:    173010.000000           1           30.3959   
         8:    173040.000000           1           30.2606   
         9:    173070.000000           1           30.4168   
        10:    173100.000000           1           30.2755   
        11:    173130.000000           1           29.6682   
        12:    173160.000000           1           29.0781   
        13:    173190.000000           1           29.0961   
        14:    173220.000000           1           29.0862   
        15:    173250.000000           1           28.9487   
        16:    173280.000000           1           28.7970   
        17:    173310.000000           1           28.5247   
        18:    173340.000000           1           28.5315   
        19:    173370.000000           1           28.5552   
        20:    173400.000000           1           28.6039   
        21:    173430.000000           1           28.7037   
        22:    173460.000000           1           28.6496   
        23:    173490.000000           1           28.5780   
        24:    173520.000000           1           28.6121   
        25:    173550.000000           1           28.5355   
        26:    173580.000000           1           28.4252   
        27:    173610.000000           1           28.2901   
        28:    173640.000000           1           28.2539   
        29:    173670.000000           1           28.1906   
        30:    173700.000000           1           28.1730   
        31:    173730.000000           1           28.0906   
        32:    173760.000000           1           28.0203   
        33:    173790.000000           1           27.9919   
        34:    173820.000000           1           28.0331   
        35:    173850.000000           1           28.0884   
        36:    173880.000000           1           28.0890   
        37:    173910.000000           1           28.0202   
        38:    173940.000000           1           27.9405   
        39:    173970.000000           1           27.8336   
        40:    174000.000000           1           27.7256   
        41:    174030.000000           1           27.6788   
        42:    174060.000000           1           27.6915   
        43:    174090.000000           1           27.7358   
        44:    174120.000000           1           27.7145   
        45:    174150.000000           1           27.6505   
        46:    174180.000000           1           27.5627   
        47:    174210.000000           1           27.4726   
        48:    174240.000000           1           27.4306   
        49:    174270.000000           1           27.4432   
        50:    174300.000000           1           27.4364   
        51:    174330.000000           1           27.4366   
        52:    174360.000000           1           27.4684   
        53:    174390.000000           1           27.4683   
        54:    174420.000000           1           27.4471   
        55:    174450.000000           1           27.4347   
        56:    174480.000000           1           27.3683   
        57:    174510.000000           1           27.3162   
        58:    174540.000000           1           27.2971   
        59:    174570.000000           1           27.2850   
        60:    174600.000000           1           27.2859   
        61:    174630.000000           1           27.2658   
        62:    174660.000000           1           27.2573   
        63:    174690.000000           1           27.2334   
        64:    174720.000000           1           27.1901   
        65:    174750.000000           1           27.1726   
        66:    174780.000000           1           27.1239   
        67:    174810.000000           1           27.0749   
        68:    174840.000000           1           27.0337   
        69:    174870.000000           1           26.9860   
        70:    174900.000000           1           26.9496   
        71:    174930.000000           1           26.8999   
        72:    174960.000000           1           26.8602   
        73:    174990.000000           1           26.8175   
        74:    175020.000000           1           26.7866   
        75:    175050.000000           1           26.7827   
        76:    175080.000000           1           26.7722   
        77:    175110.000000           1           26.7331   
        78:    175140.000000           1           26.6944   
        79:    175170.000000           1           26.6504   
        80:    175200.000000           1           26.6256   
        81:    175230.000000           1           26.6285   
        82:    175260.000000           1           26.6385   
        83:    175290.000000           1           26.6491   
        84:    175320.000000           1           26.6631   
        85:    175350.000000           1           26.6770   
        86:    175380.000000           1           26.6736   
        87:    175410.000000           1           26.6965   
        88:    175440.000000           1           26.7385   
        89:    175470.000000           1           26.7567   
        90:    175500.000000           1           26.7819   
        91:    175530.000000           1           26.8201   
        92:    175560.000000           1           26.8653   
        93:    175590.000000           1           26.8820   
        94:    175620.000000           1           26.8553   
        95:    175650.000000           1           26.7925   
        96:    175680.000000           1           26.7371   
        97:    175710.000000           1           26.7021   
        98:    175740.000000           1           26.6886   
        99:    175770.000000           1           26.6924   
       100:    175800.000000           1           26.7048   
       101:    175830.000000           1           26.7279   
       102:    175860.000000           1           26.7593   
       103:    175890.000000           1           26.7858   
       104:    175920.000000           1           26.8029   
       105:    175950.000000           1           26.8099   
       106:    175980.000000           1           26.7879   
       107:    176010.000000           1           26.7529   
       108:    176040.000000           1           26.7166   
       109:    176070.000000           1           26.6685   
       110:    176100.000000           1           26.6341   
       111:    176130.000000           1           26.6256   
       112:    176160.000000           1           26.6269   
       113:    176190.000000           1           26.6444   
       114:    176220.000000           1           26.6563   
       115:    176250.000000           1           26.6662   
       116:    176280.000000           1           26.6612   
       117:    176310.000000           1           26.6502   
       118:    176340.000000           1           26.6282   
       119:    176370.000000           1           26.6049   
       120:    176400.000000           1           26.5777   
       121:    176430.000000           1           26.5375   
       122:    176460.000000           1           26.5022   
       123:    176490.000000           1           26.4775   
       124:    176520.000000           1           26.4487   
       125:    176550.000000           1           26.4303   
       126:    176580.000000           1           26.4235   
       127:    176610.000000           1           26.4255   
       128:    176640.000000           1           26.4193   
       129:    176670.000000           1           26.4102   
       130:    176700.000000           1           26.3907   
       131:    176730.000000           1           26.3607   
       132:    176760.000000           1           26.3325   
       133:    176790.000000           1           26.3068   
       134:    176820.000000           1           26.2882   
       135:    176850.000000           1           26.2750   
       136:    176880.000000           1           26.2572   
       137:    176910.000000           1           26.2316   
       138:    176940.000000           1           26.2064   
       139:    176970.000000           1           26.2054   
       140:    177000.000000           1           26.2162   
       141:    177030.000000           1           26.2322   
       142:    177060.000000           1           26.2607   
       143:    177090.000000           1           26.2801   
       144:    177120.000000           1           26.2971   
       145:    177150.000000           1           26.3023   
       146:    177180.000000           1           26.2997   
       147:    177210.000000           1           26.2843   
       148:    177240.000000           1           26.2614   
       149:    177270.000000           1           26.2487   
       150:    177300.000000           1           26.2442   
       151:    177330.000000           1           26.2466   
       152:    177360.000000           1           26.2557   
       153:    177390.000000           1           26.2689   
       154:    177420.000000           1           26.2781   
       155:    177450.000000           1           26.2849   
       156:    177480.000000           1           26.2680   
       157:    177510.000000           1           26.2572   
       158:    177540.000000           1           26.2619   
       159:    177570.000000           1           26.2695   
       160:    177600.000000           1           26.2853   
       161:    177630.000000           1           26.3117   
       162:    177660.000000           1           26.3322   
       163:    177690.000000           1           26.3342   
       164:    177720.000000           1           26.3333   
       165:    177750.000000           1           26.3268   
       166:    177780.000000           1           26.3212   
       167:    177810.000000           1           26.3056   
       168:    177840.000000           1           26.2937   
       169:    177870.000000           1           26.2828   
       170:    177900.000000           1           26.2736   
       171:    177930.000000           1           26.2770   
       172:    177960.000000           1           26.2753   
       173:    177990.000000           1           26.2747   
       174:    178020.000000           1           26.2792   
       175:    178050.000000           1           26.2836   
       176:    178080.000000           1           26.2844   
       177:    178110.000000           1           26.2855   
       178:    178140.000000           1           26.2878   
       179:    178170.000000           1           26.2786   
       180:    178200.000000           1           26.2701   
       181:    178230.000000           1           26.2592   
       182:    178260.000000           1           26.2436   
       183:    178290.000000           1           26.2393   
       184:    178320.000000           1           26.2439   
       185:    178350.000000           1           26.2476   
       186:    178380.000000           1           26.2489   
       187:    178410.000000           1           26.2583   
       188:    178440.000000           1           26.2675   
       189:    178470.000000           1           26.2683   
       190:    178500.000000           1           26.2559   
       191:    178530.000000           1           26.2433   
       192:    178560.000000           1           26.2299   
       193:    178590.000000           1           26.2214   
       194:    178620.000000           1           26.2169   
       195:    178650.000000           1           26.2118   
       196:    178680.000000           1           26.2122   
       197:    178710.000000           1           26.2200   
       198:    178740.000000           1           26.2254   
       199:    178770.000000           1           26.2147   
       200:    178800.000000           1           26.2025   
       201:    178830.000000           1           26.1951   
       202:    178860.000000           1           26.1851   
       203:    178890.000000           1           26.1697   
       204:    178920.000000           1           26.1560   
       205:    178950.000000           1           26.1318   
       206:    178980.000000           1           26.1029   
       207:    179010.000000           1           26.0903   
       208:    179040.000000           1           26.0855   
       209:    179070.000000           1           26.0944   
       210:    179100.000000           1           26.1127   
       211:    179130.000000           1           26.1370   
       212:    179160.000000           1           26.1686   
       213:    179190.000000           1           26.1974   
       214:    179220.000000           1           26.2232   
       215:    179250.000000           1           26.2501   
       216:    179280.000000           1           26.2784   
       217:    179310.000000           1           26.2948   
       218:    179340.000000           1           26.3062   
       219:    179370.000000           1           26.3191   
       220:    179400.000000           1           26.3347   
       221:    179430.000000           1           26.3498   
       222:    179460.000000           1           26.3576   
       223:    179490.000000           1           26.3613   
       224:    179520.000000           1           26.3400   
       225:    179550.000000           1           26.3009   
       226:    179580.000000           1           26.2569   
       227:    179610.000000           1           26.2131   
       228:    179640.000000           1           26.1741   
       229:    179670.000000           1           26.1451   
       230:    179700.000000           1           26.1328   
       231:    179730.000000           1           26.1221   
       232:    179760.000000           1           26.1087   
       233:    179790.000000           1           26.0989   
       234:    179820.000000           1           26.0978   
       235:    179850.000000           1           26.1037   
       236:    179880.000000           1           26.1122   
       237:    179910.000000           1           26.1286   
       238:    179940.000000           1           26.1408   
       239:    179970.000000           1           26.1515   
       240:    180000.000000           1           26.1600   
       241:    180030.000000           1           26.1627   
       242:    180060.000000           1           26.1601   
       243:    180090.000000           1           26.1473   
       244:    180120.000000           1           26.1380   
       245:    180150.000000           1           26.1220   
       246:    180180.000000           1           26.1043   
       247:    180210.000000           1           26.0896   
       248:    180240.000000           1           26.0695   
       249:    180270.000000           1           26.0545   
       250:    180300.000000           1           26.0352   
       251:    180330.000000           1           26.0045   
       252:    180360.000000           1           25.9632   
       253:    180390.000000           1           25.9197   
       254:    180420.000000           1           25.8809   
       255:    180450.000000           1           25.8553   
       256:    180480.000000           1           25.8400   
       257:    180510.000000           1           25.8328   
       258:    180540.000000           1           25.8300   
       259:    180570.000000           1           25.8292   
       260:    180600.000000           1           25.8207   
       261:    180630.000000           1           25.8113   
       262:    180660.000000           1           25.8040   
       263:    180690.000000           1           25.8014   
       264:    180720.000000           1           25.8034   
       265:    180750.000000           1           25.8055   
       266:    180780.000000           1           25.8106   
       267:    180810.000000           1           25.8162   
       268:    180840.000000           1           25.8163   
       269:    180870.000000           1           25.8189   
       270:    180900.000000           1           25.8277   
       271:    180930.000000           1           25.8322   
       272:    180960.000000           1           25.8360   
       273:    180990.000000           1           25.8380   
       274:    181020.000000           1           25.8311   
       275:    181050.000000           1           25.8214   
       276:    181080.000000           1           25.8118   
       277:    181110.000000           1           25.8011   
       278:    181140.000000           1           25.7944   
       279:    181170.000000           1           25.7927   
       280:    181200.000000           1           25.7895   
       281:    181230.000000           1           25.7829   
       282:    181260.000000           1           25.7726   
       283:    181290.000000           1           25.7539   
       284:    181320.000000           1           25.7283   
       285:    181350.000000           1           25.7106   
       286:    181380.000000           1           25.6953   
       287:    181410.000000           1           25.6769   
       288:    181440.000000           1           25.6572   
       289:    181470.000000           1           25.6385   
       290:    181500.000000           1           25.6228   
       291:    181530.000000           1           25.6095   
       292:    181560.000000           1           25.5933   
       293:    181590.000000           1           25.5805   
       294:    181620.000000           1           25.5714   
       295:    181650.000000           1           25.5677   
       296:    181680.000000           1           25.5653   
       297:    181710.000000           1           25.5618   
       298:    181740.000000           1           25.5584   
       299:    181770.000000           1           25.5500   
       300:    181800.000000           1           25.5407   
       301:    181830.000000           1           25.5255   
       302:    181860.000000           1           25.5097   
       303:    181890.000000           1           25.4996   
       304:    181920.000000           1           25.4959   
       305:    181950.000000           1           25.4943   
       306:    181980.000000           1           25.4902   
       307:    182010.000000           1           25.4805   
       308:    182040.000000           1           25.4734   
       309:    182070.000000           1           25.4623   
       310:    182100.000000           1           25.4585   
       311:    182130.000000           1           25.4637   
       312:    182160.000000           1           25.4677   
       313:    182190.000000           1           25.4725   
       314:    182220.000000           1           25.4783   
       315:    182250.000000           1           25.4922   
       316:    182280.000000           1           25.5018   
       317:    182310.000000           1           25.5078   
       318:    182340.000000           1           25.5059   
       319:    182370.000000           1           25.4934   
       320:    182400.000000           1           25.4779   
       321:    182430.000000           1           25.4650   
       322:    182460.000000           1           25.4567   
       323:    182490.000000           1           25.4468   
       324:    182520.000000           1           25.4429   
       325:    182550.000000           1           25.4318   
       326:    182580.000000           1           25.4185   
       327:    182610.000000           1           25.4128   
       328:    182640.000000           1           25.4045   
       329:    182670.000000           1           25.3957   
       330:    182700.000000           1           25.3899   
       331:    182730.000000           1           25.3920   
       332:    182760.000000           1           25.3928   
       333:    182790.000000           1           25.3935   
       334:    182820.000000           1           25.3854   
       335:    182850.000000           1           25.3753   
       336:    182880.000000           1           25.3614   
       337:    182910.000000           1           25.3536   
       338:    182940.000000           1           25.3463   
       339:    182970.000000           1           25.3349   
       340:    183000.000000           1           25.3269   
       341:    183030.000000           1           25.3158   
       342:    183060.000000           1           25.3022   
       343:    183090.000000           1           25.2951   
       344:    183120.000000           1           25.2895   
       345:    183150.000000           1           25.2796   
       346:    183180.000000           1           25.2722   
       347:    183210.000000           1           25.2692   
       348:    183240.000000           1           25.2704   
       349:    183270.000000           1           25.2739   
       350:    183300.000000           1           25.2752   
       351:    183330.000000           1           25.2747   
       352:    183360.000000           1           25.2730   
       353:    183390.000000           1           25.2683   
       354:    183420.000000           1           25.2612   
       355:    183450.000000           1           25.2578   
       356:    183480.000000           1           25.2483   
       357:    183510.000000           1           25.2395   
       358:    183540.000000           1           25.2335   
       359:    183570.000000           1           25.2319   
       360:    183600.000000           1           25.2300   
       361:    183630.000000           1           25.2303   
       362:    183660.000000           1           25.2290   
       363:    183690.000000           1           25.2295   
       364:    183720.000000           1           25.2271   
       365:    183750.000000           1           25.2241   
       366:    183780.000000           1           25.2223   
       367:    183810.000000           1           25.2189   
       368:    183840.000000           1           25.2114   
       369:    183870.000000           1           25.2041   
       370:    183900.000000           1           25.1957   
       371:    183930.000000           1           25.1870   
       372:    183960.000000           1           25.1753   
       373:    183990.000000           1           25.1629   
       374:    184020.000000           1           25.1514   
       375:    184050.000000           1           25.1442   
       376:    184080.000000           1           25.1423   
       377:    184110.000000           1           25.1360   
       378:    184140.000000           1           25.1296   
       379:    184170.000000           1           25.1301   
       380:    184200.000000           1           25.1352   
       381:    184230.000000           1           25.1432   
       382:    184260.000000           1           25.1565   
       383:    184290.000000           1           25.1697   
       384:    184320.000000           1           25.1767   
       385:    184350.000000           1           25.1793   
       386:    184380.000000           1           25.1754   
       387:    184410.000000           1           25.1647   
       388:    184440.000000           1           25.1498   
       389:    184470.000000           1           25.1350   
       390:    184500.000000           1           25.1228   
       391:    184530.000000           1           25.1135   
       392:    184560.000000           1           25.1109   
       393:    184590.000000           1           25.1057   
       394:    184620.000000           1           25.1041   
       395:    184650.000000           1           25.1105   
       396:    184680.000000           1           25.1268   
       397:    184710.000000           1           25.1447   
       398:    184740.000000           1           25.1601   
       399:    184770.000000           1           25.1768   
       400:    184800.000000           1           25.1963   
       401:    184830.000000           1           25.2082   
       402:    184860.000000           1           25.2110   
       403:    184890.000000           1           25.2087   
      2564:    249720.000000           1           33.8665   
      2565:    249750.000000           1           33.8782   
      2566:    249780.000000           1           33.9172   
      2567:    249810.000000           1           33.9255   
      2568:    249840.000000           1           33.8944   
      2569:    249870.000000           1           33.9114   
      2570:    249900.000000           1           33.9094   
      2571:    249930.000000           1           33.9321   
      2572:    249960.000000           1           33.9470   
      2573:    249990.000000           1           33.9679   
      2574:    250020.000000           1           33.9692   
      2575:    250050.000000           1           33.9717   
      2576:    250080.000000           1           33.9789   
      2577:    250110.000000           1           33.9817   
      2578:    250140.000000           1           33.9833   
      2579:    250170.000000           1           33.9786   
      2580:    250200.000000           1           33.9782   
      2581:    250230.000000           1           33.9732   
      2582:    250260.000000           1           33.9718   
      2583:    250290.000000           1           33.9670   
      2584:    250320.000000           1           33.9631   
      2585:    250350.000000           1           33.9666   
      2586:    250380.000000           1           33.9619   
      2587:    250410.000000           1           33.9606   
      2588:    250440.000000           1           33.9584   
      2589:    250470.000000           1           33.9516   
      2590:    250500.000000           1           33.9513   
      2591:    250530.000000           1           33.9512   
      2592:    250560.000000           1           33.9494   
      2593:    250590.000000           1           33.9505   
      2594:    250620.000000           1           33.9546   
      2595:    250650.000000           1           33.9531   
      2596:    250680.000000           1           33.9523   
      2597:    250710.000000           1           33.9479   
      2598:    250740.000000           1           33.9452   
      2599:    250770.000000           1           33.9372   
      2600:    250800.000000           1           33.9323   
      2601:    250830.000000           1           33.9258   
      2602:    250860.000000           1           33.9225   
      2603:    250890.000000           1           33.9206   
      2604:    250920.000000           1           33.9160   
      2605:    250950.000000           1           33.9103   
      2606:    250980.000000           1           33.9096   
      2607:    251010.000000           1           33.9045   
      2608:    251040.000000           1           33.9015   
      2609:    251070.000000           1           33.9002   
      2610:    251100.000000           1           33.8985   
      2611:    251130.000000           1           33.9005   
      2612:    251160.000000           1           33.8984   
      2613:    251190.000000           1           33.8954   
      2614:    251220.000000           1           33.8908   
      2615:    251250.000000           1           33.8889   
      2616:    251280.000000           1           33.8852   
      2617:    251310.000000           1           33.8821   
      2618:    251340.000000           1           33.8786   
      2619:    251370.000000           1           33.8766   
      2620:    251400.000000           1           33.8752   
      2621:    251430.000000           1           33.8747   
      2622:    251460.000000           1           33.8741   
      2623:    251490.000000           1           33.8749   
      2624:    251520.000000           1           33.8763   
      2625:    251550.000000           1           33.8794   
      2626:    251580.000000           1           33.8825   
      2627:    251610.000000           1           33.8835   
      2628:    251640.000000           1           33.8833   
      2629:    251670.000000           1           33.8787   
      2630:    251700.000000           1           33.8759   
      2631:    251730.000000           1           33.8717   
      2632:    251760.000000           1           33.8682   
      2633:    251790.000000           1           33.8667   
      2634:    251820.000000           1           33.8653   
      2635:    251850.000000           1           33.8612   
      2636:    251880.000000           1           33.8612   
      2637:    251910.000000           1           33.8612   
      2638:    251940.000000           1           33.8585   
      2639:    251970.000000           1           33.8555   
      2640:    252000.000000           1           33.8527   
      2641:    252030.000000           1           33.8481   
      2642:    252060.000000           1           33.8466   
      2643:    252090.000000           1           33.8441   
      2644:    252120.000000           1           33.8416   
      2645:    252150.000000           1           33.8422   
      2646:    252180.000000           1           33.8420   
      2647:    252210.000000           1           33.8397   
      2648:    252240.000000           1           33.8354   
      2649:    252270.000000           1           33.8315   
      2650:    252300.000000           1           33.8275   
      2651:    252330.000000           1           33.8259   
      2652:    252360.000000           1           33.8245   
      2653:    252390.000000           1           33.8212   
      2654:    252420.000000           1           33.8179   
      2655:    252450.000000           1           33.8149   
      2656:    252480.000000           1           33.8094   
      2657:    252510.000000           1           33.8047   
      2658:    252540.000000           1           33.8022   
      2659:    252570.000000           1           33.7998   
      2660:    252600.000000           1           33.8014   
      2661:    252630.000000           1           33.8027   
      2662:    252660.000000           1           33.8020   
      2663:    252690.000000           1           33.8030   
      2664:    252720.000000           1           33.8041   
      2665:    252750.000000           1           33.8051   
      2666:    252780.000000           1           33.8053   
      2667:    252810.000000           1           33.8046   
      2668:    252840.000000           1           33.8047   
      2669:    252870.000000           1           33.8053   
      2670:    252900.000000           1           33.8059   
      2671:    252930.000000           1           33.8060   
      2672:    252960.000000           1           33.8069   
      2673:    252990.000000           1           33.8066   
      2674:    253020.000000           1           33.8078   
      2675:    253050.000000           1           33.8118   
      2676:    253080.000000           1           33.8150   
      2677:    253110.000000           1           33.8173   
      2678:    253140.000000           1           33.8163   
      2679:    253170.000000           1           33.8133   
      2680:    253200.000000           1           33.8114   
      2681:    253230.000000           1           33.8112   
      2682:    253260.000000           1           33.8115   
      2683:    253290.000000           1           33.8126   
      2684:    253320.000000           1           33.8147   
      2685:    253350.000000           1           33.8166   
      2686:    253380.000000           1           33.8175   
      2687:    253410.000000           1           33.8184   
      2688:    253440.000000           1           33.8202   
      2689:    253470.000000           1           33.8224   
      2690:    253500.000000           1           33.8247   
      2691:    253530.000000           1           33.8269   
      2692:    253560.000000           1           33.8283   
      2693:    253590.000000           1           33.8301   
      2694:    253620.000000           1           33.8313   
      2695:    253650.000000           1           33.8312   
      2696:    253680.000000           1           33.8310   
      2697:    253710.000000           1           33.8309   
      2698:    253740.000000           1           33.8310   
      2699:    253770.000000           1           33.8323   
      2700:    253800.000000           1           33.8329   
      2701:    253830.000000           1           33.8326   
      2702:    253860.000000           1           33.8331   
      2703:    253890.000000           1           33.8337   
      2704:    253920.000000           1           33.8334   
      2705:    253950.000000           1           33.8347   
      2706:    253980.000000           1           33.8362   
      2707:    254010.000000           1           33.8371   
      2708:    254040.000000           1           33.8377   
      2709:    254070.000000           1           33.8377   
      2710:    254100.000000           1           33.8390   
      2711:    254130.000000           1           33.8397   
      2712:    254160.000000           1           33.8412   
      2713:    254190.000000           1           33.8420   
      2714:    254220.000000           1           33.8422   
      2715:    254250.000000           1           33.8435   
      2716:    254280.000000           1           33.8458   
      2717:    254310.000000           1           33.8474   
      2718:    254340.000000           1           33.8488   
      2719:    254370.000000           1           33.8498   
      2720:    254400.000000           1           33.8508   
      2721:    254430.000000           1           33.8517   
      2722:    254460.000000           1           33.8528   
      2723:    254490.000000           1           33.8546   
      2724:    254520.000000           1           33.8566   
      2725:    254550.000000           1           33.8585   
      2726:    254580.000000           1           33.8606   
      2727:    254610.000000           1           33.8627   
      2728:    254640.000000           1           33.8633   
      2729:    254670.000000           1           33.8648   
      2730:    254700.000000           1           33.8664   
      2731:    254730.000000           1           33.8687   
      2732:    254760.000000           1           33.8704   
      2733:    254790.000000           1           33.8720   
      2734:    254820.000000           1           33.8735   
      2735:    254850.000000           1           33.8746   
      2736:    254880.000000           1           33.8748   
      2737:    254910.000000           1           33.8747   
      2738:    254940.000000           1           33.8746   
      2739:    254970.000000           1           33.8755   
      2740:    255000.000000           1           33.8758   
      2741:    255030.000000           1           33.8765   
      2742:    255060.000000           1           33.8776   
      2743:    255090.000000           1           33.8780   
      2744:    255120.000000           1           33.8792   
      2745:    255150.000000           1           33.8811   
      2746:    255180.000000           1           33.8834   
      2747:    255210.000000           1           33.8848   
      2748:    255240.000000           1           33.8855   
      2749:    255270.000000           1           33.8861   
      2750:    255300.000000           1           33.8870   
      2751:    255330.000000           1           33.8881   
      2752:    255360.000000           1           33.8883   
      2753:    255390.000000           1           33.8889   
      2754:    255420.000000           1           33.8899   
      2755:    255450.000000           1           33.8915   
      2756:    255480.000000           1           33.8942   
      2757:    255510.000000           1           33.8973   
      2758:    255540.000000           1           33.9004   
      2759:    255570.000000           1           33.9035   
      2760:    255600.000000           1           33.9074   
      2761:    255630.000000           1           33.9109   
      2762:    255660.000000           1           33.9132   
      2763:    255690.000000           1           33.9154   
      2764:    255720.000000           1           33.9174   
      2765:    255750.000000           1           33.9193   
      2766:    255780.000000           1           33.9207   
      2767:    255810.000000           1           33.9221   
      2768:    255840.000000           1           33.9237   
      2769:    255870.000000           1           33.9259   
      2770:    255900.000000           1           33.9289   
      2771:    255930.000000           1           33.9323   
      2772:    255960.000000           1           33.9353   
      2773:    255990.000000           1           33.9379   
      2774:    256020.000000           1           33.9412   
      2775:    256050.000000           1           33.9443   
      2776:    256080.000000           1           33.9472   
      2777:    256110.000000           1           33.9495   
      2778:    256140.000000           1           33.9513   
      2779:    256170.000000           1           33.9539   
      2780:    256200.000000           1           33.9559   
      2781:    256230.000000           1           33.9573   
      2782:    256260.000000           1           33.9583   
      2783:    256290.000000           1           33.9595   
      2784:    256320.000000           1           33.9617   
      2785:    256350.000000           1           33.9641   
      2786:    256380.000000           1           33.9668   
      2787:    256410.000000           1           33.9694   
      2788:    256440.000000           1           33.9713   
      2789:    256470.000000           1           33.9734   
      2790:    256500.000000           1           33.9749   
      2791:    256530.000000           1           33.9766   
      2792:    256560.000000           1           33.9785   
      2793:    256590.000000           1           33.9801   
      2794:    256620.000000           1           33.9815   
      2795:    256650.000000           1           33.9824   
      2796:    256680.000000           1           33.9842   
      2797:    256710.000000           1           33.9860   
      2798:    256740.000000           1           33.9881   
      2799:    256770.000000           1           33.9898   
      2800:    256800.000000           1           33.9917   
      2801:    256830.000000           1           33.9938   
      2802:    256860.000000           1           33.9958   
      2803:    256890.000000           1           33.9980   
      2804:    256920.000000           1           34.0000   
      2805:    256950.000000           1           34.0011   
      2806:    256980.000000           1           34.0015   
      2807:    257010.000000           1           34.0013   
      2808:    257040.000000           1           34.0002   
      2809:    257070.000000           1           33.9984   
      2810:    257100.000000           1           33.9968   
      2811:    257130.000000           1           33.9964   
      2812:    257160.000000           1           33.9969   
      2813:    257190.000000           1           33.9978   
      2814:    257220.000000           1           33.9987   
      2815:    257250.000000           1           34.0002   
      2816:    257280.000000           1           34.0020   
      2817:    257310.000000           1           34.0041   
      2818:    257340.000000           1           34.0062   
      2819:    257370.000000           1           34.0077   
      2820:    257400.000000           1           34.0085   
      2821:    257430.000000           1           34.0087   
      2822:    257460.000000           1           34.0094   
      2823:    257490.000000           1           34.0094   
      2824:    257520.000000           1           34.0093   
      2825:    257550.000000           1           34.0092   
      2826:    257580.000000           1           34.0084   
      2827:    257610.000000           1           34.0073   
      2828:    257640.000000           1           34.0064   
      2829:    257670.000000           1           34.0063   
      2830:    257700.000000           1           34.0071   
      2831:    257730.000000           1           34.0083   
      2832:    257760.000000           1           34.0093   
      2833:    257790.000000           1           34.0105   
      2834:    257820.000000           1           34.0124   
      2835:    257850.000000           1           34.0141   
      2836:    257880.000000           1           34.0152   
      2837:    257910.000000           1           34.0163   
      2838:    257940.000000           1           34.0173   
      2839:    257970.000000           1           34.0175   
      2840:    258000.000000           1           34.0175   
      2841:    258030.000000           1           34.0172   
      2842:    258060.000000           1           34.0166   
      2843:    258090.000000           1           34.0153   
      2844:    258120.000000           1           34.0145   
      2845:    258150.000000           1           34.0138   
      2846:    258180.000000           1           34.0129   
      2847:    258210.000000           1           34.0120   
      2848:    258240.000000           1           34.0110   
      2849:    258270.000000           1           34.0105   
      2850:    258300.000000           1           34.0114   
      2851:    258330.000000           1           34.0135   
      2852:    258360.000000           1           34.0158   
      2853:    258390.000000           1           34.0177   
      2854:    258420.000000           1           34.0187   
      2855:    258450.000000           1           34.0194   
      2856:    258480.000000           1           34.0202   
      2857:    258510.000000           1           34.0211   
      2858:    258540.000000           1           34.0221   
      2859:    258570.000000           1           34.0228   
      2860:    258600.000000           1           34.0238   
      2861:    258630.000000           1           34.0247   
      2862:    258660.000000           1           34.0256   
      2863:    258690.000000           1           34.0264   
      2864:    258720.000000           1           34.0271   
      2865:    258750.000000           1           34.0279   
      2866:    258780.000000           1           34.0289   
      2867:    258810.000000           1           34.0299   
      2868:    258840.000000           1           34.0310   
      2869:    258870.000000           1           34.0315   
      2870:    258900.000000           1           34.0322   
      2871:    258930.000000           1           34.0328   
      2872:    258960.000000           1           34.0335   
      2873:    258990.000000           1           34.0343   
      2874:    259020.000000           1           34.0354   
      2875:    259050.000000           1           34.0365   
      2876:    259080.000000           1           34.0380   
      2877:    259110.000000           1           34.0399   
      2878:    259140.000000           1           34.0414   
      2879:    259170.000000           1           34.0428   
