       416:    185280.000000           1           14.7506   
       417:    185310.000000           1           14.7756   
       418:    185340.000000           1           14.6633   
       419:    185370.000000           1           14.5797   
       420:    185400.000000           1           14.5175   
       421:    185430.000000           1           14.5986   
       422:    185460.000000           1           14.6340   
       423:    185490.000000           1           14.5937   
       424:    185520.000000           1           14.5790   
       425:    185550.000000           1           14.5660   
       426:    185580.000000           1           14.5822   
       427:    185610.000000           1           14.5857   
       428:    185640.000000           1           14.5676   
       429:    185670.000000           1           14.5551   
       430:    185700.000000           1           14.5368   
       431:    185730.000000           1           14.5316   
       432:    185760.000000           1           14.5198   
       433:    185790.000000           1           14.4949   
       434:    185820.000000           1           14.4840   
       435:    185850.000000           1           14.4600   
       436:    185880.000000           1           14.4381   
       437:    185910.000000           1           14.4241   
       438:    185940.000000           1           14.4094   
       439:    185970.000000           1           14.3857   
       440:    186000.000000           1           14.3733   
       441:    186030.000000           1           14.3584   
       442:    186060.000000           1           14.3457   
       443:    186090.000000           1           14.3401   
       444:    186120.000000           1           14.3260   
       445:    186150.000000           1           14.3041   
       446:    186180.000000           1           14.2846   
       447:    186210.000000           1           14.2636   
       448:    186240.000000           1           14.2589   
       449:    186270.000000           1           14.2435   
       450:    186300.000000           1           14.2333   
       451:    186330.000000           1           14.2312   
       452:    186360.000000           1           14.2371   
       453:    186390.000000           1           14.2380   
       454:    186420.000000           1           14.2290   
       455:    186450.000000           1           14.2221   
       456:    186480.000000           1           14.2090   
       457:    186510.000000           1           14.2001   
       458:    186540.000000           1           14.1916   
       459:    186570.000000           1           14.1842   
       460:    186600.000000           1           14.1689   
       461:    186630.000000           1           14.1572   
       462:    186660.000000           1           14.1456   
       463:    186690.000000           1           14.1348   
       464:    186720.000000           1           14.1213   
       465:    186750.000000           1           14.1120   
       466:    186780.000000           1           14.1074   
       467:    186810.000000           1           14.1013   
       468:    186840.000000           1           14.0965   
       469:    186870.000000           1           14.0965   
       470:    186900.000000           1           14.0940   
       471:    186930.000000           1           14.0855   
       472:    186960.000000           1           14.0785   
       473:    186990.000000           1           14.0656   
       474:    187020.000000           1           14.0579   
       475:    187050.000000           1           14.0532   
       476:    187080.000000           1           14.0523   
       477:    187110.000000           1           14.0501   
       478:    187140.000000           1           14.0478   
       479:    187170.000000           1           14.0402   
       480:    187200.000000           1           14.0319   
       481:    187230.000000           1           14.0199   
       482:    187260.000000           1           14.0173   
       483:    187290.000000           1           14.0156   
       484:    187320.000000           1           14.0102   
       485:    187350.000000           1           14.0071   
       486:    187380.000000           1           14.0049   
       487:    187410.000000           1           14.0042   
       488:    187440.000000           1           14.0051   
       489:    187470.000000           1           14.0037   
       490:    187500.000000           1           13.9997   
       491:    187530.000000           1           13.9970   
       492:    187560.000000           1           13.9882   
       493:    187590.000000           1           13.9821   
       494:    187620.000000           1           13.9701   
       495:    187650.000000           1           13.9645   
       496:    187680.000000           1           13.9595   
       497:    187710.000000           1           13.9553   
       498:    187740.000000           1           13.9521   
       499:    187770.000000           1           13.9498   
       500:    187800.000000           1           13.9464   
       501:    187830.000000           1           13.9392   
       502:    187860.000000           1           13.9294   
       503:    187890.000000           1           13.9234   
       504:    187920.000000           1           13.9226   
       505:    187950.000000           1           13.9176   
       506:    187980.000000           1           13.9071   
       507:    188010.000000           1           13.8956   
       508:    188040.000000           1           13.8884   
       509:    188070.000000           1           13.8834   
       510:    188100.000000           1           13.8753   
       511:    188130.000000           1           13.8707   
       512:    188160.000000           1           13.8721   
       513:    188190.000000           1           13.8716   
       514:    188220.000000           1           13.8677   
       515:    188250.000000           1           13.8621   
       516:    188280.000000           1           13.8568   
       517:    188310.000000           1           13.8455   
       518:    188340.000000           1           13.8353   
       519:    188370.000000           1           13.8252   
       520:    188400.000000           1           13.8126   
       521:    188430.000000           1           13.8012   
       522:    188460.000000           1           13.7958   
       523:    188490.000000           1           13.7918   
       524:    188520.000000           1           13.7865   
       525:    188550.000000           1           13.7826   
       526:    188580.000000           1           13.7771   
       527:    188610.000000           1           13.7703   
       528:    188640.000000           1           13.7647   
       529:    188670.000000           1           13.7566   
       530:    188700.000000           1           13.7475   
       531:    188730.000000           1           13.7368   
       532:    188760.000000           1           13.7276   
       533:    188790.000000           1           13.7229   
       534:    188820.000000           1           13.7173   
       535:    188850.000000           1           13.7062   
       536:    188880.000000           1           13.6938   
       537:    188910.000000           1           13.6829   
       538:    188940.000000           1           13.6761   
       539:    188970.000000           1           13.6711   
       540:    189000.000000           1           13.6656   
       541:    189030.000000           1           13.6638   
       542:    189060.000000           1           13.6596   
       543:    189090.000000           1           13.6557   
       544:    189120.000000           1           13.6562   
       545:    189150.000000           1           13.6531   
       546:    189180.000000           1           13.6504   
       547:    189210.000000           1           13.6503   
       548:    189240.000000           1           13.6481   
       549:    189270.000000           1           13.6443   
       550:    189300.000000           1           13.6435   
       551:    189330.000000           1           13.6410   
       552:    189360.000000           1           13.6414   
       553:    189390.000000           1           13.6445   
       554:    189420.000000           1           13.6476   
       555:    189450.000000           1           13.6493   
       556:    189480.000000           1           13.6482   
       557:    189510.000000           1           13.6458   
       558:    189540.000000           1           13.6443   
       559:    189570.000000           1           13.6425   
       560:    189600.000000           1           13.6367   
       561:    189630.000000           1           13.6314   
       562:    189660.000000           1           13.6266   
       563:    189690.000000           1           13.6212   
       564:    189720.000000           1           13.6137   
       565:    189750.000000           1           13.6067   
       566:    189780.000000           1           13.6015   
       567:    189810.000000           1           13.5998   
       568:    189840.000000           1           13.5957   
       569:    189870.000000           1           13.5915   
       570:    189900.000000           1           13.5914   
       571:    189930.000000           1           13.5928   
       572:    189960.000000           1           13.5916   
       573:    189990.000000           1           13.5863   
       574:    190020.000000           1           13.5807   
       575:    190050.000000           1           13.5753   
       576:    190080.000000           1           13.5689   
       577:    190110.000000           1           13.5662   
       578:    190140.000000           1           13.5636   
       579:    190170.000000           1           13.5634   
       580:    190200.000000           1           13.5644   
       581:    190230.000000           1           13.5635   
       582:    190260.000000           1           13.5612   
       583:    190290.000000           1           13.5593   
       584:    190320.000000           1           13.5594   
       585:    190350.000000           1           13.5610   
       586:    190380.000000           1           13.5628   
       587:    190410.000000           1           13.5651   
       588:    190440.000000           1           13.5655   
       589:    190470.000000           1           13.5668   
       590:    190500.000000           1           13.5705   
       591:    190530.000000           1           13.5735   
       592:    190560.000000           1           13.5799   
       593:    190590.000000           1           13.5877   
       594:    190620.000000           1           13.5964   
       595:    190650.000000           1           13.6063   
       596:    190680.000000           1           13.6141   
       597:    190710.000000           1           13.6181   
       598:    190740.000000           1           13.6194   
       599:    190770.000000           1           13.6179   
       600:    190800.000000           1           13.6149   
       601:    190830.000000           1           13.6085   
       602:    190860.000000           1           13.6003   
       603:    190890.000000           1           13.5922   
       604:    190920.000000           1           13.5825   
       605:    190950.000000           1           13.5729   
       606:    190980.000000           1           13.5632   
       607:    191010.000000           1           13.5573   
       608:    191040.000000           1           13.5547   
       609:    191070.000000           1           13.5547   
       610:    191100.000000           1           13.5565   
       611:    191130.000000           1           13.5587   
       612:    191160.000000           1           13.5623   
       613:    191190.000000           1           13.5646   
       614:    191220.000000           1           13.5652   
       615:    191250.000000           1           13.5662   
       616:    191280.000000           1           13.5685   
       617:    191310.000000           1           13.5685   
       618:    191340.000000           1           13.5689   
       619:    191370.000000           1           13.5729   
       620:    191400.000000           1           13.5768   
       621:    191430.000000           1           13.5798   
       622:    191460.000000           1           13.5814   
       623:    191490.000000           1           13.5795   
       624:    191520.000000           1           13.5754   
       625:    191550.000000           1           13.5711   
       626:    191580.000000           1           13.5693   
       627:    191610.000000           1           13.5674   
       628:    191640.000000           1           13.5652   
       629:    191670.000000           1           13.5644   
       630:    191700.000000           1           13.5644   
       631:    191730.000000           1           13.5652   
       632:    191760.000000           1           13.5674   
       633:    191790.000000           1           13.5715   
       634:    191820.000000           1           13.5733   
       635:    191850.000000           1           13.5719   
       636:    191880.000000           1           13.5677   
       637:    191910.000000           1           13.5632   
       638:    191940.000000           1           13.5612   
       639:    191970.000000           1           13.5610   
       640:    192000.000000           1           13.5612   
       641:    192030.000000           1           13.5610   
       642:    192060.000000           1           13.5619   
       643:    192090.000000           1           13.5632   
       644:    192120.000000           1           13.5617   
       645:    192150.000000           1           13.5586   
       646:    192180.000000           1           13.5570   
       647:    192210.000000           1           13.5557   
       648:    192240.000000           1           13.5567   
       649:    192270.000000           1           13.5587   
       650:    192300.000000           1           13.5630   
       651:    192330.000000           1           13.5707   
       652:    192360.000000           1           13.5783   
       653:    192390.000000           1           13.5843   
       654:    192420.000000           1           13.5914   
       655:    192450.000000           1           13.5997   
       656:    192480.000000           1           13.6058   
       657:    192510.000000           1           13.6084   
       658:    192540.000000           1           13.6099   
       659:    192570.000000           1           13.6103   
       660:    192600.000000           1           13.6115   
       661:    192630.000000           1           13.6111   
       662:    192660.000000           1           13.6089   
       663:    192690.000000           1           13.6052   
       664:    192720.000000           1           13.6016   
       665:    192750.000000           1           13.5999   
       666:    192780.000000           1           13.5968   
       667:    192810.000000           1           13.5965   
       668:    192840.000000           1           13.5975   
       669:    192870.000000           1           13.5998   
       670:    192900.000000           1           13.6058   
       671:    192930.000000           1           13.6146   
       672:    192960.000000           1           13.6250   
       673:    192990.000000           1           13.6336   
       674:    193020.000000           1           13.6397   
       675:    193050.000000           1           13.6441   
       676:    193080.000000           1           13.6445   
       677:    193110.000000           1           13.6424   
       678:    193140.000000           1           13.6428   
       679:    193170.000000           1           13.6441   
       680:    193200.000000           1           13.6433   
       681:    193230.000000           1           13.6419   
       682:    193260.000000           1           13.6430   
       683:    193290.000000           1           13.6425   
       684:    193320.000000           1           13.6424   
       685:    193350.000000           1           13.6422   
       686:    193380.000000           1           13.6420   
       687:    193410.000000           1           13.6460   
       688:    193440.000000           1           13.6517   
       689:    193470.000000           1           13.6538   
       690:    193500.000000           1           13.6551   
       691:    193530.000000           1           13.6559   
       692:    193560.000000           1           13.6568   
       693:    193590.000000           1           13.6576   
       694:    193620.000000           1           13.6560   
       695:    193650.000000           1           13.6516   
       696:    193680.000000           1           13.6468   
       697:    193710.000000           1           13.6426   
       698:    193740.000000           1           13.6389   
       699:    193770.000000           1           13.6375   
       700:    193800.000000           1           13.6357   
       701:    193830.000000           1           13.6334   
       702:    193860.000000           1           13.6328   
       703:    193890.000000           1           13.6304   
       704:    193920.000000           1           13.6280   
       705:    193950.000000           1           13.6253   
       706:    193980.000000           1           13.6227   
       707:    194010.000000           1           13.6214   
       708:    194040.000000           1           13.6222   
       709:    194070.000000           1           13.6224   
       710:    194100.000000           1           13.6223   
       711:    194130.000000           1           13.6205   
       712:    194160.000000           1           13.6169   
       713:    194190.000000           1           13.6152   
       714:    194220.000000           1           13.6147   
       715:    194250.000000           1           13.6123   
       716:    194280.000000           1           13.6090   
       717:    194310.000000           1           13.6058   
       718:    194340.000000           1           13.6019   
       719:    194370.000000           1           13.5995   
       720:    194400.000000           1           13.5978   
       721:    194430.000000           1           13.5981   
       722:    194460.000000           1           13.5993   
       723:    194490.000000           1           13.6020   
       724:    194520.000000           1           13.6030   
       725:    194550.000000           1           13.6021   
       726:    194580.000000           1           13.6009   
       727:    194610.000000           1           13.5983   
       728:    194640.000000           1           13.5948   
       729:    194670.000000           1           13.5928   
       730:    194700.000000           1           13.5913   
       731:    194730.000000           1           13.5901   
       732:    194760.000000           1           13.5878   
       733:    194790.000000           1           13.5841   
       734:    194820.000000           1           13.5824   
       735:    194850.000000           1           13.5848   
       736:    194880.000000           1           13.5889   
       737:    194910.000000           1           13.5920   
       738:    194940.000000           1           13.5925   
       739:    194970.000000           1           13.5924   
       740:    195000.000000           1           13.5910   
       741:    195030.000000           1           13.5871   
       742:    195060.000000           1           13.5843   
       743:    195090.000000           1           13.5816   
       744:    195120.000000           1           13.5815   
       745:    195150.000000           1           13.5815   
       746:    195180.000000           1           13.5813   
       747:    195210.000000           1           13.5827   
       748:    195240.000000           1           13.5873   
       749:    195270.000000           1           13.5884   
       750:    195300.000000           1           13.5852   
       751:    195330.000000           1           13.5808   
       752:    195360.000000           1           13.5768   
       753:    195390.000000           1           13.5726   
       754:    195420.000000           1           13.5696   
       755:    195450.000000           1           13.5656   
       756:    195480.000000           1           13.5644   
       757:    195510.000000           1           13.5655   
       758:    195540.000000           1           13.5676   
       759:    195570.000000           1           13.5695   
       760:    195600.000000           1           13.5703   
       761:    195630.000000           1           13.5709   
       762:    195660.000000           1           13.5702   
       763:    195690.000000           1           13.5680   
       764:    195720.000000           1           13.5654   
       765:    195750.000000           1           13.5626   
       766:    195780.000000           1           13.5578   
       767:    195810.000000           1           13.5525   
       768:    195840.000000           1           13.5490   
       769:    195870.000000           1           13.5485   
       770:    195900.000000           1           13.5520   
       771:    195930.000000           1           13.5560   
       772:    195960.000000           1           13.5580   
       773:    195990.000000           1           13.5609   
       774:    196020.000000           1           13.5628   
       775:    196050.000000           1           13.5645   
       776:    196080.000000           1           13.5648   
       777:    196110.000000           1           13.5647   
       778:    196140.000000           1           13.5645   
       779:    196170.000000           1           13.5649   
       780:    196200.000000           1           13.5672   
       781:    196230.000000           1           13.5678   
       782:    196260.000000           1           13.5671   
       783:    196290.000000           1           13.5652   
       784:    196320.000000           1           13.5625   
       785:    196350.000000           1           13.5612   
       786:    196380.000000           1           13.5595   
       787:    196410.000000           1           13.5563   
       788:    196440.000000           1           13.5520   
       789:    196470.000000           1           13.5488   
       790:    196500.000000           1           13.5449   
       791:    196530.000000           1           13.5439   
       792:    196560.000000           1           13.5461   
       793:    196590.000000           1           13.5495   
       794:    196620.000000           1           13.5528   
       795:    196650.000000           1           13.5568   
       796:    196680.000000           1           13.5594   
       797:    196710.000000           1           13.5605   
       798:    196740.000000           1           13.5593   
       799:    196770.000000           1           13.5573   
       800:    196800.000000           1           13.5543   
       801:    196830.000000           1           13.5529   
       802:    196860.000000           1           13.5532   
       803:    196890.000000           1           13.5558   
       804:    196920.000000           1           13.5604   
       805:    196950.000000           1           13.5623   
       806:    196980.000000           1           13.5622   
       807:    197010.000000           1           13.5617   
       808:    197040.000000           1           13.5614   
       809:    197070.000000           1           13.5625   
       810:    197100.000000           1           13.5642   
       811:    197130.000000           1           13.5668   
       812:    197160.000000           1           13.5667   
       813:    197190.000000           1           13.5692   
       814:    197220.000000           1           13.5684   
       815:    197250.000000           1           13.5619   
       816:    197280.000000           1           13.5631   
       817:    197310.000000           1           13.5685   
       818:    197340.000000           1           13.5690   
       819:    197370.000000           1           13.5624   
       820:    197400.000000           1           13.5592   
       821:    197430.000000           1           13.5629   
       822:    197460.000000           1           13.5711   
       823:    197490.000000           1           13.5821   
       824:    197520.000000           1           13.5913   
       825:    197550.000000           1           13.5951   
       826:    197580.000000           1           13.5958   
       827:    197610.000000           1           13.5965   
       828:    197640.000000           1           13.5955   
       829:    197670.000000           1           13.5956   
       830:    197700.000000           1           13.5965   
       831:    197730.000000           1           13.5966   
       832:    197760.000000           1           13.5953   
       833:    197790.000000           1           13.5934   
       834:    197820.000000           1           13.5932   
       835:    197850.000000           1           13.5942   
       836:    197880.000000           1           13.5966   
       837:    197910.000000           1           13.5998   
       838:    197940.000000           1           13.6021   
       839:    197970.000000           1           13.6009   
       840:    198000.000000           1           13.5996   
       841:    198030.000000           1           13.5999   
       842:    198060.000000           1           13.6038   
       843:    198090.000000           1           13.6128   
       844:    198120.000000           1           13.6237   
       845:    198150.000000           1           13.6329   
       846:    198180.000000           1           13.6363   
       847:    198210.000000           1           13.6350   
       848:    198240.000000           1           13.6339   
       849:    198270.000000           1           13.6345   
       850:    198300.000000           1           13.6382   
       851:    198330.000000           1           13.6438   
       852:    198360.000000           1           13.6495   
       853:    198390.000000           1           13.6537   
       854:    198420.000000           1           13.6558   
       855:    198450.000000           1           13.6547   
       856:    198480.000000           1           13.6529   
       857:    198510.000000           1           13.6503   
       858:    198540.000000           1           13.6469   
       859:    198570.000000           1           13.6454   
       860:    198600.000000           1           13.6460   
       861:    198630.000000           1           13.6480   
       862:    198660.000000           1           13.6486   
       863:    198690.000000           1           13.6480   
       864:    198720.000000           1           13.6469   
       865:    198750.000000           1           13.6478   
       866:    198780.000000           1           13.6500   
       867:    198810.000000           1           13.6516   
       868:    198840.000000           1           13.6539   
       869:    198870.000000           1           13.6580   
       870:    198900.000000           1           13.6629   
       871:    198930.000000           1           13.6662   
       872:    198960.000000           1           13.6672   
       873:    198990.000000           1           13.6677   
       874:    199020.000000           1           13.6678   
       875:    199050.000000           1           13.6667   
       876:    199080.000000           1           13.6653   
       877:    199110.000000           1           13.6619   
       878:    199140.000000           1           13.6583   
       879:    199170.000000           1           13.6543   
       880:    199200.000000           1           13.6496   
       881:    199230.000000           1           13.6454   
       882:    199260.000000           1           13.6426   
       883:    199290.000000           1           13.6412   
       884:    199320.000000           1           13.6418   
       885:    199350.000000           1           13.6441   
       886:    199380.000000           1           13.6479   
       887:    199410.000000           1           13.6491   
       888:    199440.000000           1           13.6476   
       889:    199470.000000           1           13.6446   
       890:    199500.000000           1           13.6409   
       891:    199530.000000           1           13.6389   
       892:    199560.000000           1           13.6390   
       893:    199590.000000           1           13.6387   
       894:    199620.000000           1           13.6387   
       895:    199650.000000           1           13.6389   
       896:    199680.000000           1           13.6379   
       897:    199710.000000           1           13.6371   
       898:    199740.000000           1           13.6371   
       899:    199770.000000           1           13.6365   
       900:    199800.000000           1           13.6349   
       901:    199830.000000           1           13.6344   
       902:    199860.000000           1           13.6342   
       903:    199890.000000           1           13.6353   
       904:    199920.000000           1           13.6373   
       905:    199950.000000           1           13.6380   
       906:    199980.000000           1           13.6383   
       907:    200010.000000           1           13.6383   
       908:    200040.000000           1           13.6378   
       909:    200070.000000           1           13.6353   
       910:    200100.000000           1           13.6324   
       911:    200130.000000           1           13.6300   
       912:    200160.000000           1           13.6297   
       913:    200190.000000           1           13.6316   
       914:    200220.000000           1           13.6344   
       915:    200250.000000           1           13.6355   
       916:    200280.000000           1           13.6352   
       917:    200310.000000           1           13.6343   
       918:    200340.000000           1           13.6319   
       919:    200370.000000           1           13.6315   
       920:    200400.000000           1           13.6323   
       921:    200430.000000           1           13.6336   
       922:    200460.000000           1           13.6336   
       923:    200490.000000           1           13.6324   
       924:    200520.000000           1           13.6317   
       925:    200550.000000           1           13.6300   
       926:    200580.000000           1           13.6309   
       927:    200610.000000           1           13.6319   
       928:    200640.000000           1           13.6331   
       929:    200670.000000           1           13.6351   
       930:    200700.000000           1           13.6357   
       931:    200730.000000           1           13.6318   
       932:    200760.000000           1           13.6276   
       933:    200790.000000           1           13.6232   
       934:    200820.000000           1           13.6196   
       935:    200850.000000           1           13.6173   
       936:    200880.000000           1           13.6161   
       937:    200910.000000           1           13.6170   
       938:    200940.000000           1           13.6181   
       939:    200970.000000           1           13.6191   
       940:    201000.000000           1           13.6196   
       941:    201030.000000           1           13.6181   
       942:    201060.000000           1           13.6148   
       943:    201090.000000           1           13.6113   
       944:    201120.000000           1           13.6078   
       945:    201150.000000           1           13.6063   
       946:    201180.000000           1           13.6079   
       947:    201210.000000           1           13.6103   
       948:    201240.000000           1           13.6126   
       949:    201270.000000           1           13.6159   
       950:    201300.000000           1           13.6163   
       951:    201330.000000           1           13.6162   
       952:    201360.000000           1           13.6159   
       953:    201390.000000           1           13.6142   
       954:    201420.000000           1           13.6128   
       955:    201450.000000           1           13.6125   
       956:    201480.000000           1           13.6145   
       957:    201510.000000           1           13.6153   
       958:    201540.000000           1           13.6145   
       959:    201570.000000           1           13.6140   
       960:    201600.000000           1           13.6136   
       961:    201630.000000           1           13.6128   
       962:    201660.000000           1           13.6129   
       963:    201690.000000           1           13.6129   
       964:    201720.000000           1           13.6141   
       965:    201750.000000           1           13.6154   
       966:    201780.000000           1           13.6154   
       967:    201810.000000           1           13.6141   
       968:    201840.000000           1           13.6138   
       969:    201870.000000           1           13.6128   
       970:    201900.000000           1           13.6115   
       971:    201930.000000           1           13.6121   
       972:    201960.000000           1           13.6147   
       973:    201990.000000           1           13.6175   
       974:    202020.000000           1           13.6205   
       975:    202050.000000           1           13.6212   
       976:    202080.000000           1           13.6213   
       977:    202110.000000           1           13.6212   
       978:    202140.000000           1           13.6201   
       979:    202170.000000           1           13.6193   
       980:    202200.000000           1           13.6194   
       981:    202230.000000           1           13.6194   
       982:    202260.000000           1           13.6198   
       983:    202290.000000           1           13.6201   
       984:    202320.000000           1           13.6213   
       985:    202350.000000           1           13.6229   
       986:    202380.000000           1           13.6247   
       987:    202410.000000           1           13.6263   
       988:    202440.000000           1           13.6279   
       989:    202470.000000           1           13.6274   
       990:    202500.000000           1           13.6255   
       991:    202530.000000           1           13.6234   
       992:    202560.000000           1           13.6205   
       993:    202590.000000           1           13.6169   
       994:    202620.000000           1           13.6124   
       995:    202650.000000           1           13.6094   
       996:    202680.000000           1           13.6073   
       997:    202710.000000           1           13.6064   
       998:    202740.000000           1           13.6061   
       999:    202770.000000           1           13.6048   
      1000:    202800.000000           1           13.6023   
      1001:    202830.000000           1           13.6001   
      1002:    202860.000000           1           13.5991   
      1003:    202890.000000           1           13.5988   
      1004:    202920.000000           1           13.5992   
      1005:    202950.000000           1           13.5989   
      1006:    202980.000000           1           13.5975   
      1007:    203010.000000           1           13.5946   
      1008:    203040.000000           1           13.5921   
      1009:    203070.000000           1           13.5896   
      1010:    203100.000000           1           13.5874   
      1011:    203130.000000           1           13.5857   
      1012:    203160.000000           1           13.5857   
      1013:    203190.000000           1           13.5858   
      1014:    203220.000000           1           13.5845   
      1015:    203250.000000           1           13.5833   
      1016:    203280.000000           1           13.5831   
      1017:    203310.000000           1           13.5822   
      1018:    203340.000000           1           13.5813   
      1019:    203370.000000           1           13.5814   
      1020:    203400.000000           1           13.5817   
      1021:    203430.000000           1           13.5809   
      1022:    203460.000000           1           13.5797   
      1023:    203490.000000           1           13.5787   
      1024:    203520.000000           1           13.5767   
      1025:    203550.000000           1           13.5745   
      1026:    203580.000000           1           13.5728   
      1027:    203610.000000           1           13.5721   
      1028:    203640.000000           1           13.5719   
      1029:    203670.000000           1           13.5710   
      1030:    203700.000000           1           13.5689   
      1031:    203730.000000           1           13.5658   
      1032:    203760.000000           1           13.5619   
      1033:    203790.000000           1           13.5588   
      1034:    203820.000000           1           13.5544   
      1035:    203850.000000           1           13.5505   
      1036:    203880.000000           1           13.5466   
      1037:    203910.000000           1           13.5427   
      1038:    203940.000000           1           13.5403   
      1039:    203970.000000           1           13.5378   
      1040:    204000.000000           1           13.5361   
      1041:    204030.000000           1           13.5364   
      1042:    204060.000000           1           13.5364   
      1043:    204090.000000           1           13.5362   
      1044:    204120.000000           1           13.5379   
      1045:    204150.000000           1           13.5420   
      1046:    204180.000000           1           13.5461   
      1047:    204210.000000           1           13.5478   
      1048:    204240.000000           1           13.5480   
      1049:    204270.000000           1           13.5481   
      1050:    204300.000000           1           13.5483   
      1051:    204330.000000           1           13.5487   
      1052:    204360.000000           1           13.5494   
      1053:    204390.000000           1           13.5488   
      1054:    204420.000000           1           13.5461   
      1055:    204450.000000           1           13.5434   
      1056:    204480.000000           1           13.5397   
      1057:    204510.000000           1           13.5369   
      1058:    204540.000000           1           13.5352   
      1059:    204570.000000           1           13.5327   
      1060:    204600.000000           1           13.5318   
      1061:    204630.000000           1           13.5313   
      1062:    204660.000000           1           13.5324   
      1063:    204690.000000           1           13.5348   
      1064:    204720.000000           1           13.5369   
      1065:    204750.000000           1           13.5370   
      1066:    204780.000000           1           13.5355   
      1067:    204810.000000           1           13.5341   
      1068:    204840.000000           1           13.5329   
      1069:    204870.000000           1           13.5323   
      1070:    204900.000000           1           13.5328   
      1071:    204930.000000           1           13.5356   
      1072:    204960.000000           1           13.5385   
      1073:    204990.000000           1           13.5400   
      1074:    205020.000000           1           13.5416   
      1075:    205050.000000           1           13.5427   
      1076:    205080.000000           1           13.5431   
      1077:    205110.000000           1           13.5443   
      1078:    205140.000000           1           13.5444   
      1079:    205170.000000           1           13.5444   
      1080:    205200.000000           1           13.5455   
      1081:    205230.000000           1           13.5470   
      1082:    205260.000000           1           13.5475   
      1083:    205290.000000           1           13.5465   
      1084:    205320.000000           1           13.5461   
      1085:    205350.000000           1           13.5470   
      1086:    205380.000000           1           13.5480   
      1087:    205410.000000           1           13.5493   
      1088:    205440.000000           1           13.5509   
      1089:    205470.000000           1           13.5520   
      1090:    205500.000000           1           13.5525   
      1091:    205530.000000           1           13.5530   
      1092:    205560.000000           1           13.5528   
      1093:    205590.000000           1           13.5514   
      1094:    205620.000000           1           13.5497   
      1095:    205650.000000           1           13.5491   
      1096:    205680.000000           1           13.5486   
      1097:    205710.000000           1           13.5478   
      1098:    205740.000000           1           13.5467   
      1099:    205770.000000           1           13.5461   
      1100:    205800.000000           1           13.5457   
      1101:    205830.000000           1           13.5446   
      1102:    205860.000000           1           13.5444   
      1103:    205890.000000           1           13.5458   
      1104:    205920.000000           1           13.5496   
      1105:    205950.000000           1           13.5540   
      1106:    205980.000000           1           13.5569   
      1107:    206010.000000           1           13.5603   
      1108:    206040.000000           1           13.5641   
      1109:    206070.000000           1           13.5677   
      1110:    206100.000000           1           13.5721   
      1111:    206130.000000           1           13.5758   
      1112:    206160.000000           1           13.5785   
      1113:    206190.000000           1           13.5787   
      1114:    206220.000000           1           13.5772   
      1115:    206250.000000           1           13.5768   
      1116:    206280.000000           1           13.5768   
      1117:    206310.000000           1           13.5775   
      1118:    206340.000000           1           13.5783   
      1119:    206370.000000           1           13.5775   
      1120:    206400.000000           1           13.5759   
      1121:    206430.000000           1           13.5749   
      1122:    206460.000000           1           13.5758   
      1123:    206490.000000           1           13.5762   
      1124:    206520.000000           1           13.5751   
      1125:    206550.000000           1           13.5731   
      1126:    206580.000000           1           13.5713   
      1127:    206610.000000           1           13.5698   
      1128:    206640.000000           1           13.5686   
      1129:    206670.000000           1           13.5697   
      1130:    206700.000000           1           13.5726   
      1131:    206730.000000           1           13.5749   
      1132:    206760.000000           1           13.5765   
      1133:    206790.000000           1           13.5777   
      1134:    206820.000000           1           13.5783   
      1135:    206850.000000           1           13.5787   
      1136:    206880.000000           1           13.5798   
      1137:    206910.000000           1           13.5794   
      1138:    206940.000000           1           13.5784   
      1139:    206970.000000           1           13.5773   
      1140:    207000.000000           1           13.5756   
      1141:    207030.000000           1           13.5748   
      1142:    207060.000000           1           13.5723   
      1143:    207090.000000           1           13.5701   
      1144:    207120.000000           1           13.5710   
      1145:    207150.000000           1           13.5713   
      1146:    207180.000000           1           13.5722   
      1147:    207210.000000           1           13.5729   
      1148:    207240.000000           1           13.5711   
      1149:    207270.000000           1           13.5694   
      1150:    207300.000000           1           13.5683   
      1151:    207330.000000           1           13.5674   
      1152:    207360.000000           1           13.5667   
      1153:    207390.000000           1           13.5665   
      1154:    207420.000000           1           13.5661   
      1155:    207450.000000           1           13.5641   
      1156:    207480.000000           1           13.5603   
      1157:    207510.000000           1           13.5571   
      1158:    207540.000000           1           13.5552   
      1159:    207570.000000           1           13.5548   
