      1369:    213870.000000           1            5.7914   
      1370:    213900.000000           1            5.9301   
      1371:    213930.000000           1            5.9062   
      1372:    213960.000000           1            5.9225   
      1373:    213990.000000           1            5.9141   
      1374:    214020.000000           1            5.8826   
      1375:    214050.000000           1            5.8817   
      1376:    214080.000000           1            5.8614   
      1377:    214110.000000           1            5.8730   
      1378:    214140.000000           1            5.8544   
      1379:    214170.000000           1            5.8374   
      1380:    214200.000000           1            5.8278   
      1381:    214230.000000           1            5.8224   
      1382:    214260.000000           1            5.7946   
      1383:    214290.000000           1            5.7909   
      1384:    214320.000000           1            5.7960   
      1385:    214350.000000           1            5.7844   
      1386:    214380.000000           1            5.7745   
      1387:    214410.000000           1            5.7889   
      1388:    214440.000000           1            5.7946   
      1389:    214470.000000           1            5.7803   
      1390:    214500.000000           1            5.7863   
      1391:    214530.000000           1            5.7860   
      1392:    214560.000000           1            5.7772   
      1393:    214590.000000           1            5.7823   
      1394:    214620.000000           1            5.7711   
      1395:    214650.000000           1            5.7553   
      1396:    214680.000000           1            5.7489   
      1397:    214710.000000           1            5.7351   
      1398:    214740.000000           1            5.7118   
      1399:    214770.000000           1            5.6991   
      1400:    214800.000000           1            5.6882   
      1401:    214830.000000           1            5.6834   
      1402:    214860.000000           1            5.6786   
      1403:    214890.000000           1            5.6732   
      1404:    214920.000000           1            5.6649   
      1405:    214950.000000           1            5.6568   
      1406:    214980.000000           1            5.6555   
      1407:    215010.000000           1            5.6561   
      1408:    215040.000000           1            5.6479   
      1409:    215070.000000           1            5.6333   
      1410:    215100.000000           1            5.6332   
      1411:    215130.000000           1            5.6262   
      1412:    215160.000000           1            5.6126   
      1413:    215190.000000           1            5.5990   
      1414:    215220.000000           1            5.5897   
      1415:    215250.000000           1            5.5860   
      1416:    215280.000000           1            5.5824   
      1417:    215310.000000           1            5.5828   
      1418:    215340.000000           1            5.5790   
      1419:    215370.000000           1            5.5788   
      1420:    215400.000000           1            5.5821   
      1421:    215430.000000           1            5.5866   
      1422:    215460.000000           1            5.5882   
      1423:    215490.000000           1            5.5870   
      1424:    215520.000000           1            5.5876   
      1425:    215550.000000           1            5.5906   
      1426:    215580.000000           1            5.5898   
      1427:    215610.000000           1            5.5882   
      1428:    215640.000000           1            5.5848   
      1429:    215670.000000           1            5.5778   
      1430:    215700.000000           1            5.5738   
      1431:    215730.000000           1            5.5707   
      1432:    215760.000000           1            5.5696   
      1433:    215790.000000           1            5.5677   
      1434:    215820.000000           1            5.5665   
      1435:    215850.000000           1            5.5639   
      1436:    215880.000000           1            5.5614   
      1437:    215910.000000           1            5.5625   
      1438:    215940.000000           1            5.5650   
      1439:    215970.000000           1            5.5694   
      1440:    216000.000000           1            5.5730   
      1441:    216030.000000           1            5.5736   
      1442:    216060.000000           1            5.5752   
      1443:    216090.000000           1            5.5776   
      1444:    216120.000000           1            5.5773   
      1445:    216150.000000           1            5.5774   
      1446:    216180.000000           1            5.5786   
      1447:    216210.000000           1            5.5789   
      1448:    216240.000000           1            5.5810   
      1449:    216270.000000           1            5.5844   
      1450:    216300.000000           1            5.5832   
      1451:    216330.000000           1            5.5799   
      1452:    216360.000000           1            5.5749   
      1453:    216390.000000           1            5.5700   
      1454:    216420.000000           1            5.5673   
      1455:    216450.000000           1            5.5650   
      1456:    216480.000000           1            5.5633   
      1457:    216510.000000           1            5.5630   
      1458:    216540.000000           1            5.5632   
      1459:    216570.000000           1            5.5643   
      1460:    216600.000000           1            5.5659   
      1461:    216630.000000           1            5.5697   
      1462:    216660.000000           1            5.5736   
      1463:    216690.000000           1            5.5782   
      1464:    216720.000000           1            5.5818   
      1465:    216750.000000           1            5.5826   
      1466:    216780.000000           1            5.5850   
      1467:    216810.000000           1            5.5868   
      1468:    216840.000000           1            5.5863   
      1469:    216870.000000           1            5.5846   
      1470:    216900.000000           1            5.5834   
      1471:    216930.000000           1            5.5829   
      1472:    216960.000000           1            5.5820   
      1473:    216990.000000           1            5.5801   
      1474:    217020.000000           1            5.5785   
      1475:    217050.000000           1            5.5764   
      1476:    217080.000000           1            5.5735   
      1477:    217110.000000           1            5.5706   
      1478:    217140.000000           1            5.5676   
      1479:    217170.000000           1            5.5649   
      1480:    217200.000000           1            5.5634   
      1481:    217230.000000           1            5.5626   
      1482:    217260.000000           1            5.5619   
      1483:    217290.000000           1            5.5611   
      1484:    217320.000000           1            5.5620   
      1485:    217350.000000           1            5.5643   
      1486:    217380.000000           1            5.5661   
      1487:    217410.000000           1            5.5666   
      1488:    217440.000000           1            5.5654   
      1489:    217470.000000           1            5.5647   
      1490:    217500.000000           1            5.5628   
      1491:    217530.000000           1            5.5604   
      1492:    217560.000000           1            5.5574   
      1493:    217590.000000           1            5.5543   
      1494:    217620.000000           1            5.5504   
      1495:    217650.000000           1            5.5491   
      1496:    217680.000000           1            5.5493   
      1497:    217710.000000           1            5.5522   
      1498:    217740.000000           1            5.5553   
      1499:    217770.000000           1            5.5555   
      1500:    217800.000000           1            5.5540   
      1501:    217830.000000           1            5.5528   
      1502:    217860.000000           1            5.5532   
      1503:    217890.000000           1            5.5549   
      1504:    217920.000000           1            5.5581   
      1505:    217950.000000           1            5.5633   
      1506:    217980.000000           1            5.5679   
      1507:    218010.000000           1            5.5722   
      1508:    218040.000000           1            5.5760   
      1509:    218070.000000           1            5.5780   
      1510:    218100.000000           1            5.5795   
      1511:    218130.000000           1            5.5800   
      1512:    218160.000000           1            5.5810   
      1513:    218190.000000           1            5.5812   
      1514:    218220.000000           1            5.5830   
      1515:    218250.000000           1            5.5865   
      1516:    218280.000000           1            5.5884   
      1517:    218310.000000           1            5.5897   
      1518:    218340.000000           1            5.5907   
      1519:    218370.000000           1            5.5898   
      1520:    218400.000000           1            5.5902   
      1521:    218430.000000           1            5.5915   
      1522:    218460.000000           1            5.5934   
      1523:    218490.000000           1            5.5952   
      1524:    218520.000000           1            5.5953   
      1525:    218550.000000           1            5.5955   
      1526:    218580.000000           1            5.5957   
      1527:    218610.000000           1            5.5936   
      1528:    218640.000000           1            5.5918   
      1529:    218670.000000           1            5.5904   
      1530:    218700.000000           1            5.5901   
      1531:    218730.000000           1            5.5908   
      1532:    218760.000000           1            5.5914   
      1533:    218790.000000           1            5.5941   
      1534:    218820.000000           1            5.5975   
      1535:    218850.000000           1            5.5996   
      1536:    218880.000000           1            5.6002   
      1537:    218910.000000           1            5.5985   
      1538:    218940.000000           1            5.5957   
      1539:    218970.000000           1            5.5923   
      1540:    219000.000000           1            5.5889   
      1541:    219030.000000           1            5.5877   
      1542:    219060.000000           1            5.5873   
      1543:    219090.000000           1            5.5878   
      1544:    219120.000000           1            5.5901   
      1545:    219150.000000           1            5.5927   
      1546:    219180.000000           1            5.5950   
      1547:    219210.000000           1            5.5954   
      1548:    219240.000000           1            5.5952   
      1549:    219270.000000           1            5.5944   
      1550:    219300.000000           1            5.5927   
      1551:    219330.000000           1            5.5899   
      1552:    219360.000000           1            5.5864   
      1553:    219390.000000           1            5.5852   
      1554:    219420.000000           1            5.5852   
      1555:    219450.000000           1            5.5859   
      1556:    219480.000000           1            5.5862   
      1557:    219510.000000           1            5.5864   
      1558:    219540.000000           1            5.5863   
      1559:    219570.000000           1            5.5856   
      1560:    219600.000000           1            5.5846   
      1561:    219630.000000           1            5.5832   
      1562:    219660.000000           1            5.5813   
      1563:    219690.000000           1            5.5781   
      1564:    219720.000000           1            5.5745   
      1565:    219750.000000           1            5.5722   
      1566:    219780.000000           1            5.5704   
      1567:    219810.000000           1            5.5679   
      1568:    219840.000000           1            5.5671   
      1569:    219870.000000           1            5.5663   
      1570:    219900.000000           1            5.5651   
      1571:    219930.000000           1            5.5652   
      1572:    219960.000000           1            5.5660   
      1573:    219990.000000           1            5.5654   
      1574:    220020.000000           1            5.5650   
      1575:    220050.000000           1            5.5628   
      1576:    220080.000000           1            5.5610   
      1577:    220110.000000           1            5.5593   
      1578:    220140.000000           1            5.5574   
      1579:    220170.000000           1            5.5555   
      1580:    220200.000000           1            5.5546   
      1581:    220230.000000           1            5.5554   
      1582:    220260.000000           1            5.5547   
      1583:    220290.000000           1            5.5541   
      1584:    220320.000000           1            5.5535   
      1585:    220350.000000           1            5.5518   
      1586:    220380.000000           1            5.5514   
      1587:    220410.000000           1            5.5506   
      1588:    220440.000000           1            5.5499   
      1589:    220470.000000           1            5.5482   
      1590:    220500.000000           1            5.5474   
      1591:    220530.000000           1            5.5460   
      1592:    220560.000000           1            5.5450   
      1593:    220590.000000           1            5.5448   
      1594:    220620.000000           1            5.5438   
      1595:    220650.000000           1            5.5428   
      1596:    220680.000000           1            5.5419   
      1597:    220710.000000           1            5.5396   
      1598:    220740.000000           1            5.5377   
      1599:    220770.000000           1            5.5358   
      1600:    220800.000000           1            5.5332   
      1601:    220830.000000           1            5.5306   
      1602:    220860.000000           1            5.5272   
      1603:    220890.000000           1            5.5230   
      1604:    220920.000000           1            5.5195   
      1605:    220950.000000           1            5.5175   
      1606:    220980.000000           1            5.5163   
      1607:    221010.000000           1            5.5143   
      1608:    221040.000000           1            5.5134   
      1609:    221070.000000           1            5.5123   
      1610:    221100.000000           1            5.5116   
      1611:    221130.000000           1            5.5111   
      1612:    221160.000000           1            5.5106   
      1613:    221190.000000           1            5.5105   
      1614:    221220.000000           1            5.5097   
      1615:    221250.000000           1            5.5097   
      1616:    221280.000000           1            5.5102   
      1617:    221310.000000           1            5.5086   
      1618:    221340.000000           1            5.5060   
      1619:    221370.000000           1            5.5029   
      1620:    221400.000000           1            5.4995   
      1621:    221430.000000           1            5.4968   
      1622:    221460.000000           1            5.4938   
      1623:    221490.000000           1            5.4911   
      1624:    221520.000000           1            5.4891   
      1625:    221550.000000           1            5.4877   
      1626:    221580.000000           1            5.4854   
      1627:    221610.000000           1            5.4821   
      1628:    221640.000000           1            5.4781   
      1629:    221670.000000           1            5.4728   
      1630:    221700.000000           1            5.4680   
      1631:    221730.000000           1            5.4642   
      1632:    221760.000000           1            5.4608   
      1633:    221790.000000           1            5.4573   
      1634:    221820.000000           1            5.4536   
      1635:    221850.000000           1            5.4495   
      1636:    221880.000000           1            5.4452   
      1637:    221910.000000           1            5.4412   
      1638:    221940.000000           1            5.4382   
      1639:    221970.000000           1            5.4343   
      1640:    222000.000000           1            5.4302   
      1641:    222030.000000           1            5.4261   
      1642:    222060.000000           1            5.4227   
      1643:    222090.000000           1            5.4204   
      1644:    222120.000000           1            5.4177   
      1645:    222150.000000           1            5.4148   
      1646:    222180.000000           1            5.4124   
      1647:    222210.000000           1            5.4108   
      1648:    222240.000000           1            5.4093   
      1649:    222270.000000           1            5.4086   
      1650:    222300.000000           1            5.4084   
      1651:    222330.000000           1            5.4070   
      1652:    222360.000000           1            5.4045   
      1653:    222390.000000           1            5.4023   
      1654:    222420.000000           1            5.4005   
      1655:    222450.000000           1            5.3989   
      1656:    222480.000000           1            5.3982   
      1657:    222510.000000           1            5.3971   
      1658:    222540.000000           1            5.3963   
      1659:    222570.000000           1            5.3951   
      1660:    222600.000000           1            5.3938   
      1661:    222630.000000           1            5.3922   
      1662:    222660.000000           1            5.3905   
      1663:    222690.000000           1            5.3883   
      1664:    222720.000000           1            5.3854   
      1665:    222750.000000           1            5.3825   
      1666:    222780.000000           1            5.3806   
      1667:    222810.000000           1            5.3783   
      1668:    222840.000000           1            5.3764   
      1669:    222870.000000           1            5.3759   
      1670:    222900.000000           1            5.3753   
      1671:    222930.000000           1            5.3739   
      1672:    222960.000000           1            5.3713   
      1673:    222990.000000           1            5.3673   
      1674:    223020.000000           1            5.3626   
      1675:    223050.000000           1            5.3583   
      1676:    223080.000000           1            5.3536   
      1677:    223110.000000           1            5.3499   
      1678:    223140.000000           1            5.3469   
      1679:    223170.000000           1            5.3422   
      1680:    223200.000000           1            5.3375   
      1681:    223230.000000           1            5.3336   
      1682:    223260.000000           1            5.3306   
      1683:    223290.000000           1            5.3273   
      1684:    223320.000000           1            5.3238   
      1685:    223350.000000           1            5.3209   
      1686:    223380.000000           1            5.3184   
      1687:    223410.000000           1            5.3162   
      1688:    223440.000000           1            5.3151   
      1689:    223470.000000           1            5.3141   
      1690:    223500.000000           1            5.3130   
      1691:    223530.000000           1            5.3114   
      1692:    223560.000000           1            5.3091   
      1693:    223590.000000           1            5.3078   
      1694:    223620.000000           1            5.3070   
      1695:    223650.000000           1            5.3056   
      1696:    223680.000000           1            5.3039   
      1697:    223710.000000           1            5.3024   
      1698:    223740.000000           1            5.3014   
      1699:    223770.000000           1            5.3015   
      1700:    223800.000000           1            5.3015   
      1701:    223830.000000           1            5.3016   
      1702:    223860.000000           1            5.3027   
      1703:    223890.000000           1            5.3044   
      1704:    223920.000000           1            5.3061   
      1705:    223950.000000           1            5.3068   
      1706:    223980.000000           1            5.3060   
      1707:    224010.000000           1            5.3038   
      1708:    224040.000000           1            5.3020   
      1709:    224070.000000           1            5.3008   
      1710:    224100.000000           1            5.2996   
      1711:    224130.000000           1            5.2991   
      1712:    224160.000000           1            5.2995   
      1713:    224190.000000           1            5.2992   
      1714:    224220.000000           1            5.2992   
      1715:    224250.000000           1            5.2987   
      1716:    224280.000000           1            5.2966   
      1717:    224310.000000           1            5.2933   
      1718:    224340.000000           1            5.2895   
      1719:    224370.000000           1            5.2861   
      1720:    224400.000000           1            5.2822   
      1721:    224430.000000           1            5.2780   
      1722:    224460.000000           1            5.2737   
      1723:    224490.000000           1            5.2695   
      1724:    224520.000000           1            5.2657   
      1725:    224550.000000           1            5.2623   
      1726:    224580.000000           1            5.2586   
      1727:    224610.000000           1            5.2549   
      1728:    224640.000000           1            5.2509   
      1729:    224670.000000           1            5.2468   
      1730:    224700.000000           1            5.2427   
      1731:    224730.000000           1            5.2381   
      1732:    224760.000000           1            5.2338   
      1733:    224790.000000           1            5.2302   
      1734:    224820.000000           1            5.2278   
      1735:    224850.000000           1            5.2264   
      1736:    224880.000000           1            5.2247   
      1737:    224910.000000           1            5.2239   
      1738:    224940.000000           1            5.2230   
      1739:    224970.000000           1            5.2220   
      1740:    225000.000000           1            5.2201   
      1741:    225030.000000           1            5.2175   
      1742:    225060.000000           1            5.2149   
      1743:    225090.000000           1            5.2126   
      1744:    225120.000000           1            5.2106   
      1745:    225150.000000           1            5.2093   
      1746:    225180.000000           1            5.2077   
      1747:    225210.000000           1            5.2060   
      1748:    225240.000000           1            5.2035   
      1749:    225270.000000           1            5.2003   
      1750:    225300.000000           1            5.1974   
      1751:    225330.000000           1            5.1958   
      1752:    225360.000000           1            5.1945   
      1753:    225390.000000           1            5.1921   
      1754:    225420.000000           1            5.1883   
      1755:    225450.000000           1            5.1845   
      1756:    225480.000000           1            5.1808   
      1757:    225510.000000           1            5.1771   
      1758:    225540.000000           1            5.1729   
      1759:    225570.000000           1            5.1699   
      1760:    225600.000000           1            5.1671   
      1761:    225630.000000           1            5.1658   
      1762:    225660.000000           1            5.1643   
      1763:    225690.000000           1            5.1631   
      1764:    225720.000000           1            5.1617   
      1765:    225750.000000           1            5.1593   
      1766:    225780.000000           1            5.1571   
      1767:    225810.000000           1            5.1552   
      1768:    225840.000000           1            5.1539   
      1769:    225870.000000           1            5.1544   
      1770:    225900.000000           1            5.1549   
      1771:    225930.000000           1            5.1549   
      1772:    225960.000000           1            5.1542   
      1773:    225990.000000           1            5.1535   
      1774:    226020.000000           1            5.1528   
      1775:    226050.000000           1            5.1512   
      1776:    226080.000000           1            5.1496   
      1777:    226110.000000           1            5.1472   
      1778:    226140.000000           1            5.1447   
      1779:    226170.000000           1            5.1428   
      1780:    226200.000000           1            5.1422   
      1781:    226230.000000           1            5.1420   
      1782:    226260.000000           1            5.1413   
      1783:    226290.000000           1            5.1409   
      1784:    226320.000000           1            5.1398   
      1785:    226350.000000           1            5.1378   
      1786:    226380.000000           1            5.1353   
      1787:    226410.000000           1            5.1325   
      1788:    226440.000000           1            5.1293   
      1789:    226470.000000           1            5.1259   
      1790:    226500.000000           1            5.1229   
      1791:    226530.000000           1            5.1209   
      1792:    226560.000000           1            5.1194   
      1793:    226590.000000           1            5.1177   
      1794:    226620.000000           1            5.1160   
      1795:    226650.000000           1            5.1146   
      1796:    226680.000000           1            5.1135   
      1797:    226710.000000           1            5.1124   
      1798:    226740.000000           1            5.1117   
      1799:    226770.000000           1            5.1123   
      1800:    226800.000000           1            5.1133   
      1801:    226830.000000           1            5.1142   
      1802:    226860.000000           1            5.1152   
      1803:    226890.000000           1            5.1156   
      1804:    226920.000000           1            5.1155   
      1805:    226950.000000           1            5.1148   
      1806:    226980.000000           1            5.1130   
      1807:    227010.000000           1            5.1108   
      1808:    227040.000000           1            5.1087   
      1809:    227070.000000           1            5.1073   
      1810:    227100.000000           1            5.1063   
      1811:    227130.000000           1            5.1061   
      1812:    227160.000000           1            5.1066   
      1813:    227190.000000           1            5.1073   
      1814:    227220.000000           1            5.1081   
      1815:    227250.000000           1            5.1085   
      1816:    227280.000000           1            5.1084   
      1817:    227310.000000           1            5.1084   
      1818:    227340.000000           1            5.1089   
      1819:    227370.000000           1            5.1106   
      1820:    227400.000000           1            5.1126   
      1821:    227430.000000           1            5.1150   
      1822:    227460.000000           1            5.1174   
      1823:    227490.000000           1            5.1182   
      1824:    227520.000000           1            5.1184   
      1825:    227550.000000           1            5.1187   
      1826:    227580.000000           1            5.1197   
      1827:    227610.000000           1            5.1206   
      1828:    227640.000000           1            5.1217   
      1829:    227670.000000           1            5.1221   
      1830:    227700.000000           1            5.1227   
      1831:    227730.000000           1            5.1232   
      1832:    227760.000000           1            5.1240   
      1833:    227790.000000           1            5.1240   
      1834:    227820.000000           1            5.1237   
      1835:    227850.000000           1            5.1242   
      1836:    227880.000000           1            5.1250   
      1837:    227910.000000           1            5.1261   
      1838:    227940.000000           1            5.1273   
      1839:    227970.000000           1            5.1281   
      1840:    228000.000000           1            5.1287   
      1841:    228030.000000           1            5.1287   
      1842:    228060.000000           1            5.1280   
      1843:    228090.000000           1            5.1265   
      1844:    228120.000000           1            5.1254   
      1845:    228150.000000           1            5.1250   
      1846:    228180.000000           1            5.1243   
      1847:    228210.000000           1            5.1246   
      1848:    228240.000000           1            5.1255   
      1849:    228270.000000           1            5.1267   
      1850:    228300.000000           1            5.1283   
      1851:    228330.000000           1            5.1303   
      1852:    228360.000000           1            5.1330   
      1853:    228390.000000           1            5.1355   
      1854:    228420.000000           1            5.1373   
      1855:    228450.000000           1            5.1382   
      1856:    228480.000000           1            5.1383   
      1857:    228510.000000           1            5.1381   
      1858:    228540.000000           1            5.1380   
      1859:    228570.000000           1            5.1376   
      1860:    228600.000000           1            5.1377   
      1861:    228630.000000           1            5.1381   
      1862:    228660.000000           1            5.1386   
      1863:    228690.000000           1            5.1401   
      1864:    228720.000000           1            5.1427   
      1865:    228750.000000           1            5.1468   
      1866:    228780.000000           1            5.1519   
      1867:    228810.000000           1            5.1570   
      1868:    228840.000000           1            5.1624   
      1869:    228870.000000           1            5.1677   
      1870:    228900.000000           1            5.1730   
      1871:    228930.000000           1            5.1776   
      1872:    228960.000000           1            5.1806   
      1873:    228990.000000           1            5.1823   
      1874:    229020.000000           1            5.1839   
      1875:    229050.000000           1            5.1848   
      1876:    229080.000000           1            5.1853   
      1877:    229110.000000           1            5.1859   
      1878:    229140.000000           1            5.1870   
      1879:    229170.000000           1            5.1888   
      1880:    229200.000000           1            5.1908   
      1881:    229230.000000           1            5.1930   
      1882:    229260.000000           1            5.1958   
      1883:    229290.000000           1            5.1983   
      1884:    229320.000000           1            5.2015   
      1885:    229350.000000           1            5.2052   
      1886:    229380.000000           1            5.2083   
      1887:    229410.000000           1            5.2112   
      1888:    229440.000000           1            5.2138   
      1889:    229470.000000           1            5.2164   
      1890:    229500.000000           1            5.2184   
      1891:    229530.000000           1            5.2211   
      1892:    229560.000000           1            5.2236   
      1893:    229590.000000           1            5.2257   
      1894:    229620.000000           1            5.2278   
      1895:    229650.000000           1            5.2302   
      1896:    229680.000000           1            5.2328   
      1897:    229710.000000           1            5.2359   
      1898:    229740.000000           1            5.2389   
      1899:    229770.000000           1            5.2425   
      1900:    229800.000000           1            5.2470   
      1901:    229830.000000           1            5.2500   
      1902:    229860.000000           1            5.2521   
      1903:    229890.000000           1            5.2539   
      1904:    229920.000000           1            5.2556   
      1905:    229950.000000           1            5.2574   
      1906:    229980.000000           1            5.2589   
      1907:    230010.000000           1            5.2605   
      1908:    230040.000000           1            5.2623   
      1909:    230070.000000           1            5.2634   
      1910:    230100.000000           1            5.2639   
      1911:    230130.000000           1            5.2642   
      1912:    230160.000000           1            5.2636   
      1913:    230190.000000           1            5.2631   
      1914:    230220.000000           1            5.2631   
      1915:    230250.000000           1            5.2633   
      1916:    230280.000000           1            5.2634   
      1917:    230310.000000           1            5.2635   
      1918:    230340.000000           1            5.2629   
      1919:    230370.000000           1            5.2628   
      1920:    230400.000000           1            5.2628   
      1921:    230430.000000           1            5.2638   
      1922:    230460.000000           1            5.2643   
      1923:    230490.000000           1            5.2637   
      1924:    230520.000000           1            5.2638   
      1925:    230550.000000           1            5.2649   
      1926:    230580.000000           1            5.2666   
      1927:    230610.000000           1            5.2680   
      1928:    230640.000000           1            5.2697   
      1929:    230670.000000           1            5.2717   
      1930:    230700.000000           1            5.2736   
      1931:    230730.000000           1            5.2751   
      1932:    230760.000000           1            5.2772   
      1933:    230790.000000           1            5.2802   
      1934:    230820.000000           1            5.2829   
      1935:    230850.000000           1            5.2855   
      1936:    230880.000000           1            5.2887   
      1937:    230910.000000           1            5.2924   
      1938:    230940.000000           1            5.2963   
      1939:    230970.000000           1            5.2996   
      1940:    231000.000000           1            5.3029   
      1941:    231030.000000           1            5.3069   
      1942:    231060.000000           1            5.3109   
      1943:    231090.000000           1            5.3147   
      2266:    240780.000000           1           51.3158   
      2267:    240810.000000           1           51.3377   
      2268:    240840.000000           1           51.3076   
      2269:    240870.000000           1           51.2678   
      2270:    240900.000000           1           51.2926   
      2272:    240960.000000           1           48.6819   
      2274:    241020.000000           1           36.0959   
      2275:    241050.000000           1           36.0032   
      2276:    241080.000000           1           35.9038   
      2277:    241110.000000           1           35.8351   
      2278:    241140.000000           1           35.7829   
      2279:    241170.000000           1           35.7315   
      2280:    241200.000000           1           35.6993   
      2281:    241230.000000           1           35.6750   
      2282:    241260.000000           1           35.6681   
      2283:    241290.000000           1           35.6826   
      2284:    241320.000000           1           35.6910   
      2285:    241350.000000           1           35.6988   
      2286:    241380.000000           1           35.7207   
      2287:    241410.000000           1           35.7133   
      2288:    241440.000000           1           35.6985   
      2289:    241470.000000           1           35.6821   
      2290:    241500.000000           1           35.6661   
      2291:    241530.000000           1           35.6602   
      2292:    241560.000000           1           35.6545   
      2293:    241590.000000           1           35.6440   
      2294:    241620.000000           1           35.6155   
      2295:    241650.000000           1           35.5953   
      2296:    241680.000000           1           35.5730   
      2297:    241710.000000           1           35.5652   
      2298:    241740.000000           1           35.5587   
      2299:    241770.000000           1           35.5437   
      2300:    241800.000000           1           35.5318   
      2301:    241830.000000           1           35.5296   
      2302:    241860.000000           1           35.5307   
      2303:    241890.000000           1           35.5318   
      2304:    241920.000000           1           35.5376   
      2305:    241950.000000           1           35.5508   
      2306:    241980.000000           1           35.5565   
      2307:    242010.000000           1           35.5612   
      2308:    242040.000000           1           35.5650   
      2309:    242070.000000           1           35.5669   
      2310:    242100.000000           1           35.5581   
      2311:    242130.000000           1           35.5519   
      2312:    242160.000000           1           35.5509   
      2313:    242190.000000           1           35.5559   
      2314:    242220.000000           1           35.5770   
      2315:    242250.000000           1           35.5822   
      2316:    242280.000000           1           35.5833   
      2317:    242310.000000           1           35.5864   
      2318:    242340.000000           1           35.5953   
      2319:    242370.000000           1           35.5988   
      2320:    242400.000000           1           35.5911   
      2321:    242430.000000           1           35.5942   
      2322:    242460.000000           1           35.5929   
      2323:    242490.000000           1           35.5882   
      2324:    242520.000000           1           35.5816   
      2325:    242550.000000           1           35.5778   
      2326:    242580.000000           1           35.5696   
      2327:    242610.000000           1           35.5637   
      2328:    242640.000000           1           35.5624   
      2329:    242670.000000           1           35.5659   
      2330:    242700.000000           1           35.5691   
      2331:    242730.000000           1           35.5708   
      2332:    242760.000000           1           35.5730   
      2333:    242790.000000           1           35.5751   
      2334:    242820.000000           1           35.5760   
      2335:    242850.000000           1           35.5755   
      2336:    242880.000000           1           35.5801   
      2337:    242910.000000           1           35.5853   
      2338:    242940.000000           1           35.5936   
      2339:    242970.000000           1           35.6064   
      2340:    243000.000000           1           35.6131   
      2341:    243030.000000           1           35.6133   
      2342:    243060.000000           1           35.6107   
      2343:    243090.000000           1           35.6078   
      2344:    243120.000000           1           35.6034   
      2345:    243150.000000           1           35.6087   
      2346:    243180.000000           1           35.6212   
      2347:    243210.000000           1           35.6257   
      2348:    243240.000000           1           35.6292   
      2349:    243270.000000           1           35.6320   
      2350:    243300.000000           1           35.6354   
      2351:    243330.000000           1           35.6344   
      2352:    243360.000000           1           35.6339   
      2353:    243390.000000           1           35.6357   
      2354:    243420.000000           1           35.6380   
      2355:    243450.000000           1           35.6437   
      2356:    243480.000000           1           35.6509   
      2357:    243510.000000           1           35.6604   
      2358:    243540.000000           1           35.6730   
      2359:    243570.000000           1           35.6764   
      2360:    243600.000000           1           35.6789   
      2361:    243630.000000           1           35.6789   
      2362:    243660.000000           1           35.6774   
      2363:    243690.000000           1           35.6742   
      2364:    243720.000000           1           35.6682   
      2365:    243750.000000           1           35.6650   
      2366:    243780.000000           1           35.6646   
      2367:    243810.000000           1           35.6631   
      2368:    243840.000000           1           35.6608   
      2369:    243870.000000           1           35.6595   
      2370:    243900.000000           1           35.6591   
      2371:    243930.000000           1           35.6583   
      2372:    243960.000000           1           35.6581   
      2373:    243990.000000           1           35.6592   
      2374:    244020.000000           1           35.6589   
      2375:    244050.000000           1           35.6604   
      2376:    244080.000000           1           35.6604   
      2377:    244110.000000           1           35.6591   
      2378:    244140.000000           1           35.6580   
      2379:    244170.000000           1           35.6556   
      2380:    244200.000000           1           35.6532   
      2381:    244230.000000           1           35.6495   
      2382:    244260.000000           1           35.6467   
      2383:    244290.000000           1           35.6455   
      2384:    244320.000000           1           35.6438   
      2385:    244350.000000           1           35.6401   
      2386:    244380.000000           1           35.6383   
      2387:    244410.000000           1           35.6389   
      2388:    244440.000000           1           35.6409   
      2389:    244470.000000           1           35.6420   
      2390:    244500.000000           1           35.6434   
      2391:    244530.000000           1           35.6465   
      2392:    244560.000000           1           35.6495   
      2393:    244590.000000           1           35.6522   
      2394:    244620.000000           1           35.6549   
      2395:    244650.000000           1           35.6551   
      2396:    244680.000000           1           35.6560   
      2397:    244710.000000           1           35.6566   
      2398:    244740.000000           1           35.6566   
      2399:    244770.000000           1           35.6564   
      2400:    244800.000000           1           35.6566   
      2401:    244830.000000           1           35.6573   
      2402:    244860.000000           1           35.6573   
      2403:    244890.000000           1           35.6568   
      2404:    244920.000000           1           35.6569   
      2405:    244950.000000           1           35.6578   
      2406:    244980.000000           1           35.6596   
      2407:    245010.000000           1           35.6614   
      2408:    245040.000000           1           35.6618   
      2409:    245070.000000           1           35.6605   
      2410:    245100.000000           1           35.6618   
      2411:    245130.000000           1           35.6612   
      2412:    245160.000000           1           35.6610   
      2413:    245190.000000           1           35.6612   
      2414:    245220.000000           1           35.6603   
      2415:    245250.000000           1           35.6578   
      2416:    245280.000000           1           35.6550   
      2417:    245310.000000           1           35.6535   
      2418:    245340.000000           1           35.6553   
      2419:    245370.000000           1           35.6560   
      2420:    245400.000000           1           35.6540   
      2421:    245430.000000           1           35.6534   
      2422:    245460.000000           1           35.6521   
      2423:    245490.000000           1           35.6525   
      2424:    245520.000000           1           35.6541   
      2425:    245550.000000           1           35.6563   
      2426:    245580.000000           1           35.6592   
      2427:    245610.000000           1           35.6630   
      2428:    245640.000000           1           35.6648   
      2429:    245670.000000           1           35.6645   
      2430:    245700.000000           1           35.6637   
      2431:    245730.000000           1           35.6603   
      2432:    245760.000000           1           35.6600   
      2433:    245790.000000           1           35.6595   
      2434:    245820.000000           1           35.6577   
      2435:    245850.000000           1           35.6568   
      2436:    245880.000000           1           35.6559   
      2437:    245910.000000           1           35.6535   
      2438:    245940.000000           1           35.6497   
      2439:    245970.000000           1           35.6469   
      2440:    246000.000000           1           35.6450   
      2441:    246030.000000           1           35.6442   
      2442:    246060.000000           1           35.6433   
      2443:    246090.000000           1           35.6411   
      2444:    246120.000000           1           35.6393   
      2445:    246150.000000           1           35.6366   
      2446:    246180.000000           1           35.6344   
      2447:    246210.000000           1           35.6320   
      2448:    246240.000000           1           35.6294   
      2449:    246270.000000           1           35.6263   
      2450:    246300.000000           1           35.6239   
      2451:    246330.000000           1           35.6216   
      2452:    246360.000000           1           35.6198   
      2453:    246390.000000           1           35.6184   
      2454:    246420.000000           1           35.6177   
      2455:    246450.000000           1           35.6169   
      2456:    246480.000000           1           35.6156   
      2457:    246510.000000           1           35.6161   
      2458:    246540.000000           1           35.6170   
      2459:    246570.000000           1           35.6172   
      2460:    246600.000000           1           35.6165   
      2461:    246630.000000           1           35.6141   
      2462:    246660.000000           1           35.6149   
      2463:    246690.000000           1           35.6148   
      2464:    246720.000000           1           35.6178   
      2465:    246750.000000           1           35.6218   
      2466:    246780.000000           1           35.6247   
      2467:    246810.000000           1           35.6266   
      2468:    246840.000000           1           35.6274   
      2469:    246870.000000           1           35.6292   
      2470:    246900.000000           1           35.6296   
      2471:    246930.000000           1           35.6306   
      2472:    246960.000000           1           35.6307   
      2473:    246990.000000           1           35.6301   
      2474:    247020.000000           1           35.6280   
      2475:    247050.000000           1           35.6250   
      2476:    247080.000000           1           35.6230   
      2477:    247110.000000           1           35.6201   
      2478:    247140.000000           1           35.6168   
      2479:    247170.000000           1           35.6151   
      2480:    247200.000000           1           35.6124   
      2481:    247230.000000           1           35.6097   
      2482:    247260.000000           1           35.6073   
      2483:    247290.000000           1           35.6046   
      2484:    247320.000000           1           35.6019   
      2485:    247350.000000           1           35.5997   
      2486:    247380.000000           1           35.5975   
      2487:    247410.000000           1           35.5955   
      2488:    247440.000000           1           35.5947   
      2489:    247470.000000           1           35.5946   
      2490:    247500.000000           1           35.5935   
      2491:    247530.000000           1           35.5922   
      2492:    247560.000000           1           35.5902   
      2493:    247590.000000           1           35.5876   
      2494:    247620.000000           1           35.5856   
      2495:    247650.000000           1           35.5843   
      2496:    247680.000000           1           35.5830   
      2497:    247710.000000           1           35.5804   
      2498:    247740.000000           1           35.5781   
      2499:    247770.000000           1           35.5763   
      2500:    247800.000000           1           35.5741   
      2501:    247830.000000           1           35.5717   
      2502:    247860.000000           1           35.5700   
      2503:    247890.000000           1           35.5690   
      2504:    247920.000000           1           35.5684   
      2505:    247950.000000           1           35.5684   
      2506:    247980.000000           1           35.5680   
      2507:    248010.000000           1           35.5671   
      2508:    248040.000000           1           35.5665   
      2509:    248070.000000           1           35.5655   
      2510:    248100.000000           1           35.5644   
      2511:    248130.000000           1           35.5635   
      2512:    248160.000000           1           35.5647   
      2513:    248190.000000           1           35.5649   
      2514:    248220.000000           1           35.5656   
      2515:    248250.000000           1           35.5659   
      2516:    248280.000000           1           35.5664   
      2517:    248310.000000           1           35.5659   
      2518:    248340.000000           1           35.5654   
      2519:    248370.000000           1           35.5646   
      2520:    248400.000000           1           35.5634   
      2521:    248430.000000           1           35.5625   
      2522:    248460.000000           1           35.5623   
      2523:    248490.000000           1           35.5610   
      2524:    248520.000000           1           35.5596   
      2525:    248550.000000           1           35.5592   
      2526:    248580.000000           1           35.5589   
      2527:    248610.000000           1           35.5584   
      2528:    248640.000000           1           35.5582   
      2529:    248670.000000           1           35.5580   
      2530:    248700.000000           1           35.5575   
      2531:    248730.000000           1           35.5570   
      2532:    248760.000000           1           35.5572   
      2533:    248790.000000           1           35.5564   
      2534:    248820.000000           1           35.5561   
      2535:    248850.000000           1           35.5557   
      2536:    248880.000000           1           35.5545   
      2537:    248910.000000           1           35.5534   
      2538:    248940.000000           1           35.5533   
      2539:    248970.000000           1           35.5528   
      2540:    249000.000000           1           35.5523   
      2541:    249030.000000           1           35.5522   
      2542:    249060.000000           1           35.5528   
      2543:    249090.000000           1           35.5530   
      2544:    249120.000000           1           35.5533   
      2545:    249150.000000           1           35.5542   
      2546:    249180.000000           1           35.5553   
      2547:    249210.000000           1           35.5556   
      2548:    249240.000000           1           35.5551   
      2549:    249270.000000           1           35.5546   
      2550:    249300.000000           1           35.5543   
      2551:    249330.000000           1           35.5539   
      2552:    249360.000000           1           35.5543   
      2553:    249390.000000           1           35.5556   
      2554:    249420.000000           1           35.5570   
      2555:    249450.000000           1           35.5581   
      2556:    249480.000000           1           35.5591   
      2557:    249510.000000           1           35.5595   
      2558:    249540.000000           1           35.5594   
      2559:    249570.000000           1           35.5590   
      2560:    249600.000000           1           35.5590   
      2561:    249630.000000           1           35.5597   
      2562:    249660.000000           1           35.5600   
      2563:    249690.000000           1           35.5598   
      2564:    249720.000000           1           35.5595   
      2565:    249750.000000           1           35.5586   
      2566:    249780.000000           1           35.5573   
      2567:    249810.000000           1           35.5554   
      2568:    249840.000000           1           35.5537   
      2569:    249870.000000           1           35.5526   
      2570:    249900.000000           1           35.5512   
      2571:    249930.000000           1           35.5508   
      2572:    249960.000000           1           35.5515   
      2573:    249990.000000           1           35.5526   
      2574:    250020.000000           1           35.5537   
      2575:    250050.000000           1           35.5546   
      2576:    250080.000000           1           35.5555   
      2577:    250110.000000           1           35.5565   
      2578:    250140.000000           1           35.5575   
      2579:    250170.000000           1           35.5578   
      2580:    250200.000000           1           35.5581   
      2581:    250230.000000           1           35.5587   
      2582:    250260.000000           1           35.5585   
      2583:    250290.000000           1           35.5575   
      2584:    250320.000000           1           35.5564   
      2585:    250350.000000           1           35.5557   
      2586:    250380.000000           1           35.5553   
      2587:    250410.000000           1           35.5544   
      2588:    250440.000000           1           35.5537   
      2589:    250470.000000           1           35.5525   
      2590:    250500.000000           1           35.5521   
      2591:    250530.000000           1           35.5528   
      2592:    250560.000000           1           35.5532   
      2593:    250590.000000           1           35.5531   
      2594:    250620.000000           1           35.5534   
      2595:    250650.000000           1           35.5528   
      2596:    250680.000000           1           35.5522   
      2597:    250710.000000           1           35.5516   
      2598:    250740.000000           1           35.5514   
      2599:    250770.000000           1           35.5522   
      2600:    250800.000000           1           35.5542   
      2601:    250830.000000           1           35.5564   
      2602:    250860.000000           1           35.5583   
      2603:    250890.000000           1           35.5601   
      2604:    250920.000000           1           35.5616   
      2605:    250950.000000           1           35.5630   
      2606:    250980.000000           1           35.5642   
      2607:    251010.000000           1           35.5656   
      2608:    251040.000000           1           35.5678   
      2609:    251070.000000           1           35.5700   
      2610:    251100.000000           1           35.5716   
      2611:    251130.000000           1           35.5723   
      2612:    251160.000000           1           35.5726   
      2613:    251190.000000           1           35.5726   
      2614:    251220.000000           1           35.5729   
      2615:    251250.000000           1           35.5740   
      2616:    251280.000000           1           35.5749   
      2617:    251310.000000           1           35.5752   
      2618:    251340.000000           1           35.5744   
      2619:    251370.000000           1           35.5729   
      2620:    251400.000000           1           35.5709   
      2621:    251430.000000           1           35.5695   
      2622:    251460.000000           1           35.5697   
      2623:    251490.000000           1           35.5705   
      2624:    251520.000000           1           35.5721   
      2625:    251550.000000           1           35.5740   
      2626:    251580.000000           1           35.5756   
      2627:    251610.000000           1           35.5759   
      2628:    251640.000000           1           35.5756   
      2629:    251670.000000           1           35.5742   
      2630:    251700.000000           1           35.5724   
      2631:    251730.000000           1           35.5713   
      2632:    251760.000000           1           35.5707   
      2633:    251790.000000           1           35.5711   
      2634:    251820.000000           1           35.5721   
      2635:    251850.000000           1           35.5739   
      2636:    251880.000000           1           35.5757   
      2637:    251910.000000           1           35.5772   
      2638:    251940.000000           1           35.5782   
      2639:    251970.000000           1           35.5789   
      2640:    252000.000000           1           35.5788   
      2641:    252030.000000           1           35.5782   
      2642:    252060.000000           1           35.5782   
      2643:    252090.000000           1           35.5791   
      2644:    252120.000000           1           35.5795   
      2645:    252150.000000           1           35.5803   
      2646:    252180.000000           1           35.5808   
      2647:    252210.000000           1           35.5810   
      2648:    252240.000000           1           35.5813   
      2649:    252270.000000           1           35.5810   
      2650:    252300.000000           1           35.5802   
      2651:    252330.000000           1           35.5796   
      2652:    252360.000000           1           35.5794   
      2653:    252390.000000           1           35.5801   
      2654:    252420.000000           1           35.5813   
      2655:    252450.000000           1           35.5827   
      2656:    252480.000000           1           35.5847   
      2657:    252510.000000           1           35.5866   
      2658:    252540.000000           1           35.5869   
      2659:    252570.000000           1           35.5859   
      2660:    252600.000000           1           35.5850   
      2661:    252630.000000           1           35.5843   
      2662:    252660.000000           1           35.5840   
      2663:    252690.000000           1           35.5843   
      2664:    252720.000000           1           35.5847   
      2665:    252750.000000           1           35.5858   
      2666:    252780.000000           1           35.5873   
      2667:    252810.000000           1           35.5890   
      2668:    252840.000000           1           35.5909   
      2669:    252870.000000           1           35.5924   
      2670:    252900.000000           1           35.5932   
      2671:    252930.000000           1           35.5932   
      2672:    252960.000000           1           35.5927   
      2673:    252990.000000           1           35.5924   
      2674:    253020.000000           1           35.5928   
      2675:    253050.000000           1           35.5941   
      2676:    253080.000000           1           35.5960   
      2677:    253110.000000           1           35.5984   
      2678:    253140.000000           1           35.6010   
      2679:    253170.000000           1           35.6023   
      2680:    253200.000000           1           35.6025   
      2681:    253230.000000           1           35.6022   
