       302:    181860.000000           1           54.3378   
       303:    181890.000000           1           54.3463   
       304:    181920.000000           1           54.2640   
       305:    181950.000000           1           54.3277   
       306:    181980.000000           1           54.2874   
       307:    182010.000000           1           54.2458   
       308:    182040.000000           1           54.2071   
       309:    182070.000000           1           54.1585   
       310:    182100.000000           1           54.1246   
       311:    182130.000000           1           54.1097   
       312:    182160.000000           1           54.0892   
       313:    182190.000000           1           54.0699   
       314:    182220.000000           1           54.0721   
       315:    182250.000000           1           54.0598   
       316:    182280.000000           1           54.0787   
       317:    182310.000000           1           54.0818   
       318:    182340.000000           1           54.0514   
       319:    182370.000000           1           54.0196   
       320:    182400.000000           1           54.0147   
       321:    182430.000000           1           53.9965   
       322:    182460.000000           1           53.9597   
       323:    182490.000000           1           53.9459   
       324:    182520.000000           1           53.9265   
       325:    182550.000000           1           53.9127   
       326:    182580.000000           1           53.9008   
       327:    182610.000000           1           53.8664   
       328:    182640.000000           1           53.8329   
       329:    182670.000000           1           53.8195   
       330:    182700.000000           1           53.8018   
       331:    182730.000000           1           53.7942   
       332:    182760.000000           1           53.7890   
       333:    182790.000000           1           53.7847   
       334:    182820.000000           1           53.7661   
       335:    182850.000000           1           53.7532   
       336:    182880.000000           1           53.7387   
       337:    182910.000000           1           53.7228   
       338:    182940.000000           1           53.7061   
       339:    182970.000000           1           53.6942   
       340:    183000.000000           1           53.6792   
       341:    183030.000000           1           53.6570   
       342:    183060.000000           1           53.6386   
       343:    183090.000000           1           53.6356   
       344:    183120.000000           1           53.6218   
       345:    183150.000000           1           53.6078   
       346:    183180.000000           1           53.6031   
       347:    183210.000000           1           53.5992   
       348:    183240.000000           1           53.6014   
       349:    183270.000000           1           53.5985   
       350:    183300.000000           1           53.5976   
       351:    183330.000000           1           53.5911   
       352:    183360.000000           1           53.5816   
       353:    183390.000000           1           53.5764   
       354:    183420.000000           1           53.5732   
       355:    183450.000000           1           53.5622   
       356:    183480.000000           1           53.5458   
       357:    183510.000000           1           53.5355   
       358:    183540.000000           1           53.5299   
       359:    183570.000000           1           53.5196   
       360:    183600.000000           1           53.5109   
       361:    183630.000000           1           53.5064   
       362:    183660.000000           1           53.5041   
       363:    183690.000000           1           53.5025   
       364:    183720.000000           1           53.4945   
       365:    183750.000000           1           53.4835   
       366:    183780.000000           1           53.4744   
       367:    183810.000000           1           53.4675   
       368:    183840.000000           1           53.4539   
       369:    183870.000000           1           53.4400   
       370:    183900.000000           1           53.4212   
       371:    183930.000000           1           53.4029   
       372:    183960.000000           1           53.3899   
       373:    183990.000000           1           53.3746   
       374:    184020.000000           1           53.3595   
       375:    184050.000000           1           53.3510   
       376:    184080.000000           1           53.3469   
       377:    184110.000000           1           53.3397   
       378:    184140.000000           1           53.3303   
       379:    184170.000000           1           53.3275   
       380:    184200.000000           1           53.3321   
       381:    184230.000000           1           53.3404   
       382:    184260.000000           1           53.3504   
       383:    184290.000000           1           53.3599   
       384:    184320.000000           1           53.3621   
       385:    184350.000000           1           53.3641   
       386:    184380.000000           1           53.3581   
       387:    184410.000000           1           53.3450   
       388:    184440.000000           1           53.3296   
       389:    184470.000000           1           53.3152   
       390:    184500.000000           1           53.3040   
       391:    184530.000000           1           53.2951   
       392:    184560.000000           1           53.2911   
       393:    184590.000000           1           53.2854   
       394:    184620.000000           1           53.2820   
       395:    184650.000000           1           53.2859   
       396:    184680.000000           1           53.2984   
       397:    184710.000000           1           53.3127   
       398:    184740.000000           1           53.3251   
       399:    184770.000000           1           53.3381   
       400:    184800.000000           1           53.3525   
       401:    184830.000000           1           53.3613   
       402:    184860.000000           1           53.3611   
       403:    184890.000000           1           53.3582   
       404:    184920.000000           1           53.3517   
       405:    184950.000000           1           53.3376   
       406:    184980.000000           1           53.3240   
       407:    185010.000000           1           53.3089   
       408:    185040.000000           1           53.2926   
       409:    185070.000000           1           53.2806   
       410:    185100.000000           1           53.2724   
       411:    185130.000000           1           53.2625   
       412:    185160.000000           1           53.2532   
       413:    185190.000000           1           53.2473   
       414:    185220.000000           1           53.2439   
       415:    185250.000000           1           53.2411   
       416:    185280.000000           1           53.2383   
       417:    185310.000000           1           53.2402   
       418:    185340.000000           1           53.2428   
       419:    185370.000000           1           53.2419   
       420:    185400.000000           1           53.2420   
       421:    185430.000000           1           53.2396   
       422:    185460.000000           1           53.2375   
       423:    185490.000000           1           53.2326   
       424:    185520.000000           1           53.2255   
       425:    185550.000000           1           53.2215   
       426:    185580.000000           1           53.2185   
       427:    185610.000000           1           53.2135   
       428:    185640.000000           1           53.2115   
       429:    185670.000000           1           53.2086   
       430:    185700.000000           1           53.2068   
       431:    185730.000000           1           53.2057   
       432:    185760.000000           1           53.2012   
       433:    185790.000000           1           53.1931   
       434:    185820.000000           1           53.1819   
       435:    185850.000000           1           53.1685   
       436:    185880.000000           1           53.1565   
       437:    185910.000000           1           53.1475   
       438:    185940.000000           1           53.1409   
       439:    185970.000000           1           53.1309   
       440:    186000.000000           1           53.1243   
       441:    186030.000000           1           53.1158   
       442:    186060.000000           1           53.1079   
       443:    186090.000000           1           53.1006   
       444:    186120.000000           1           53.0928   
       445:    186150.000000           1           53.0833   
       446:    186180.000000           1           53.0741   
       447:    186210.000000           1           53.0657   
       448:    186240.000000           1           53.0591   
       449:    186270.000000           1           53.0485   
       450:    186300.000000           1           53.0418   
       451:    186330.000000           1           53.0384   
       452:    186360.000000           1           53.0373   
       453:    186390.000000           1           53.0373   
       454:    186420.000000           1           53.0337   
       455:    186450.000000           1           53.0305   
       456:    186480.000000           1           53.0266   
       457:    186510.000000           1           53.0218   
       458:    186540.000000           1           53.0185   
       459:    186570.000000           1           53.0147   
       460:    186600.000000           1           53.0084   
       461:    186630.000000           1           53.0027   
       462:    186660.000000           1           52.9980   
       463:    186690.000000           1           52.9938   
       464:    186720.000000           1           52.9871   
       465:    186750.000000           1           52.9812   
       466:    186780.000000           1           52.9755   
       467:    186810.000000           1           52.9703   
       468:    186840.000000           1           52.9664   
       469:    186870.000000           1           52.9637   
       470:    186900.000000           1           52.9619   
       471:    186930.000000           1           52.9586   
       472:    186960.000000           1           52.9568   
       473:    186990.000000           1           52.9542   
       474:    187020.000000           1           52.9531   
       475:    187050.000000           1           52.9543   
       476:    187080.000000           1           52.9521   
       477:    187110.000000           1           52.9473   
       478:    187140.000000           1           52.9456   
       479:    187170.000000           1           52.9432   
       480:    187200.000000           1           52.9400   
       481:    187230.000000           1           52.9350   
       482:    187260.000000           1           52.9330   
       483:    187290.000000           1           52.9342   
       484:    187320.000000           1           52.9345   
       485:    187350.000000           1           52.9370   
       486:    187380.000000           1           52.9420   
       487:    187410.000000           1           52.9485   
       488:    187440.000000           1           52.9537   
       489:    187470.000000           1           52.9565   
       490:    187500.000000           1           52.9571   
       491:    187530.000000           1           52.9559   
       492:    187560.000000           1           52.9523   
       493:    187590.000000           1           52.9494   
       494:    187620.000000           1           52.9410   
       495:    187650.000000           1           52.9366   
       496:    187680.000000           1           52.9336   
       497:    187710.000000           1           52.9298   
       498:    187740.000000           1           52.9253   
       499:    187770.000000           1           52.9212   
       500:    187800.000000           1           52.9202   
       501:    187830.000000           1           52.9146   
       502:    187860.000000           1           52.9039   
       503:    187890.000000           1           52.8948   
       504:    187920.000000           1           52.8908   
       505:    187950.000000           1           52.8866   
       506:    187980.000000           1           52.8794   
       507:    188010.000000           1           52.8711   
       508:    188040.000000           1           52.8655   
       509:    188070.000000           1           52.8568   
       510:    188100.000000           1           52.8473   
       511:    188130.000000           1           52.8430   
       512:    188160.000000           1           52.8446   
       513:    188190.000000           1           52.8460   
       514:    188220.000000           1           52.8429   
       515:    188250.000000           1           52.8387   
       516:    188280.000000           1           52.8353   
       517:    188310.000000           1           52.8279   
       518:    188340.000000           1           52.8186   
       519:    188370.000000           1           52.8071   
       520:    188400.000000           1           52.7960   
       521:    188430.000000           1           52.7867   
       522:    188460.000000           1           52.7837   
       523:    188490.000000           1           52.7802   
       524:    188520.000000           1           52.7737   
       525:    188550.000000           1           52.7690   
       526:    188580.000000           1           52.7651   
       527:    188610.000000           1           52.7600   
       528:    188640.000000           1           52.7539   
       529:    188670.000000           1           52.7449   
       530:    188700.000000           1           52.7369   
       531:    188730.000000           1           52.7275   
       532:    188760.000000           1           52.7195   
       533:    188790.000000           1           52.7160   
       534:    188820.000000           1           52.7118   
       535:    188850.000000           1           52.7013   
       536:    188880.000000           1           52.6883   
       537:    188910.000000           1           52.6778   
       538:    188940.000000           1           52.6714   
       539:    188970.000000           1           52.6676   
       540:    189000.000000           1           52.6644   
       541:    189030.000000           1           52.6637   
       542:    189060.000000           1           52.6614   
       543:    189090.000000           1           52.6598   
       544:    189120.000000           1           52.6615   
       545:    189150.000000           1           52.6597   
       546:    189180.000000           1           52.6584   
       547:    189210.000000           1           52.6590   
       548:    189240.000000           1           52.6577   
       549:    189270.000000           1           52.6553   
       550:    189300.000000           1           52.6555   
       551:    189330.000000           1           52.6543   
       552:    189360.000000           1           52.6544   
       553:    189390.000000           1           52.6576   
       554:    189420.000000           1           52.6592   
       555:    189450.000000           1           52.6600   
       556:    189480.000000           1           52.6595   
       557:    189510.000000           1           52.6587   
       558:    189540.000000           1           52.6573   
       559:    189570.000000           1           52.6560   
       560:    189600.000000           1           52.6513   
       561:    189630.000000           1           52.6473   
       562:    189660.000000           1           52.6436   
       563:    189690.000000           1           52.6396   
       564:    189720.000000           1           52.6346   
       565:    189750.000000           1           52.6295   
       566:    189780.000000           1           52.6254   
       567:    189810.000000           1           52.6242   
       568:    189840.000000           1           52.6213   
       569:    189870.000000           1           52.6175   
       570:    189900.000000           1           52.6178   
       571:    189930.000000           1           52.6199   
       572:    189960.000000           1           52.6197   
       573:    189990.000000           1           52.6155   
       574:    190020.000000           1           52.6102   
       575:    190050.000000           1           52.6053   
       576:    190080.000000           1           52.5986   
       577:    190110.000000           1           52.5961   
       578:    190140.000000           1           52.5950   
       579:    190170.000000           1           52.5941   
       580:    190200.000000           1           52.5962   
       581:    190230.000000           1           52.5952   
       582:    190260.000000           1           52.5923   
       583:    190290.000000           1           52.5899   
       584:    190320.000000           1           52.5884   
       585:    190350.000000           1           52.5889   
       586:    190380.000000           1           52.5910   
       587:    190410.000000           1           52.5937   
       588:    190440.000000           1           52.5939   
       589:    190470.000000           1           52.5949   
       590:    190500.000000           1           52.5977   
       591:    190530.000000           1           52.6006   
       592:    190560.000000           1           52.6067   
       593:    190590.000000           1           52.6147   
       594:    190620.000000           1           52.6240   
       595:    190650.000000           1           52.6350   
       596:    190680.000000           1           52.6439   
       597:    190710.000000           1           52.6476   
       598:    190740.000000           1           52.6485   
       599:    190770.000000           1           52.6473   
       600:    190800.000000           1           52.6445   
       601:    190830.000000           1           52.6385   
       602:    190860.000000           1           52.6305   
       603:    190890.000000           1           52.6226   
       604:    190920.000000           1           52.6128   
       605:    190950.000000           1           52.6031   
       606:    190980.000000           1           52.5926   
       607:    191010.000000           1           52.5858   
       608:    191040.000000           1           52.5824   
       609:    191070.000000           1           52.5815   
       610:    191100.000000           1           52.5832   
       611:    191130.000000           1           52.5856   
       612:    191160.000000           1           52.5893   
       613:    191190.000000           1           52.5922   
       614:    191220.000000           1           52.5930   
       615:    191250.000000           1           52.5937   
       616:    191280.000000           1           52.5960   
       617:    191310.000000           1           52.5964   
       618:    191340.000000           1           52.5971   
       619:    191370.000000           1           52.6010   
       620:    191400.000000           1           52.6051   
       621:    191430.000000           1           52.6086   
       622:    191460.000000           1           52.6104   
       623:    191490.000000           1           52.6090   
       624:    191520.000000           1           52.6047   
       625:    191550.000000           1           52.5998   
       626:    191580.000000           1           52.5975   
       627:    191610.000000           1           52.5951   
       628:    191640.000000           1           52.5922   
       629:    191670.000000           1           52.5913   
       630:    191700.000000           1           52.5911   
       631:    191730.000000           1           52.5916   
       632:    191760.000000           1           52.5934   
       633:    191790.000000           1           52.5967   
       634:    191820.000000           1           52.5987   
       635:    191850.000000           1           52.5973   
       636:    191880.000000           1           52.5940   
       637:    191910.000000           1           52.5893   
       638:    191940.000000           1           52.5865   
       639:    191970.000000           1           52.5856   
       640:    192000.000000           1           52.5851   
       641:    192030.000000           1           52.5841   
       642:    192060.000000           1           52.5849   
       643:    192090.000000           1           52.5857   
       644:    192120.000000           1           52.5841   
       645:    192150.000000           1           52.5808   
       646:    192180.000000           1           52.5782   
       647:    192210.000000           1           52.5760   
       648:    192240.000000           1           52.5756   
       649:    192270.000000           1           52.5762   
       650:    192300.000000           1           52.5792   
       651:    192330.000000           1           52.5854   
       652:    192360.000000           1           52.5920   
       653:    192390.000000           1           52.5972   
       654:    192420.000000           1           52.6040   
       655:    192450.000000           1           52.6117   
       656:    192480.000000           1           52.6176   
       657:    192510.000000           1           52.6200   
       658:    192540.000000           1           52.6214   
       659:    192570.000000           1           52.6219   
       660:    192600.000000           1           52.6231   
       661:    192630.000000           1           52.6224   
       662:    192660.000000           1           52.6195   
       663:    192690.000000           1           52.6150   
       664:    192720.000000           1           52.6112   
       665:    192750.000000           1           52.6087   
       666:    192780.000000           1           52.6047   
       667:    192810.000000           1           52.6034   
       668:    192840.000000           1           52.6038   
       669:    192870.000000           1           52.6051   
       670:    192900.000000           1           52.6105   
       671:    192930.000000           1           52.6186   
       672:    192960.000000           1           52.6284   
       673:    192990.000000           1           52.6363   
       674:    193020.000000           1           52.6422   
       675:    193050.000000           1           52.6463   
       676:    193080.000000           1           52.6462   
       677:    193110.000000           1           52.6442   
       678:    193140.000000           1           52.6443   
       679:    193170.000000           1           52.6447   
       680:    193200.000000           1           52.6433   
       681:    193230.000000           1           52.6413   
       682:    193260.000000           1           52.6419   
       683:    193290.000000           1           52.6416   
       684:    193320.000000           1           52.6410   
       685:    193350.000000           1           52.6402   
       686:    193380.000000           1           52.6394   
       687:    193410.000000           1           52.6431   
       688:    193440.000000           1           52.6484   
       689:    193470.000000           1           52.6501   
       690:    193500.000000           1           52.6508   
       691:    193530.000000           1           52.6513   
       692:    193560.000000           1           52.6520   
       693:    193590.000000           1           52.6524   
       694:    193620.000000           1           52.6507   
       695:    193650.000000           1           52.6462   
       696:    193680.000000           1           52.6412   
       697:    193710.000000           1           52.6367   
       698:    193740.000000           1           52.6326   
       699:    193770.000000           1           52.6306   
       700:    193800.000000           1           52.6284   
       701:    193830.000000           1           52.6256   
       702:    193860.000000           1           52.6245   
       703:    193890.000000           1           52.6217   
       704:    193920.000000           1           52.6187   
       705:    193950.000000           1           52.6160   
       706:    193980.000000           1           52.6130   
       707:    194010.000000           1           52.6113   
       708:    194040.000000           1           52.6117   
       709:    194070.000000           1           52.6117   
       710:    194100.000000           1           52.6112   
       711:    194130.000000           1           52.6092   
       712:    194160.000000           1           52.6052   
       713:    194190.000000           1           52.6034   
       714:    194220.000000           1           52.6029   
       715:    194250.000000           1           52.6005   
       716:    194280.000000           1           52.5970   
       717:    194310.000000           1           52.5939   
       718:    194340.000000           1           52.5902   
       719:    194370.000000           1           52.5877   
       720:    194400.000000           1           52.5857   
       721:    194430.000000           1           52.5858   
       722:    194460.000000           1           52.5869   
       723:    194490.000000           1           52.5896   
       724:    194520.000000           1           52.5906   
       725:    194550.000000           1           52.5896   
       726:    194580.000000           1           52.5882   
       727:    194610.000000           1           52.5853   
       728:    194640.000000           1           52.5816   
       729:    194670.000000           1           52.5793   
       730:    194700.000000           1           52.5774   
       731:    194730.000000           1           52.5759   
       732:    194760.000000           1           52.5733   
       733:    194790.000000           1           52.5694   
       734:    194820.000000           1           52.5673   
       735:    194850.000000           1           52.5695   
       736:    194880.000000           1           52.5735   
       737:    194910.000000           1           52.5765   
       738:    194940.000000           1           52.5770   
       739:    194970.000000           1           52.5768   
       740:    195000.000000           1           52.5751   
       741:    195030.000000           1           52.5710   
       742:    195060.000000           1           52.5681   
       743:    195090.000000           1           52.5653   
       744:    195120.000000           1           52.5652   
       745:    195150.000000           1           52.5652   
       746:    195180.000000           1           52.5651   
       747:    195210.000000           1           52.5667   
       748:    195240.000000           1           52.5712   
       749:    195270.000000           1           52.5724   
       750:    195300.000000           1           52.5692   
       751:    195330.000000           1           52.5650   
       752:    195360.000000           1           52.5609   
       753:    195390.000000           1           52.5567   
       754:    195420.000000           1           52.5536   
       755:    195450.000000           1           52.5494   
       756:    195480.000000           1           52.5480   
       757:    195510.000000           1           52.5488   
       758:    195540.000000           1           52.5506   
       759:    195570.000000           1           52.5523   
       760:    195600.000000           1           52.5530   
       761:    195630.000000           1           52.5534   
       762:    195660.000000           1           52.5526   
       763:    195690.000000           1           52.5505   
       764:    195720.000000           1           52.5479   
       765:    195750.000000           1           52.5450   
       766:    195780.000000           1           52.5399   
       767:    195810.000000           1           52.5345   
       768:    195840.000000           1           52.5306   
       769:    195870.000000           1           52.5297   
       770:    195900.000000           1           52.5325   
       771:    195930.000000           1           52.5363   
       772:    195960.000000           1           52.5383   
       773:    195990.000000           1           52.5410   
       774:    196020.000000           1           52.5430   
       775:    196050.000000           1           52.5446   
       776:    196080.000000           1           52.5449   
       777:    196110.000000           1           52.5447   
       778:    196140.000000           1           52.5445   
       779:    196170.000000           1           52.5450   
       780:    196200.000000           1           52.5473   
       781:    196230.000000           1           52.5480   
       782:    196260.000000           1           52.5471   
       783:    196290.000000           1           52.5452   
       784:    196320.000000           1           52.5425   
       785:    196350.000000           1           52.5412   
       786:    196380.000000           1           52.5396   
       787:    196410.000000           1           52.5363   
       788:    196440.000000           1           52.5321   
       789:    196470.000000           1           52.5285   
       790:    196500.000000           1           52.5245   
       791:    196530.000000           1           52.5235   
       792:    196560.000000           1           52.5254   
       793:    196590.000000           1           52.5285   
       794:    196620.000000           1           52.5319   
       795:    196650.000000           1           52.5359   
       796:    196680.000000           1           52.5387   
       797:    196710.000000           1           52.5397   
       798:    196740.000000           1           52.5386   
       799:    196770.000000           1           52.5365   
       800:    196800.000000           1           52.5332   
       801:    196830.000000           1           52.5316   
       802:    196860.000000           1           52.5318   
       803:    196890.000000           1           52.5345   
       804:    196920.000000           1           52.5390   
       805:    196950.000000           1           52.5408   
       806:    196980.000000           1           52.5406   
       807:    197010.000000           1           52.5401   
       808:    197040.000000           1           52.5395   
       809:    197070.000000           1           52.5406   
       810:    197100.000000           1           52.5423   
       811:    197130.000000           1           52.5449   
       812:    197160.000000           1           52.5446   
       813:    197190.000000           1           52.5471   
       814:    197220.000000           1           52.5463   
       815:    197250.000000           1           52.5398   
       816:    197280.000000           1           52.5412   
       817:    197310.000000           1           52.5466   
       818:    197340.000000           1           52.5473   
       819:    197370.000000           1           52.5409   
       820:    197400.000000           1           52.5377   
       821:    197430.000000           1           52.5416   
       822:    197460.000000           1           52.5500   
       823:    197490.000000           1           52.5612   
       824:    197520.000000           1           52.5705   
       825:    197550.000000           1           52.5744   
       826:    197580.000000           1           52.5751   
       827:    197610.000000           1           52.5759   
       828:    197640.000000           1           52.5751   
       829:    197670.000000           1           52.5752   
       830:    197700.000000           1           52.5759   
       831:    197730.000000           1           52.5758   
       832:    197760.000000           1           52.5744   
       833:    197790.000000           1           52.5725   
       834:    197820.000000           1           52.5724   
       835:    197850.000000           1           52.5734   
       836:    197880.000000           1           52.5759   
       837:    197910.000000           1           52.5791   
       838:    197940.000000           1           52.5814   
       839:    197970.000000           1           52.5802   
       840:    198000.000000           1           52.5788   
       841:    198030.000000           1           52.5791   
       842:    198060.000000           1           52.5829   
       843:    198090.000000           1           52.5916   
       844:    198120.000000           1           52.6022   
       845:    198150.000000           1           52.6111   
       846:    198180.000000           1           52.6142   
       847:    198210.000000           1           52.6127   
       848:    198240.000000           1           52.6114   
       849:    198270.000000           1           52.6117   
       850:    198300.000000           1           52.6149   
       851:    198330.000000           1           52.6201   
       852:    198360.000000           1           52.6258   
       853:    198390.000000           1           52.6296   
       854:    198420.000000           1           52.6315   
       855:    198450.000000           1           52.6302   
       856:    198480.000000           1           52.6282   
       857:    198510.000000           1           52.6254   
       858:    198540.000000           1           52.6219   
       859:    198570.000000           1           52.6204   
       860:    198600.000000           1           52.6210   
       861:    198630.000000           1           52.6229   
       862:    198660.000000           1           52.6236   
       863:    198690.000000           1           52.6232   
       864:    198720.000000           1           52.6220   
       865:    198750.000000           1           52.6227   
       866:    198780.000000           1           52.6248   
       867:    198810.000000           1           52.6267   
       868:    198840.000000           1           52.6289   
       869:    198870.000000           1           52.6328   
       870:    198900.000000           1           52.6376   
       871:    198930.000000           1           52.6409   
       872:    198960.000000           1           52.6419   
       873:    198990.000000           1           52.6422   
       874:    199020.000000           1           52.6425   
       875:    199050.000000           1           52.6418   
       876:    199080.000000           1           52.6403   
       877:    199110.000000           1           52.6372   
       878:    199140.000000           1           52.6337   
       879:    199170.000000           1           52.6298   
       880:    199200.000000           1           52.6254   
       881:    199230.000000           1           52.6210   
       882:    199260.000000           1           52.6182   
       883:    199290.000000           1           52.6167   
       884:    199320.000000           1           52.6174   
       885:    199350.000000           1           52.6199   
       886:    199380.000000           1           52.6239   
       887:    199410.000000           1           52.6254   
       888:    199440.000000           1           52.6240   
       889:    199470.000000           1           52.6214   
       890:    199500.000000           1           52.6179   
       891:    199530.000000           1           52.6160   
       892:    199560.000000           1           52.6162   
       893:    199590.000000           1           52.6159   
       894:    199620.000000           1           52.6161   
       895:    199650.000000           1           52.6165   
       896:    199680.000000           1           52.6157   
       897:    199710.000000           1           52.6150   
       898:    199740.000000           1           52.6152   
       899:    199770.000000           1           52.6148   
       900:    199800.000000           1           52.6133   
       901:    199830.000000           1           52.6132   
       902:    199860.000000           1           52.6135   
       903:    199890.000000           1           52.6150   
       904:    199920.000000           1           52.6172   
       905:    199950.000000           1           52.6181   
       906:    199980.000000           1           52.6185   
       907:    200010.000000           1           52.6186   
       908:    200040.000000           1           52.6180   
       909:    200070.000000           1           52.6157   
       910:    200100.000000           1           52.6128   
       911:    200130.000000           1           52.6106   
       912:    200160.000000           1           52.6106   
       913:    200190.000000           1           52.6124   
       914:    200220.000000           1           52.6149   
       915:    200250.000000           1           52.6158   
       916:    200280.000000           1           52.6155   
       917:    200310.000000           1           52.6145   
       918:    200340.000000           1           52.6123   
       919:    200370.000000           1           52.6120   
       920:    200400.000000           1           52.6125   
       921:    200430.000000           1           52.6136   
       922:    200460.000000           1           52.6135   
       923:    200490.000000           1           52.6123   
       924:    200520.000000           1           52.6115   
       925:    200550.000000           1           52.6099   
       926:    200580.000000           1           52.6108   
       927:    200610.000000           1           52.6121   
       928:    200640.000000           1           52.6135   
       929:    200670.000000           1           52.6153   
       930:    200700.000000           1           52.6156   
       931:    200730.000000           1           52.6116   
       932:    200760.000000           1           52.6076   
       933:    200790.000000           1           52.6034   
       934:    200820.000000           1           52.5999   
       935:    200850.000000           1           52.5976   
       936:    200880.000000           1           52.5962   
       937:    200910.000000           1           52.5968   
       938:    200940.000000           1           52.5977   
       939:    200970.000000           1           52.5986   
      1335:    212850.000000           1          -10.6711   
      1336:    212880.000000           1          -10.6499   
      1337:    212910.000000           1          -10.6865   
      1338:    212940.000000           1          -10.7204   
      1339:    212970.000000           1          -10.7334   
      1340:    213000.000000           1          -10.7479   
      1341:    213030.000000           1          -10.7315   
      1342:    213060.000000           1          -10.7333   
      1343:    213090.000000           1          -10.7326   
      1344:    213120.000000           1          -10.7180   
      1345:    213150.000000           1          -10.7062   
      1346:    213180.000000           1          -10.6957   
      1347:    213210.000000           1          -10.6620   
      1348:    213240.000000           1          -10.6424   
      1349:    213270.000000           1          -10.6266   
      1350:    213300.000000           1          -10.6148   
      1351:    213330.000000           1          -10.6093   
      1352:    213360.000000           1          -10.6046   
      1353:    213390.000000           1          -10.6094   
      1354:    213420.000000           1          -10.6179   
      1355:    213450.000000           1          -10.6383   
      1356:    213480.000000           1          -10.6560   
      1357:    213510.000000           1          -10.6821   
      1358:    213540.000000           1          -10.6933   
      1359:    213570.000000           1          -10.7114   
      1360:    213600.000000           1          -10.7354   
      1361:    213630.000000           1          -10.7572   
      1362:    213660.000000           1          -10.7846   
      1363:    213690.000000           1          -10.8027   
      1364:    213720.000000           1          -10.8188   
      1365:    213750.000000           1          -10.8319   
      1366:    213780.000000           1          -10.8346   
      1367:    213810.000000           1          -10.8405   
      1368:    213840.000000           1          -10.8476   
      1369:    213870.000000           1          -10.8516   
      1370:    213900.000000           1          -10.8481   
      1371:    213930.000000           1          -10.8455   
      1372:    213960.000000           1          -10.8465   
      1373:    213990.000000           1          -10.8496   
      1374:    214020.000000           1          -10.8614   
      1375:    214050.000000           1          -10.8680   
      1376:    214080.000000           1          -10.8779   
      1377:    214110.000000           1          -10.8818   
      1378:    214140.000000           1          -10.8906   
      1379:    214170.000000           1          -10.9031   
      1380:    214200.000000           1          -10.9177   
      1381:    214230.000000           1          -10.9254   
      1382:    214260.000000           1          -10.9367   
      1383:    214290.000000           1          -10.9476   
      1384:    214320.000000           1          -10.9573   
      1385:    214350.000000           1          -10.9629   
      1386:    214380.000000           1          -10.9673   
      1387:    214410.000000           1          -10.9690   
      1388:    214440.000000           1          -10.9767   
      1389:    214470.000000           1          -10.9797   
      1390:    214500.000000           1          -10.9761   
      1391:    214530.000000           1          -10.9731   
      1392:    214560.000000           1          -10.9703   
      1393:    214590.000000           1          -10.9618   
      1394:    214620.000000           1          -10.9578   
      1395:    214650.000000           1          -10.9532   
      1396:    214680.000000           1          -10.9509   
      1397:    214710.000000           1          -10.9518   
      1398:    214740.000000           1          -10.9535   
      1399:    214770.000000           1          -10.9559   
      1400:    214800.000000           1          -10.9603   
      1401:    214830.000000           1          -10.9628   
      1402:    214860.000000           1          -10.9610   
      1403:    214890.000000           1          -10.9588   
      1404:    214920.000000           1          -10.9558   
      1405:    214950.000000           1          -10.9537   
      1406:    214980.000000           1          -10.9505   
      1407:    215010.000000           1          -10.9486   
      1408:    215040.000000           1          -10.9487   
      1409:    215070.000000           1          -10.9479   
      1410:    215100.000000           1          -10.9456   
      1411:    215130.000000           1          -10.9457   
      1412:    215160.000000           1          -10.9471   
      1413:    215190.000000           1          -10.9492   
      1414:    215220.000000           1          -10.9514   
      1415:    215250.000000           1          -10.9522   
      1416:    215280.000000           1          -10.9537   
      1417:    215310.000000           1          -10.9538   
      1418:    215340.000000           1          -10.9531   
      1419:    215370.000000           1          -10.9505   
      1420:    215400.000000           1          -10.9468   
      1421:    215430.000000           1          -10.9472   
      1422:    215460.000000           1          -10.9471   
      1423:    215490.000000           1          -10.9463   
      1424:    215520.000000           1          -10.9461   
      1425:    215550.000000           1          -10.9454   
      1426:    215580.000000           1          -10.9429   
      1427:    215610.000000           1          -10.9421   
      1428:    215640.000000           1          -10.9420   
      1429:    215670.000000           1          -10.9435   
      1430:    215700.000000           1          -10.9438   
      1431:    215730.000000           1          -10.9412   
      1432:    215760.000000           1          -10.9373   
      1433:    215790.000000           1          -10.9337   
      1434:    215820.000000           1          -10.9309   
      1435:    215850.000000           1          -10.9290   
      1436:    215880.000000           1          -10.9259   
      1437:    215910.000000           1          -10.9186   
      1438:    215940.000000           1          -10.9112   
      1439:    215970.000000           1          -10.9022   
      1440:    216000.000000           1          -10.8932   
      1441:    216030.000000           1          -10.8861   
      1442:    216060.000000           1          -10.8791   
      1443:    216090.000000           1          -10.8718   
      1444:    216120.000000           1          -10.8666   
      1445:    216150.000000           1          -10.8617   
      1446:    216180.000000           1          -10.8589   
      1447:    216210.000000           1          -10.8562   
      1448:    216240.000000           1          -10.8523   
      1449:    216270.000000           1          -10.8493   
      1450:    216300.000000           1          -10.8498   
      1451:    216330.000000           1          -10.8519   
      1452:    216360.000000           1          -10.8557   
      1453:    216390.000000           1          -10.8584   
      1454:    216420.000000           1          -10.8584   
      1455:    216450.000000           1          -10.8587   
      1456:    216480.000000           1          -10.8590   
      1457:    216510.000000           1          -10.8590   
      1458:    216540.000000           1          -10.8598   
      1459:    216570.000000           1          -10.8605   
      1460:    216600.000000           1          -10.8590   
      1461:    216630.000000           1          -10.8562   
      1462:    216660.000000           1          -10.8527   
      1463:    216690.000000           1          -10.8470   
      1464:    216720.000000           1          -10.8411   
      1465:    216750.000000           1          -10.8394   
      1466:    216780.000000           1          -10.8371   
      1467:    216810.000000           1          -10.8343   
      1468:    216840.000000           1          -10.8340   
      1469:    216870.000000           1          -10.8326   
      1470:    216900.000000           1          -10.8317   
      1471:    216930.000000           1          -10.8293   
      1472:    216960.000000           1          -10.8284   
      1473:    216990.000000           1          -10.8280   
      1474:    217020.000000           1          -10.8272   
      1475:    217050.000000           1          -10.8261   
      1476:    217080.000000           1          -10.8267   
      1477:    217110.000000           1          -10.8273   
      1478:    217140.000000           1          -10.8278   
      1479:    217170.000000           1          -10.8289   
      1480:    217200.000000           1          -10.8281   
      1481:    217230.000000           1          -10.8275   
      1482:    217260.000000           1          -10.8266   
      1483:    217290.000000           1          -10.8265   
      1484:    217320.000000           1          -10.8254   
      1485:    217350.000000           1          -10.8229   
      1486:    217380.000000           1          -10.8213   
      1487:    217410.000000           1          -10.8203   
      1488:    217440.000000           1          -10.8195   
      1489:    217470.000000           1          -10.8186   
      1490:    217500.000000           1          -10.8194   
      1491:    217530.000000           1          -10.8211   
      1492:    217560.000000           1          -10.8229   
      1493:    217590.000000           1          -10.8254   
      1494:    217620.000000           1          -10.8288   
      1495:    217650.000000           1          -10.8293   
      1496:    217680.000000           1          -10.8292   
      1497:    217710.000000           1          -10.8270   
      1498:    217740.000000           1          -10.8236   
      1499:    217770.000000           1          -10.8232   
      1500:    217800.000000           1          -10.8234   
      1501:    217830.000000           1          -10.8232   
      1502:    217860.000000           1          -10.8215   
      1503:    217890.000000           1          -10.8190   
      1504:    217920.000000           1          -10.8152   
      1505:    217950.000000           1          -10.8097   
      1506:    217980.000000           1          -10.8035   
      1507:    218010.000000           1          -10.7974   
      1508:    218040.000000           1          -10.7921   
      1509:    218070.000000           1          -10.7891   
      1510:    218100.000000           1          -10.7870   
      1511:    218130.000000           1          -10.7854   
      1512:    218160.000000           1          -10.7840   
      1513:    218190.000000           1          -10.7833   
      1514:    218220.000000           1          -10.7810   
      1515:    218250.000000           1          -10.7773   
      1516:    218280.000000           1          -10.7743   
      1517:    218310.000000           1          -10.7726   
      1518:    218340.000000           1          -10.7716   
      1519:    218370.000000           1          -10.7717   
      1520:    218400.000000           1          -10.7706   
      1521:    218430.000000           1          -10.7691   
      1522:    218460.000000           1          -10.7671   
      1523:    218490.000000           1          -10.7648   
      1524:    218520.000000           1          -10.7639   
      1525:    218550.000000           1          -10.7623   
      1526:    218580.000000           1          -10.7611   
      1527:    218610.000000           1          -10.7620   
      1528:    218640.000000           1          -10.7624   
      1529:    218670.000000           1          -10.7635   
      1530:    218700.000000           1          -10.7634   
      1531:    218730.000000           1          -10.7625   
      1532:    218760.000000           1          -10.7608   
      1533:    218790.000000           1          -10.7571   
      1534:    218820.000000           1          -10.7531   
      1535:    218850.000000           1          -10.7504   
      1536:    218880.000000           1          -10.7496   
      1537:    218910.000000           1          -10.7507   
      1538:    218940.000000           1          -10.7533   
      1539:    218970.000000           1          -10.7561   
      1540:    219000.000000           1          -10.7583   
      1541:    219030.000000           1          -10.7593   
      1542:    219060.000000           1          -10.7588   
      1543:    219090.000000           1          -10.7575   
      1544:    219120.000000           1          -10.7544   
      1545:    219150.000000           1          -10.7511   
      1546:    219180.000000           1          -10.7478   
      1547:    219210.000000           1          -10.7456   
      1548:    219240.000000           1          -10.7444   
      1549:    219270.000000           1          -10.7439   
      1550:    219300.000000           1          -10.7448   
      1551:    219330.000000           1          -10.7474   
      1552:    219360.000000           1          -10.7496   
      1553:    219390.000000           1          -10.7505   
      1554:    219420.000000           1          -10.7503   
      1555:    219450.000000           1          -10.7499   
      1556:    219480.000000           1          -10.7490   
      1557:    219510.000000           1          -10.7477   
      1558:    219540.000000           1          -10.7468   
      1559:    219570.000000           1          -10.7463   
      1560:    219600.000000           1          -10.7459   
      1561:    219630.000000           1          -10.7464   
      1562:    219660.000000           1          -10.7475   
      1563:    219690.000000           1          -10.7497   
      1564:    219720.000000           1          -10.7520   
      1565:    219750.000000           1          -10.7533   
      1566:    219780.000000           1          -10.7535   
      1567:    219810.000000           1          -10.7538   
      1568:    219840.000000           1          -10.7533   
      1569:    219870.000000           1          -10.7528   
      1570:    219900.000000           1          -10.7531   
      1571:    219930.000000           1          -10.7523   
      1572:    219960.000000           1          -10.7518   
