         0:    172800.000000           1          -27.6392   
         1:    172830.000000           1           -6.1454   
         2:    172860.000000           1           -6.4053   
         3:    172890.000000           1           -8.5301   
         4:    172920.000000           1           -9.0063   
         5:    172950.000000           1          -11.4013   
         6:    172980.000000           1          -13.5998   
         7:    173010.000000           1          -14.2465   
         8:    173040.000000           1          -14.5381   
         9:    173070.000000           1          -13.8033   
        10:    173100.000000           1          -14.1181   
        11:    173130.000000           1          -15.1281   
        12:    173160.000000           1          -15.8872   
        13:    173190.000000           1          -15.7480   
        14:    173220.000000           1          -15.8774   
        15:    173250.000000           1          -15.9796   
        16:    173280.000000           1          -16.1998   
        17:    173310.000000           1          -16.7769   
        18:    173340.000000           1          -16.9690   
        19:    173370.000000           1          -17.1357   
        20:    173400.000000           1          -17.1008   
        21:    173430.000000           1          -16.8399   
        22:    173460.000000           1          -16.7600   
        23:    173490.000000           1          -16.5939   
        24:    173520.000000           1          -16.4515   
        25:    173550.000000           1          -16.5521   
        26:    173580.000000           1          -16.6443   
        27:    173610.000000           1          -16.7559   
        28:    173640.000000           1          -16.7574   
        29:    173670.000000           1          -16.7318   
        30:    173700.000000           1          -16.6928   
        31:    173730.000000           1          -16.7532   
        32:    173760.000000           1          -16.8518   
        33:    173790.000000           1          -16.9146   
        34:    173820.000000           1          -16.9235   
        35:    173850.000000           1          -16.8862   
        36:    173880.000000           1          -16.8732   
        37:    173910.000000           1          -16.9224   
        38:    173940.000000           1          -17.0360   
        39:    173970.000000           1          -17.1915   
        40:    174000.000000           1          -17.3367   
        41:    174030.000000           1          -17.3792   
        42:    174060.000000           1          -17.3686   
        43:    174090.000000           1          -17.3100   
        44:    174120.000000           1          -17.3426   
        45:    174150.000000           1          -17.4239   
        46:    174180.000000           1          -17.5500   
        47:    174210.000000           1          -17.6706   
        48:    174240.000000           1          -17.7160   
        49:    174270.000000           1          -17.7205   
        50:    174300.000000           1          -17.7582   
        51:    174330.000000           1          -17.7820   
        52:    174360.000000           1          -17.7710   
        53:    174390.000000           1          -17.7769   
        54:    174420.000000           1          -17.8021   
        55:    174450.000000           1          -17.8471   
        56:    174480.000000           1          -17.9429   
        57:    174510.000000           1          -18.0088   
        58:    174540.000000           1          -18.0506   
        59:    174570.000000           1          -18.0665   
        60:    174600.000000           1          -18.0577   
        61:    174630.000000           1          -18.0733   
        62:    174660.000000           1          -18.0673   
        63:    174690.000000           1          -18.0863   
        64:    174720.000000           1          -18.1415   
        65:    174750.000000           1          -18.1708   
        66:    174780.000000           1          -18.2153   
        67:    174810.000000           1          -18.2628   
        68:    174840.000000           1          -18.2988   
        69:    174870.000000           1          -18.3272   
        70:    174900.000000           1          -18.3286   
        71:    174930.000000           1          -18.3444   
        72:    174960.000000           1          -18.3671   
        73:    174990.000000           1          -18.3918   
        74:    175020.000000           1          -18.4168   
        75:    175050.000000           1          -18.4414   
        76:    175080.000000           1          -18.4628   
        77:    175110.000000           1          -18.5178   
        78:    175140.000000           1          -18.5693   
        79:    175170.000000           1          -18.6182   
        80:    175200.000000           1          -18.6443   
        81:    175230.000000           1          -18.6456   
        82:    175260.000000           1          -18.6430   
        83:    175290.000000           1          -18.6429   
        84:    175320.000000           1          -18.6372   
        85:    175350.000000           1          -18.6360   
        86:    175380.000000           1          -18.6477   
        87:    175410.000000           1          -18.6298   
        88:    175440.000000           1          -18.5894   
        89:    175470.000000           1          -18.5692   
        90:    175500.000000           1          -18.5413   
        91:    175530.000000           1          -18.4966   
        92:    175560.000000           1          -18.4469   
        93:    175590.000000           1          -18.4313   
        94:    175620.000000           1          -18.4605   
        95:    175650.000000           1          -18.5340   
        96:    175680.000000           1          -18.5984   
        97:    175710.000000           1          -18.6473   
        98:    175740.000000           1          -18.6761   
        99:    175770.000000           1          -18.6796   
       100:    175800.000000           1          -18.6674   
       101:    175830.000000           1          -18.6361   
       102:    175860.000000           1          -18.5912   
       103:    175890.000000           1          -18.5536   
       104:    175920.000000           1          -18.5219   
       105:    175950.000000           1          -18.5046   
       106:    175980.000000           1          -18.5292   
       107:    176010.000000           1          -18.5658   
       108:    176040.000000           1          -18.6122   
       109:    176070.000000           1          -18.6677   
       110:    176100.000000           1          -18.7127   
       111:    176130.000000           1          -18.7293   
       112:    176160.000000           1          -18.7270   
       113:    176190.000000           1          -18.7143   
       114:    176220.000000           1          -18.7042   
       115:    176250.000000           1          -18.6960   
       116:    176280.000000           1          -18.6996   
       117:    176310.000000           1          -18.7049   
       118:    176340.000000           1          -18.7199   
       119:    176370.000000           1          -18.7368   
       120:    176400.000000           1          -18.7622   
       121:    176430.000000           1          -18.8075   
       122:    176460.000000           1          -18.8504   
       123:    176490.000000           1          -18.8853   
       124:    176520.000000           1          -18.9216   
       125:    176550.000000           1          -18.9423   
       126:    176580.000000           1          -18.9502   
       127:    176610.000000           1          -18.9506   
       128:    176640.000000           1          -18.9589   
       129:    176670.000000           1          -18.9650   
       130:    176700.000000           1          -18.9824   
       131:    176730.000000           1          -19.0098   
       132:    176760.000000           1          -19.0370   
       133:    176790.000000           1          -19.0618   
       134:    176820.000000           1          -19.0791   
       135:    176850.000000           1          -19.0909   
       136:    176880.000000           1          -19.1058   
       137:    176910.000000           1          -19.1270   
       138:    176940.000000           1          -19.1496   
       139:    176970.000000           1          -19.1485   
       140:    177000.000000           1          -19.1388   
       141:    177030.000000           1          -19.1220   
       142:    177060.000000           1          -19.0881   
       143:    177090.000000           1          -19.0631   
       144:    177120.000000           1          -19.0409   
       145:    177150.000000           1          -19.0321   
       146:    177180.000000           1          -19.0308   
       147:    177210.000000           1          -19.0442   
       148:    177240.000000           1          -19.0656   
       149:    177270.000000           1          -19.0758   
       150:    177300.000000           1          -19.0782   
       151:    177330.000000           1          -19.0720   
       152:    177360.000000           1          -19.0616   
       153:    177390.000000           1          -19.0443   
       154:    177420.000000           1          -19.0339   
       155:    177450.000000           1          -19.0290   
       156:    177480.000000           1          -19.0482   
       157:    177510.000000           1          -19.0605   
       158:    177540.000000           1          -19.0570   
       159:    177570.000000           1          -19.0488   
       160:    177600.000000           1          -19.0286   
       161:    177630.000000           1          -18.9961   
       162:    177660.000000           1          -18.9709   
       163:    177690.000000           1          -18.9665   
       164:    177720.000000           1          -18.9647   
       165:    177750.000000           1          -18.9721   
       167:    177810.000000           1          -20.1147   
       169:    177870.000000           1          -19.8380   
       170:    177900.000000           1          -19.8341   
       171:    177930.000000           1          -19.8035   
       173:    177990.000000           1          -20.0850   
       174:    178020.000000           1          -20.1796   
       175:    178050.000000           1          -20.1249   
       177:    178110.000000           1          -20.0488   
       178:    178140.000000           1          -19.9392   
       180:    178200.000000           1          -19.8587   
       181:    178230.000000           1          -19.9256   
       182:    178260.000000           1          -19.9200   
       183:    178290.000000           1          -19.8865   
       184:    178320.000000           1          -19.8739   
       185:    178350.000000           1          -19.8808   
       186:    178380.000000           1          -19.8663   
       187:    178410.000000           1          -19.8487   
       188:    178440.000000           1          -19.8287   
       189:    178470.000000           1          -19.8297   
       190:    178500.000000           1          -19.8395   
       191:    178530.000000           1          -19.8543   
       192:    178560.000000           1          -19.8602   
       193:    178590.000000           1          -19.8581   
       194:    178620.000000           1          -19.8548   
       195:    178650.000000           1          -19.8505   
       196:    178680.000000           1          -19.8396   
       197:    178710.000000           1          -19.8343   
       198:    178740.000000           1          -19.8305   
       199:    178770.000000           1          -19.8428   
       200:    178800.000000           1          -19.8509   
       201:    178830.000000           1          -19.8558   
       202:    178860.000000           1          -19.8682   
       203:    178890.000000           1          -19.8774   
       205:    178950.000000           1          -20.0134   
       206:    178980.000000           1          -19.9652   
       208:    179040.000000           1          -19.8676   
       209:    179070.000000           1          -19.8062   
       210:    179100.000000           1          -19.7995   
       211:    179130.000000           1          -19.6901   
       212:    179160.000000           1          -19.5861   
      2072:    234960.000000           1           -8.6308   
      2073:    234990.000000           1           -8.6392   
      2074:    235020.000000           1           -8.6451   
      2075:    235050.000000           1           -8.6189   
      2076:    235080.000000           1           -8.5972   
      2077:    235110.000000           1           -8.5707   
      2078:    235140.000000           1           -8.5132   
      2079:    235170.000000           1           -8.4779   
      2080:    235200.000000           1           -8.4555   
      2081:    235230.000000           1           -8.4489   
      2082:    235260.000000           1           -8.4446   
      2083:    235290.000000           1           -8.4318   
      2084:    235320.000000           1           -8.4314   
      2085:    235350.000000           1           -8.4448   
      2086:    235380.000000           1           -8.4661   
      2087:    235410.000000           1           -8.4815   
      2088:    235440.000000           1           -8.5007   
      2089:    235470.000000           1           -8.5236   
      2090:    235500.000000           1           -8.5551   
      2091:    235530.000000           1           -8.5824   
      2092:    235560.000000           1           -8.6010   
      2093:    235590.000000           1           -8.6226   
      2094:    235620.000000           1           -8.6448   
      2095:    235650.000000           1           -8.6623   
      2096:    235680.000000           1           -8.6774   
      2097:    235710.000000           1           -8.6923   
      2098:    235740.000000           1           -8.7009   
      2099:    235770.000000           1           -8.7050   
      2100:    235800.000000           1           -8.7156   
      2101:    235830.000000           1           -8.7285   
      2102:    235860.000000           1           -8.7373   
      2103:    235890.000000           1           -8.7445   
      2104:    235920.000000           1           -8.7533   
      2105:    235950.000000           1           -8.7684   
      2106:    235980.000000           1           -8.7827   
      2107:    236010.000000           1           -8.7933   
      2108:    236040.000000           1           -8.8034   
      2109:    236070.000000           1           -8.8206   
      2110:    236100.000000           1           -8.8418   
      2111:    236130.000000           1           -8.8534   
      2112:    236160.000000           1           -8.8632   
      2113:    236190.000000           1           -8.8685   
      2114:    236220.000000           1           -8.8716   
      2115:    236250.000000           1           -8.8744   
      2116:    236280.000000           1           -8.8766   
      2117:    236310.000000           1           -8.8835   
      2118:    236340.000000           1           -8.8964   
      2119:    236370.000000           1           -8.9104   
      2120:    236400.000000           1           -8.9202   
      2121:    236430.000000           1           -8.9347   
      2122:    236460.000000           1           -8.9458   
      2123:    236490.000000           1           -8.9479   
      2124:    236520.000000           1           -8.9527   
      2125:    236550.000000           1           -8.9566   
      2126:    236580.000000           1           -8.9623   
      2127:    236610.000000           1           -8.9700   
      2128:    236640.000000           1           -8.9749   
      2129:    236670.000000           1           -8.9779   
      2130:    236700.000000           1           -8.9805   
      2131:    236730.000000           1           -8.9783   
      2132:    236760.000000           1           -8.9781   
      2133:    236790.000000           1           -8.9832   
      2134:    236820.000000           1           -8.9860   
      2135:    236850.000000           1           -8.9864   
      2136:    236880.000000           1           -8.9880   
      2137:    236910.000000           1           -8.9891   
      2138:    236940.000000           1           -8.9904   
      2139:    236970.000000           1           -8.9964   
      2140:    237000.000000           1           -8.9957   
      2141:    237030.000000           1           -8.9998   
      2142:    237060.000000           1           -9.0019   
      2143:    237090.000000           1           -9.0007   
      2144:    237120.000000           1           -8.9964   
      2145:    237150.000000           1           -8.9937   
      2146:    237180.000000           1           -8.9865   
      2147:    237210.000000           1           -8.9823   
      2148:    237240.000000           1           -8.9795   
      2149:    237270.000000           1           -8.9769   
      2150:    237300.000000           1           -8.9726   
      2151:    237330.000000           1           -8.9682   
      2152:    237360.000000           1           -8.9680   
      2153:    237390.000000           1           -8.9693   
      2154:    237420.000000           1           -8.9738   
      2155:    237450.000000           1           -8.9808   
      2156:    237480.000000           1           -8.9879   
      2157:    237510.000000           1           -8.9916   
      2158:    237540.000000           1           -8.9939   
      2159:    237570.000000           1           -8.9966   
      2160:    237600.000000           1           -9.0016   
      2161:    237630.000000           1           -9.0058   
      2162:    237660.000000           1           -9.0077   
      2163:    237690.000000           1           -9.0094   
      2164:    237720.000000           1           -9.0127   
      2165:    237750.000000           1           -9.0165   
      2166:    237780.000000           1           -9.0176   
      2167:    237810.000000           1           -9.0218   
      2168:    237840.000000           1           -9.0252   
      2169:    237870.000000           1           -9.0265   
      2170:    237900.000000           1           -9.0298   
      2171:    237930.000000           1           -9.0329   
      2172:    237960.000000           1           -9.0337   
      2173:    237990.000000           1           -9.0318   
      2174:    238020.000000           1           -9.0320   
      2175:    238050.000000           1           -9.0332   
      2176:    238080.000000           1           -9.0325   
      2177:    238110.000000           1           -9.0311   
      2178:    238140.000000           1           -9.0302   
      2179:    238170.000000           1           -9.0301   
      2180:    238200.000000           1           -9.0312   
      2181:    238230.000000           1           -9.0324   
      2182:    238260.000000           1           -9.0316   
      2183:    238290.000000           1           -9.0343   
      2184:    238320.000000           1           -9.0359   
      2185:    238350.000000           1           -9.0360   
      2186:    238380.000000           1           -9.0366   
      2187:    238410.000000           1           -9.0366   
      2188:    238440.000000           1           -9.0363   
      2189:    238470.000000           1           -9.0378   
      2190:    238500.000000           1           -9.0352   
      2191:    238530.000000           1           -9.0329   
      2192:    238560.000000           1           -9.0321   
      2193:    238590.000000           1           -9.0325   
      2194:    238620.000000           1           -9.0332   
      2195:    238650.000000           1           -9.0327   
      2196:    238680.000000           1           -9.0312   
      2197:    238710.000000           1           -9.0294   
      2198:    238740.000000           1           -9.0256   
      2199:    238770.000000           1           -9.0230   
      2200:    238800.000000           1           -9.0206   
      2201:    238830.000000           1           -9.0190   
      2202:    238860.000000           1           -9.0175   
      2203:    238890.000000           1           -9.0159   
      2204:    238920.000000           1           -9.0168   
      2205:    238950.000000           1           -9.0157   
      2206:    238980.000000           1           -9.0142   
      2207:    239010.000000           1           -9.0124   
      2208:    239040.000000           1           -9.0094   
      2209:    239070.000000           1           -9.0048   
      2210:    239100.000000           1           -9.0015   
      2211:    239130.000000           1           -8.9984   
      2212:    239160.000000           1           -8.9972   
      2213:    239190.000000           1           -8.9962   
      2214:    239220.000000           1           -8.9940   
      2215:    239250.000000           1           -8.9935   
      2216:    239280.000000           1           -8.9931   
      2217:    239310.000000           1           -8.9914   
      2218:    239340.000000           1           -8.9877   
      2219:    239370.000000           1           -8.9846   
      2220:    239400.000000           1           -8.9811   
      2221:    239430.000000           1           -8.9803   
      2222:    239460.000000           1           -8.9795   
      2223:    239490.000000           1           -8.9797   
      2224:    239520.000000           1           -8.9790   
      2225:    239550.000000           1           -8.9778   
      2226:    239580.000000           1           -8.9764   
      2227:    239610.000000           1           -8.9751   
      2228:    239640.000000           1           -8.9739   
      2229:    239670.000000           1           -8.9734   
      2230:    239700.000000           1           -8.9735   
      2231:    239730.000000           1           -8.9723   
      2232:    239760.000000           1           -8.9703   
      2233:    239790.000000           1           -8.9673   
      2234:    239820.000000           1           -8.9653   
      2235:    239850.000000           1           -8.9629   
      2236:    239880.000000           1           -8.9610   
      2237:    239910.000000           1           -8.9597   
      2238:    239940.000000           1           -8.9584   
      2239:    239970.000000           1           -8.9557   
      2240:    240000.000000           1           -8.9533   
      2241:    240030.000000           1           -8.9511   
      2242:    240060.000000           1           -8.9489   
      2243:    240090.000000           1           -8.9452   
      2244:    240120.000000           1           -8.9421   
      2245:    240150.000000           1           -8.9396   
      2246:    240180.000000           1           -8.9377   
      2247:    240210.000000           1           -8.9369   
      2248:    240240.000000           1           -8.9365   
      2249:    240270.000000           1           -8.9353   
      2250:    240300.000000           1           -8.9329   
      2251:    240330.000000           1           -8.9308   
      2252:    240360.000000           1           -8.9288   
      2253:    240390.000000           1           -8.9276   
      2254:    240420.000000           1           -8.9268   
      2255:    240450.000000           1           -8.9254   
      2256:    240480.000000           1           -8.9225   
      2257:    240510.000000           1           -8.9180   
      2258:    240540.000000           1           -8.9129   
      2259:    240570.000000           1           -8.9084   
      2260:    240600.000000           1           -8.9042   
      2261:    240630.000000           1           -8.9017   
      2262:    240660.000000           1           -8.9010   
      2263:    240690.000000           1           -8.9004   
      2264:    240720.000000           1           -8.9007   
      2265:    240750.000000           1           -8.9000   
      2266:    240780.000000           1           -8.9001   
      2267:    240810.000000           1           -8.9007   
      2268:    240840.000000           1           -8.9023   
      2269:    240870.000000           1           -8.9030   
      2270:    240900.000000           1           -8.9027   
      2271:    240930.000000           1           -8.9004   
      2272:    240960.000000           1           -8.8973   
      2273:    240990.000000           1           -8.8981   
      2274:    241020.000000           1           -8.8988   
      2275:    241050.000000           1           -8.8998   
      2276:    241080.000000           1           -8.8991   
      2277:    241110.000000           1           -8.8978   
      2278:    241140.000000           1           -8.8972   
      2279:    241170.000000           1           -8.8981   
      2280:    241200.000000           1           -8.8991   
      2281:    241230.000000           1           -8.9003   
      2282:    241260.000000           1           -8.9014   
      2283:    241290.000000           1           -8.9009   
      2284:    241320.000000           1           -8.9009   
      2285:    241350.000000           1           -8.9007   
      2286:    241380.000000           1           -8.8998   
      2287:    241410.000000           1           -8.8994   
      2288:    241440.000000           1           -8.8983   
      2289:    241470.000000           1           -8.8973   
      2290:    241500.000000           1           -8.8961   
      2291:    241530.000000           1           -8.8954   
      2292:    241560.000000           1           -8.8953   
      2293:    241590.000000           1           -8.8955   
      2294:    241620.000000           1           -8.8961   
      2295:    241650.000000           1           -8.8968   
      2296:    241680.000000           1           -8.8966   
      2297:    241710.000000           1           -8.8953   
      2298:    241740.000000           1           -8.8950   
      2299:    241770.000000           1           -8.8962   
      2300:    241800.000000           1           -8.8978   
      2301:    241830.000000           1           -8.9000   
      2302:    241860.000000           1           -8.9020   
      2303:    241890.000000           1           -8.9033   
      2304:    241920.000000           1           -8.9039   
      2305:    241950.000000           1           -8.9042   
      2306:    241980.000000           1           -8.9048   
      2307:    242010.000000           1           -8.9051   
      2308:    242040.000000           1           -8.9050   
      2309:    242070.000000           1           -8.9053   
      2310:    242100.000000           1           -8.9047   
      2311:    242130.000000           1           -8.9051   
      2312:    242160.000000           1           -8.9067   
      2313:    242190.000000           1           -8.9079   
      2314:    242220.000000           1           -8.9088   
      2315:    242250.000000           1           -8.9110   
      2316:    242280.000000           1           -8.9132   
      2317:    242310.000000           1           -8.9163   
      2318:    242340.000000           1           -8.9182   
      2319:    242370.000000           1           -8.9186   
      2320:    242400.000000           1           -8.9193   
      2321:    242430.000000           1           -8.9194   
      2322:    242460.000000           1           -8.9193   
      2323:    242490.000000           1           -8.9199   
      2324:    242520.000000           1           -8.9192   
      2325:    242550.000000           1           -8.9187   
      2326:    242580.000000           1           -8.9194   
      2327:    242610.000000           1           -8.9202   
      2328:    242640.000000           1           -8.9194   
      2329:    242670.000000           1           -8.9186   
      2330:    242700.000000           1           -8.9179   
      2331:    242730.000000           1           -8.9175   
      2332:    242760.000000           1           -8.9174   
      2333:    242790.000000           1           -8.9176   
      2334:    242820.000000           1           -8.9189   
      2335:    242850.000000           1           -8.9209   
      2336:    242880.000000           1           -8.9231   
      2337:    242910.000000           1           -8.9249   
      2338:    242940.000000           1           -8.9271   
      2339:    242970.000000           1           -8.9293   
      2340:    243000.000000           1           -8.9319   
      2341:    243030.000000           1           -8.9342   
      2342:    243060.000000           1           -8.9367   
      2343:    243090.000000           1           -8.9390   
      2344:    243120.000000           1           -8.9409   
      2345:    243150.000000           1           -8.9424   
      2346:    243180.000000           1           -8.9433   
      2347:    243210.000000           1           -8.9443   
      2348:    243240.000000           1           -8.9457   
      2349:    243270.000000           1           -8.9474   
      2350:    243300.000000           1           -8.9491   
      2351:    243330.000000           1           -8.9512   
      2352:    243360.000000           1           -8.9541   
      2353:    243390.000000           1           -8.9562   
      2354:    243420.000000           1           -8.9576   
      2355:    243450.000000           1           -8.9579   
      2356:    243480.000000           1           -8.9581   
      2357:    243510.000000           1           -8.9591   
      2358:    243540.000000           1           -8.9606   
      2359:    243570.000000           1           -8.9627   
      2360:    243600.000000           1           -8.9648   
      2361:    243630.000000           1           -8.9665   
      2362:    243660.000000           1           -8.9678   
      2363:    243690.000000           1           -8.9691   
      2364:    243720.000000           1           -8.9703   
      2365:    243750.000000           1           -8.9720   
      2366:    243780.000000           1           -8.9740   
      2367:    243810.000000           1           -8.9758   
      2368:    243840.000000           1           -8.9773   
      2369:    243870.000000           1           -8.9781   
      2370:    243900.000000           1           -8.9791   
      2371:    243930.000000           1           -8.9796   
      2372:    243960.000000           1           -8.9798   
      2373:    243990.000000           1           -8.9800   
      2374:    244020.000000           1           -8.9811   
      2375:    244050.000000           1           -8.9826   
      2376:    244080.000000           1           -8.9842   
      2377:    244110.000000           1           -8.9852   
      2378:    244140.000000           1           -8.9863   
      2379:    244170.000000           1           -8.9885   
      2380:    244200.000000           1           -8.9910   
      2381:    244230.000000           1           -8.9929   
      2382:    244260.000000           1           -8.9945   
      2383:    244290.000000           1           -8.9959   
      2384:    244320.000000           1           -8.9969   
      2385:    244350.000000           1           -8.9978   
      2386:    244380.000000           1           -8.9991   
      2387:    244410.000000           1           -9.0000   
      2388:    244440.000000           1           -9.0010   
      2389:    244470.000000           1           -9.0030   
      2390:    244500.000000           1           -9.0048   
      2391:    244530.000000           1           -9.0067   
      2392:    244560.000000           1           -9.0083   
      2393:    244590.000000           1           -9.0095   
      2394:    244620.000000           1           -9.0100   
      2395:    244650.000000           1           -9.0096   
      2396:    244680.000000           1           -9.0095   
      2397:    244710.000000           1           -9.0096   
      2398:    244740.000000           1           -9.0100   
      2399:    244770.000000           1           -9.0105   
      2400:    244800.000000           1           -9.0110   
      2401:    244830.000000           1           -9.0121   
      2402:    244860.000000           1           -9.0141   
      2403:    244890.000000           1           -9.0169   
      2404:    244920.000000           1           -9.0197   
      2405:    244950.000000           1           -9.0218   
      2406:    244980.000000           1           -9.0232   
      2407:    245010.000000           1           -9.0242   
      2408:    245040.000000           1           -9.0246   
      2409:    245070.000000           1           -9.0252   
      2410:    245100.000000           1           -9.0256   
      2411:    245130.000000           1           -9.0257   
      2412:    245160.000000           1           -9.0260   
      2413:    245190.000000           1           -9.0259   
      2414:    245220.000000           1           -9.0260   
      2415:    245250.000000           1           -9.0268   
      2416:    245280.000000           1           -9.0280   
      2417:    245310.000000           1           -9.0297   
      2418:    245340.000000           1           -9.0318   
      2419:    245370.000000           1           -9.0334   
      2420:    245400.000000           1           -9.0350   
      2421:    245430.000000           1           -9.0376   
      2422:    245460.000000           1           -9.0397   
      2423:    245490.000000           1           -9.0418   
      2424:    245520.000000           1           -9.0443   
      2425:    245550.000000           1           -9.0467   
      2426:    245580.000000           1           -9.0495   
      2427:    245610.000000           1           -9.0519   
      2428:    245640.000000           1           -9.0529   
      2429:    245670.000000           1           -9.0532   
      2430:    245700.000000           1           -9.0540   
      2431:    245730.000000           1           -9.0545   
      2432:    245760.000000           1           -9.0548   
      2433:    245790.000000           1           -9.0552   
      2434:    245820.000000           1           -9.0558   
      2435:    245850.000000           1           -9.0562   
      2436:    245880.000000           1           -9.0570   
      2437:    245910.000000           1           -9.0579   
      2438:    245940.000000           1           -9.0596   
      2439:    245970.000000           1           -9.0613   
      2440:    246000.000000           1           -9.0628   
      2441:    246030.000000           1           -9.0643   
      2442:    246060.000000           1           -9.0652   
      2443:    246090.000000           1           -9.0656   
      2444:    246120.000000           1           -9.0661   
      2445:    246150.000000           1           -9.0672   
      2446:    246180.000000           1           -9.0688   
      2447:    246210.000000           1           -9.0712   
      2448:    246240.000000           1           -9.0736   
      2449:    246270.000000           1           -9.0760   
      2450:    246300.000000           1           -9.0790   
      2451:    246330.000000           1           -9.0816   
      2452:    246360.000000           1           -9.0841   
      2453:    246390.000000           1           -9.0869   
      2454:    246420.000000           1           -9.0887   
      2455:    246450.000000           1           -9.0904   
      2456:    246480.000000           1           -9.0918   
      2457:    246510.000000           1           -9.0934   
      2458:    246540.000000           1           -9.0950   
      2459:    246570.000000           1           -9.0982   
      2460:    246600.000000           1           -9.1019   
      2461:    246630.000000           1           -9.1038   
      2462:    246660.000000           1           -9.1057   
      2463:    246690.000000           1           -9.1075   
      2464:    246720.000000           1           -9.1096   
      2465:    246750.000000           1           -9.1095   
      2466:    246780.000000           1           -9.1084   
      2467:    246810.000000           1           -9.1081   
      2468:    246840.000000           1           -9.1075   
      2469:    246870.000000           1           -9.1084   
      2470:    246900.000000           1           -9.1095   
      2471:    246930.000000           1           -9.1114   
      2472:    246960.000000           1           -9.1134   
      2473:    246990.000000           1           -9.1150   
      2474:    247020.000000           1           -9.1161   
      2475:    247050.000000           1           -9.1173   
      2476:    247080.000000           1           -9.1197   
      2477:    247110.000000           1           -9.1240   
      2478:    247140.000000           1           -9.1268   
      2479:    247170.000000           1           -9.1287   
      2480:    247200.000000           1           -9.1304   
      2481:    247230.000000           1           -9.1319   
      2482:    247260.000000           1           -9.1336   
      2483:    247290.000000           1           -9.1357   
      2484:    247320.000000           1           -9.1377   
      2485:    247350.000000           1           -9.1391   
      2486:    247380.000000           1           -9.1402   
      2487:    247410.000000           1           -9.1413   
      2488:    247440.000000           1           -9.1413   
      2489:    247470.000000           1           -9.1408   
      2490:    247500.000000           1           -9.1416   
      2491:    247530.000000           1           -9.1421   
      2492:    247560.000000           1           -9.1422   
      2493:    247590.000000           1           -9.1428   
      2494:    247620.000000           1           -9.1446   
      2495:    247650.000000           1           -9.1456   
      2496:    247680.000000           1           -9.1470   
      2497:    247710.000000           1           -9.1485   
      2498:    247740.000000           1           -9.1496   
      2499:    247770.000000           1           -9.1515   
      2500:    247800.000000           1           -9.1538   
      2501:    247830.000000           1           -9.1563   
      2502:    247860.000000           1           -9.1586   
      2503:    247890.000000           1           -9.1609   
      2504:    247920.000000           1           -9.1624   
      2505:    247950.000000           1           -9.1624   
      2506:    247980.000000           1           -9.1629   
      2507:    248010.000000           1           -9.1641   
      2508:    248040.000000           1           -9.1657   
      2509:    248070.000000           1           -9.1677   
      2510:    248100.000000           1           -9.1695   
      2511:    248130.000000           1           -9.1709   
      2512:    248160.000000           1           -9.1710   
      2513:    248190.000000           1           -9.1703   
      2514:    248220.000000           1           -9.1699   
      2515:    248250.000000           1           -9.1693   
      2516:    248280.000000           1           -9.1694   
      2517:    248310.000000           1           -9.1701   
      2518:    248340.000000           1           -9.1705   
      2519:    248370.000000           1           -9.1716   
      2520:    248400.000000           1           -9.1732   
      2521:    248430.000000           1           -9.1745   
      2522:    248460.000000           1           -9.1763   
      2523:    248490.000000           1           -9.1784   
      2524:    248520.000000           1           -9.1803   
      2525:    248550.000000           1           -9.1815   
      2526:    248580.000000           1           -9.1823   
      2527:    248610.000000           1           -9.1834   
      2528:    248640.000000           1           -9.1852   
      2529:    248670.000000           1           -9.1870   
      2530:    248700.000000           1           -9.1882   
      2531:    248730.000000           1           -9.1889   
      2532:    248760.000000           1           -9.1898   
      2533:    248790.000000           1           -9.1906   
      2534:    248820.000000           1           -9.1910   
      2535:    248850.000000           1           -9.1916   
      2536:    248880.000000           1           -9.1931   
      2537:    248910.000000           1           -9.1949   
      2538:    248940.000000           1           -9.1968   
      2539:    248970.000000           1           -9.1981   
      2540:    249000.000000           1           -9.1988   
      2541:    249030.000000           1           -9.1996   
      2542:    249060.000000           1           -9.2003   
      2543:    249090.000000           1           -9.2000   
      2544:    249120.000000           1           -9.1995   
      2545:    249150.000000           1           -9.1994   
      2546:    249180.000000           1           -9.1992   
      2547:    249210.000000           1           -9.1992   
      2548:    249240.000000           1           -9.2001   
      2549:    249270.000000           1           -9.2011   
      2550:    249300.000000           1           -9.2021   
      2551:    249330.000000           1           -9.2039   
      2552:    249360.000000           1           -9.2052   
      2553:    249390.000000           1           -9.2057   
      2554:    249420.000000           1           -9.2056   
      2555:    249450.000000           1           -9.2054   
      2556:    249480.000000           1           -9.2050   
      2557:    249510.000000           1           -9.2050   
      2558:    249540.000000           1           -9.2057   
      2559:    249570.000000           1           -9.2068   
      2560:    249600.000000           1           -9.2069   
      2561:    249630.000000           1           -9.2071   
      2562:    249660.000000           1           -9.2073   
      2563:    249690.000000           1           -9.2077   
      2564:    249720.000000           1           -9.2080   
      2565:    249750.000000           1           -9.2092   
      2566:    249780.000000           1           -9.2103   
      2567:    249810.000000           1           -9.2122   
      2568:    249840.000000           1           -9.2139   
      2569:    249870.000000           1           -9.2152   
      2570:    249900.000000           1           -9.2167   
      2571:    249930.000000           1           -9.2177   
      2572:    249960.000000           1           -9.2177   
      2573:    249990.000000           1           -9.2168   
      2574:    250020.000000           1           -9.2162   
      2575:    250050.000000           1           -9.2157   
      2576:    250080.000000           1           -9.2151   
      2577:    250110.000000           1           -9.2144   
      2578:    250140.000000           1           -9.2139   
      2579:    250170.000000           1           -9.2140   
      2580:    250200.000000           1           -9.2138   
      2581:    250230.000000           1           -9.2137   
      2582:    250260.000000           1           -9.2140   
      2583:    250290.000000           1           -9.2148   
      2584:    250320.000000           1           -9.2158   
      2585:    250350.000000           1           -9.2168   
      2586:    250380.000000           1           -9.2170   
      2587:    250410.000000           1           -9.2178   
      2588:    250440.000000           1           -9.2181   
      2589:    250470.000000           1           -9.2184   
      2590:    250500.000000           1           -9.2181   
      2591:    250530.000000           1           -9.2169   
      2592:    250560.000000           1           -9.2163   
      2593:    250590.000000           1           -9.2161   
      2594:    250620.000000           1           -9.2161   
      2595:    250650.000000           1           -9.2166   
      2596:    250680.000000           1           -9.2171   
      2597:    250710.000000           1           -9.2174   
      2598:    250740.000000           1           -9.2177   
      2599:    250770.000000           1           -9.2168   
      2600:    250800.000000           1           -9.2149   
      2601:    250830.000000           1           -9.2129   
      2602:    250860.000000           1           -9.2105   
      2603:    250890.000000           1           -9.2083   
      2604:    250920.000000           1           -9.2062   
      2605:    250950.000000           1           -9.2039   
      2606:    250980.000000           1           -9.2020   
      2607:    251010.000000           1           -9.2000   
      2608:    251040.000000           1           -9.1979   
      2609:    251070.000000           1           -9.1955   
      2610:    251100.000000           1           -9.1937   
      2611:    251130.000000           1           -9.1922   
      2612:    251160.000000           1           -9.1909   
      2613:    251190.000000           1           -9.1903   
      2614:    251220.000000           1           -9.1894   
      2615:    251250.000000           1           -9.1884   
      2616:    251280.000000           1           -9.1874   
      2617:    251310.000000           1           -9.1872   
      2618:    251340.000000           1           -9.1874   
      2619:    251370.000000           1           -9.1881   
      2620:    251400.000000           1           -9.1897   
      2621:    251430.000000           1           -9.1903   
      2622:    251460.000000           1           -9.1899   
      2623:    251490.000000           1           -9.1887   
      2624:    251520.000000           1           -9.1871   
      2625:    251550.000000           1           -9.1854   
      2626:    251580.000000           1           -9.1843   
      2627:    251610.000000           1           -9.1846   
      2628:    251640.000000           1           -9.1850   
      2629:    251670.000000           1           -9.1860   
      2630:    251700.000000           1           -9.1871   
      2631:    251730.000000           1           -9.1873   
      2632:    251760.000000           1           -9.1871   
      2633:    251790.000000           1           -9.1861   
      2634:    251820.000000           1           -9.1847   
      2635:    251850.000000           1           -9.1824   
      2636:    251880.000000           1           -9.1803   
      2637:    251910.000000           1           -9.1791   
      2638:    251940.000000           1           -9.1783   
      2639:    251970.000000           1           -9.1776   
      2640:    252000.000000           1           -9.1773   
      2641:    252030.000000           1           -9.1773   
      2642:    252060.000000           1           -9.1771   
      2643:    252090.000000           1           -9.1760   
      2644:    252120.000000           1           -9.1756   
      2645:    252150.000000           1           -9.1749   
      2646:    252180.000000           1           -9.1744   
      2647:    252210.000000           1           -9.1742   
      2648:    252240.000000           1           -9.1739   
      2649:    252270.000000           1           -9.1739   
      2650:    252300.000000           1           -9.1743   
      2651:    252330.000000           1           -9.1749   
      2652:    252360.000000           1           -9.1750   
      2653:    252390.000000           1           -9.1739   
      2654:    252420.000000           1           -9.1724   
      2655:    252450.000000           1           -9.1706   
      2656:    252480.000000           1           -9.1683   
      2657:    252510.000000           1           -9.1659   
      2658:    252540.000000           1           -9.1653   
      2659:    252570.000000           1           -9.1661   
      2660:    252600.000000           1           -9.1669   
      2661:    252630.000000           1           -9.1673   
      2662:    252660.000000           1           -9.1675   
      2663:    252690.000000           1           -9.1669   
      2664:    252720.000000           1           -9.1663   
      2665:    252750.000000           1           -9.1648   
      2666:    252780.000000           1           -9.1628   
      2667:    252810.000000           1           -9.1607   
      2668:    252840.000000           1           -9.1584   
      2669:    252870.000000           1           -9.1567   
      2670:    252900.000000           1           -9.1558   
      2671:    252930.000000           1           -9.1558   
      2672:    252960.000000           1           -9.1560   
      2673:    252990.000000           1           -9.1560   
      2674:    253020.000000           1           -9.1555   
      2675:    253050.000000           1           -9.1542   
      2676:    253080.000000           1           -9.1522   
      2677:    253110.000000           1           -9.1497   
      2678:    253140.000000           1           -9.1465   
      2679:    253170.000000           1           -9.1447   
      2680:    253200.000000           1           -9.1441   
      2681:    253230.000000           1           -9.1441   
      2682:    253260.000000           1           -9.1438   
      2683:    253290.000000           1           -9.1435   
      2684:    253320.000000           1           -9.1427   
      2685:    253350.000000           1           -9.1415   
      2686:    253380.000000           1           -9.1395   
      2687:    253410.000000           1           -9.1376   
      2688:    253440.000000           1           -9.1364   
      2689:    253470.000000           1           -9.1357   
      2690:    253500.000000           1           -9.1348   
      2691:    253530.000000           1           -9.1335   
      2692:    253560.000000           1           -9.1320   
      2693:    253590.000000           1           -9.1305   
      2694:    253620.000000           1           -9.1292   
      2695:    253650.000000           1           -9.1276   
      2696:    253680.000000           1           -9.1260   
      2697:    253710.000000           1           -9.1251   
      2698:    253740.000000           1           -9.1243   
      2699:    253770.000000           1           -9.1228   
      2700:    253800.000000           1           -9.1207   
      2701:    253830.000000           1           -9.1184   
      2702:    253860.000000           1           -9.1163   
      2703:    253890.000000           1           -9.1142   
      2704:    253920.000000           1           -9.1125   
      2705:    253950.000000           1           -9.1114   
      2706:    253980.000000           1           -9.1105   
      2707:    254010.000000           1           -9.1098   
      2708:    254040.000000           1           -9.1089   
      2709:    254070.000000           1           -9.1080   
      2710:    254100.000000           1           -9.1078   
      2711:    254130.000000           1           -9.1072   
      2712:    254160.000000           1           -9.1070   
      2713:    254190.000000           1           -9.1061   
      2714:    254220.000000           1           -9.1048   
      2715:    254250.000000           1           -9.1037   
      2716:    254280.000000           1           -9.1025   
      2717:    254310.000000           1           -9.1005   
      2718:    254340.000000           1           -9.0977   
      2719:    254370.000000           1           -9.0951   
      2720:    254400.000000           1           -9.0929   
      2721:    254430.000000           1           -9.0906   
      2722:    254460.000000           1           -9.0890   
      2723:    254490.000000           1           -9.0876   
      2724:    254520.000000           1           -9.0861   
      2725:    254550.000000           1           -9.0843   
      2726:    254580.000000           1           -9.0826   
      2727:    254610.000000           1           -9.0810   
      2728:    254640.000000           1           -9.0796   
      2729:    254670.000000           1           -9.0780   
      2730:    254700.000000           1           -9.0766   
      2731:    254730.000000           1           -9.0753   
      2732:    254760.000000           1           -9.0737   
      2733:    254790.000000           1           -9.0715   
      2734:    254820.000000           1           -9.0694   
      2735:    254850.000000           1           -9.0681   
      2736:    254880.000000           1           -9.0672   
      2737:    254910.000000           1           -9.0663   
      2738:    254940.000000           1           -9.0654   
      2739:    254970.000000           1           -9.0642   
      2740:    255000.000000           1           -9.0633   
      2741:    255030.000000           1           -9.0629   
      2742:    255060.000000           1           -9.0622   
      2743:    255090.000000           1           -9.0619   
      2744:    255120.000000           1           -9.0619   
      2745:    255150.000000           1           -9.0610   
      2746:    255180.000000           1           -9.0594   
      2747:    255210.000000           1           -9.0578   
      2748:    255240.000000           1           -9.0571   
      2749:    255270.000000           1           -9.0567   
      2750:    255300.000000           1           -9.0565   
      2751:    255330.000000           1           -9.0558   
      2752:    255360.000000           1           -9.0555   
      2753:    255390.000000           1           -9.0555   
      2754:    255420.000000           1           -9.0555   
      2755:    255450.000000           1           -9.0542   
      2756:    255480.000000           1           -9.0521   
      2757:    255510.000000           1           -9.0498   
      2758:    255540.000000           1           -9.0473   
      2759:    255570.000000           1           -9.0445   
      2760:    255600.000000           1           -9.0412   
      2761:    255630.000000           1           -9.0377   
      2762:    255660.000000           1           -9.0350   
      2763:    255690.000000           1           -9.0329   
      2764:    255720.000000           1           -9.0306   
      2765:    255750.000000           1           -9.0291   
      2766:    255780.000000           1           -9.0281   
      2767:    255810.000000           1           -9.0272   
      2768:    255840.000000           1           -9.0260   
      2769:    255870.000000           1           -9.0237   
      2770:    255900.000000           1           -9.0203   
      2771:    255930.000000           1           -9.0168   
      2772:    255960.000000           1           -9.0140   
      2773:    255990.000000           1           -9.0113   
      2774:    256020.000000           1           -9.0081   
      2775:    256050.000000           1           -9.0048   
      2776:    256080.000000           1           -9.0017   
      2777:    256110.000000           1           -8.9993   
      2778:    256140.000000           1           -8.9973   
      2779:    256170.000000           1           -8.9951   
      2780:    256200.000000           1           -8.9932   
      2781:    256230.000000           1           -8.9917   
      2782:    256260.000000           1           -8.9908   
      2783:    256290.000000           1           -8.9892   
      2784:    256320.000000           1           -8.9865   
      2785:    256350.000000           1           -8.9842   
      2786:    256380.000000           1           -8.9815   
      2787:    256410.000000           1           -8.9788   
      2788:    256440.000000           1           -8.9768   
      2789:    256470.000000           1           -8.9747   
      2790:    256500.000000           1           -8.9735   
      2791:    256530.000000           1           -8.9719   
      2792:    256560.000000           1           -8.9699   
      2793:    256590.000000           1           -8.9687   
      2794:    256620.000000           1           -8.9671   
      2795:    256650.000000           1           -8.9654   
      2796:    256680.000000           1           -8.9630   
      2797:    256710.000000           1           -8.9602   
      2798:    256740.000000           1           -8.9573   
      2799:    256770.000000           1           -8.9548   
      2800:    256800.000000           1           -8.9518   
      2801:    256830.000000           1           -8.9489   
      2802:    256860.000000           1           -8.9465   
      2803:    256890.000000           1           -8.9438   
      2804:    256920.000000           1           -8.9417   
      2805:    256950.000000           1           -8.9402   
      2806:    256980.000000           1           -8.9394   
      2807:    257010.000000           1           -8.9394   
      2808:    257040.000000           1           -8.9402   
      2809:    257070.000000           1           -8.9417   
      2810:    257100.000000           1           -8.9431   
      2811:    257130.000000           1           -8.9434   
      2812:    257160.000000           1           -8.9425   
      2813:    257190.000000           1           -8.9413   
      2814:    257220.000000           1           -8.9400   
      2815:    257250.000000           1           -8.9384   
      2816:    257280.000000           1           -8.9365   
      2817:    257310.000000           1           -8.9342   
      2818:    257340.000000           1           -8.9322   
      2819:    257370.000000           1           -8.9303   
      2820:    257400.000000           1           -8.9297   
      2821:    257430.000000           1           -8.9292   
      2822:    257460.000000           1           -8.9284   
      2823:    257490.000000           1           -8.9282   
      2824:    257520.000000           1           -8.9281   
      2825:    257550.000000           1           -8.9280   
      2826:    257580.000000           1           -8.9286   
      2827:    257610.000000           1           -8.9296   
      2828:    257640.000000           1           -8.9301   
      2829:    257670.000000           1           -8.9298   
      2830:    257700.000000           1           -8.9287   
      2831:    257730.000000           1           -8.9276   
      2832:    257760.000000           1           -8.9266   
      2833:    257790.000000           1           -8.9252   
      2834:    257820.000000           1           -8.9232   
      2835:    257850.000000           1           -8.9215   
      2836:    257880.000000           1           -8.9206   
      2837:    257910.000000           1           -8.9193   
      2838:    257940.000000           1           -8.9182   
      2839:    257970.000000           1           -8.9179   
      2840:    258000.000000           1           -8.9177   
      2841:    258030.000000           1           -8.9180   
      2842:    258060.000000           1           -8.9186   
      2843:    258090.000000           1           -8.9197   
      2844:    258120.000000           1           -8.9205   
      2845:    258150.000000           1           -8.9211   
      2846:    258180.000000           1           -8.9220   
      2847:    258210.000000           1           -8.9229   
      2848:    258240.000000           1           -8.9236   
      2849:    258270.000000           1           -8.9242   
      2850:    258300.000000           1           -8.9233   
      2851:    258330.000000           1           -8.9212   
      2852:    258360.000000           1           -8.9189   
      2853:    258390.000000           1           -8.9169   
      2854:    258420.000000           1           -8.9157   
      2855:    258450.000000           1           -8.9150   
      2856:    258480.000000           1           -8.9143   
      2857:    258510.000000           1           -8.9132   
      2858:    258540.000000           1           -8.9120   
      2859:    258570.000000           1           -8.9114   
      2860:    258600.000000           1           -8.9104   
      2861:    258630.000000           1           -8.9095   
      2862:    258660.000000           1           -8.9088   
      2863:    258690.000000           1           -8.9081   
      2864:    258720.000000           1           -8.9076   
      2865:    258750.000000           1           -8.9070   
      2866:    258780.000000           1           -8.9062   
      2867:    258810.000000           1           -8.9052   
      2868:    258840.000000           1           -8.9043   
      2869:    258870.000000           1           -8.9039   
      2870:    258900.000000           1           -8.9034   
      2871:    258930.000000           1           -8.9029   
      2872:    258960.000000           1           -8.9024   
      2873:    258990.000000           1           -8.9014   
      2874:    259020.000000           1           -8.9000   
      2875:    259050.000000           1           -8.8985   
      2876:    259080.000000           1           -8.8966   
      2877:    259110.000000           1           -8.8942   
      2878:    259140.000000           1           -8.8921   
      2879:    259170.000000           1           -8.8901   
