      1939:    230970.000000           1          118.3597   
      1940:    231000.000000           1          118.2377   
      1941:    231030.000000           1          118.1469   
      1942:    231060.000000           1          118.1124   
      1943:    231090.000000           1          118.1121   
      1944:    231120.000000           1          118.0575   
      1945:    231150.000000           1          118.0337   
      1946:    231180.000000           1          118.0037   
      1947:    231210.000000           1          117.9900   
      1948:    231240.000000           1          118.0002   
      1949:    231270.000000           1          117.9852   
      1950:    231300.000000           1          118.0167   
      1951:    231330.000000           1          118.0570   
      1952:    231360.000000           1          118.0998   
      1953:    231390.000000           1          118.1339   
      1954:    231420.000000           1          118.1661   
      1955:    231450.000000           1          118.1848   
      1956:    231480.000000           1          118.2029   
      1957:    231510.000000           1          118.2145   
      1958:    231540.000000           1          118.2178   
      1959:    231570.000000           1          118.2107   
      1960:    231600.000000           1          118.2008   
      1961:    231630.000000           1          118.1974   
      1962:    231660.000000           1          118.1932   
      1963:    231690.000000           1          118.1933   
      1964:    231720.000000           1          118.2041   
      1965:    231750.000000           1          118.2099   
      1966:    231780.000000           1          118.2113   
      1967:    231810.000000           1          118.2026   
      1968:    231840.000000           1          118.1887   
      1969:    231870.000000           1          118.1806   
      1970:    231900.000000           1          118.1724   
      1971:    231930.000000           1          118.1647   
      1972:    231960.000000           1          118.1629   
      1973:    231990.000000           1          118.1638   
      1974:    232020.000000           1          118.1632   
      1975:    232050.000000           1          118.1562   
      1976:    232080.000000           1          118.1483   
      1977:    232110.000000           1          118.1496   
      1978:    232140.000000           1          118.1467   
      1979:    232170.000000           1          118.1545   
      1980:    232200.000000           1          118.1684   
      1981:    232230.000000           1          118.1785   
      1982:    232260.000000           1          118.1868   
      1983:    232290.000000           1          118.1905   
      1984:    232320.000000           1          118.1999   
      1985:    232350.000000           1          118.1999   
      1986:    232380.000000           1          118.1990   
      1987:    232410.000000           1          118.2021   
      1988:    232440.000000           1          118.1969   
      1989:    232470.000000           1          118.1935   
      1990:    232500.000000           1          118.1941   
      1991:    232530.000000           1          118.2014   
      1992:    232560.000000           1          118.2003   
      1993:    232590.000000           1          118.2029   
      1994:    232620.000000           1          118.2043   
      1995:    232650.000000           1          118.2009   
      1996:    232680.000000           1          118.1959   
      1997:    232710.000000           1          118.1892   
      1998:    232740.000000           1          118.1827   
      1999:    232770.000000           1          118.1785   
      2000:    232800.000000           1          118.1727   
      2001:    232830.000000           1          118.1631   
      2002:    232860.000000           1          118.1575   
      2003:    232890.000000           1          118.1527   
      2004:    232920.000000           1          118.1493   
      2005:    232950.000000           1          118.1488   
      2006:    232980.000000           1          118.1535   
      2007:    233010.000000           1          118.1721   
      2008:    233040.000000           1          118.1931   
      2009:    233070.000000           1          118.2150   
      2010:    233100.000000           1          118.2296   
      2011:    233130.000000           1          118.2430   
      2012:    233160.000000           1          118.2593   
      2013:    233190.000000           1          118.2751   
      2014:    233220.000000           1          118.2940   
      2015:    233250.000000           1          118.3134   
      2016:    233280.000000           1          118.3302   
      2017:    233310.000000           1          118.3523   
      2018:    233340.000000           1          118.3739   
      2019:    233370.000000           1          118.3929   
      2020:    233400.000000           1          118.4108   
      2021:    233430.000000           1          118.4259   
      2022:    233460.000000           1          118.4418   
      2023:    233490.000000           1          118.4582   
      2024:    233520.000000           1          118.4765   
      2025:    233550.000000           1          118.4953   
      2026:    233580.000000           1          118.5141   
      2027:    233610.000000           1          118.5333   
      2028:    233640.000000           1          118.5582   
      2029:    233670.000000           1          118.5831   
      2030:    233700.000000           1          118.6035   
      2031:    233730.000000           1          118.6201   
      2032:    233760.000000           1          118.6367   
      2033:    233790.000000           1          118.6517   
      2034:    233820.000000           1          118.6715   
      2035:    233850.000000           1          118.6918   
      2036:    233880.000000           1          118.7148   
      2037:    233910.000000           1          118.7384   
      2038:    233940.000000           1          118.7613   
      2039:    233970.000000           1          118.7817   
      2040:    234000.000000           1          118.7975   
      2041:    234030.000000           1          118.8065   
      2042:    234060.000000           1          118.8114   
      2043:    234090.000000           1          118.8134   
      2044:    234120.000000           1          118.8156   
      2045:    234150.000000           1          118.8190   
      2046:    234180.000000           1          118.8251   
      2047:    234210.000000           1          118.8343   
      2048:    234240.000000           1          118.8449   
      2049:    234270.000000           1          118.8557   
      2050:    234300.000000           1          118.8704   
      2051:    234330.000000           1          118.8875   
      2052:    234360.000000           1          118.9016   
      2053:    234390.000000           1          118.9143   
      2054:    234420.000000           1          118.9254   
      2055:    234450.000000           1          118.9347   
      2056:    234480.000000           1          118.9417   
      2057:    234510.000000           1          118.9461   
      2058:    234540.000000           1          118.9515   
      2059:    234570.000000           1          118.9550   
      2060:    234600.000000           1          118.9587   
      2061:    234630.000000           1          118.9647   
      2062:    234660.000000           1          118.9701   
      2063:    234690.000000           1          118.9748   
      2064:    234720.000000           1          118.9782   
      2065:    234750.000000           1          118.9816   
      2066:    234780.000000           1          118.9855   
      2067:    234810.000000           1          118.9864   
      2068:    234840.000000           1          118.9895   
      2069:    234870.000000           1          118.9938   
      2070:    234900.000000           1          118.9959   
      2071:    234930.000000           1          119.0027   
      2072:    234960.000000           1          119.0118   
      2073:    234990.000000           1          119.0216   
      2074:    235020.000000           1          119.0326   
      2075:    235050.000000           1          119.0416   
      2076:    235080.000000           1          119.0501   
      2077:    235110.000000           1          119.0574   
      2078:    235140.000000           1          119.0658   
      2079:    235170.000000           1          119.0764   
      2080:    235200.000000           1          119.0894   
      2081:    235230.000000           1          119.1032   
      2082:    235260.000000           1          119.1164   
      2083:    235290.000000           1          119.1288   
      2084:    235320.000000           1          119.1399   
      2085:    235350.000000           1          119.1487   
      2086:    235380.000000           1          119.1567   
      2087:    235410.000000           1          119.1627   
      2088:    235440.000000           1          119.1683   
      2089:    235470.000000           1          119.1721   
      2090:    235500.000000           1          119.1760   
      2091:    235530.000000           1          119.1801   
      2092:    235560.000000           1          119.1840   
      2093:    235590.000000           1          119.1873   
      2094:    235620.000000           1          119.1876   
      2095:    235650.000000           1          119.1870   
      2096:    235680.000000           1          119.1859   
      2097:    235710.000000           1          119.1857   
      2098:    235740.000000           1          119.1850   
      2099:    235770.000000           1          119.1836   
      2100:    235800.000000           1          119.1790   
      2101:    235830.000000           1          119.1746   
      2102:    235860.000000           1          119.1719   
      2103:    235890.000000           1          119.1692   
      2104:    235920.000000           1          119.1668   
      2105:    235950.000000           1          119.1647   
      2106:    235980.000000           1          119.1630   
      2107:    236010.000000           1          119.1612   
      2108:    236040.000000           1          119.1615   
      2109:    236070.000000           1          119.1623   
      2110:    236100.000000           1          119.1625   
      2111:    236130.000000           1          119.1625   
      2112:    236160.000000           1          119.1623   
      2113:    236190.000000           1          119.1641   
      2114:    236220.000000           1          119.1641   
      2115:    236250.000000           1          119.1645   
      2116:    236280.000000           1          119.1654   
      2117:    236310.000000           1          119.1647   
      2118:    236340.000000           1          119.1617   
      2119:    236370.000000           1          119.1579   
      2120:    236400.000000           1          119.1542   
      2121:    236430.000000           1          119.1520   
      2122:    236460.000000           1          119.1478   
      2123:    236490.000000           1          119.1468   
      2124:    236520.000000           1          119.1471   
      2125:    236550.000000           1          119.1465   
      2126:    236580.000000           1          119.1457   
      2127:    236610.000000           1          119.1453   
      2128:    236640.000000           1          119.1450   
      2129:    236670.000000           1          119.1456   
      2130:    236700.000000           1          119.1470   
      2131:    236730.000000           1          119.1480   
      2132:    236760.000000           1          119.1468   
      2133:    236790.000000           1          119.1449   
      2134:    236820.000000           1          119.1443   
      2135:    236850.000000           1          119.1430   
      2136:    236880.000000           1          119.1415   
      2137:    236910.000000           1          119.1388   
      2138:    236940.000000           1          119.1369   
      2139:    236970.000000           1          119.1345   
      2140:    237000.000000           1          119.1327   
      2141:    237030.000000           1          119.1315   
      2142:    237060.000000           1          119.1309   
      2143:    237090.000000           1          119.1315   
      2144:    237120.000000           1          119.1325   
      2145:    237150.000000           1          119.1342   
      2146:    237180.000000           1          119.1365   
      2147:    237210.000000           1          119.1393   
      2148:    237240.000000           1          119.1409   
      2149:    237270.000000           1          119.1427   
      2150:    237300.000000           1          119.1463   
      2151:    237330.000000           1          119.1499   
      2152:    237360.000000           1          119.1523   
      2153:    237390.000000           1          119.1538   
      2154:    237420.000000           1          119.1545   
      2155:    237450.000000           1          119.1537   
      2156:    237480.000000           1          119.1513   
      2157:    237510.000000           1          119.1494   
      2158:    237540.000000           1          119.1482   
      2159:    237570.000000           1          119.1469   
      2160:    237600.000000           1          119.1442   
      2161:    237630.000000           1          119.1417   
      2162:    237660.000000           1          119.1393   
      2163:    237690.000000           1          119.1368   
      2164:    237720.000000           1          119.1343   
      2165:    237750.000000           1          119.1313   
      2166:    237780.000000           1          119.1300   
      2167:    237810.000000           1          119.1281   
      2168:    237840.000000           1          119.1274   
      2169:    237870.000000           1          119.1279   
      2170:    237900.000000           1          119.1293   
      2171:    237930.000000           1          119.1293   
      2172:    237960.000000           1          119.1293   
      2173:    237990.000000           1          119.1300   
      2174:    238020.000000           1          119.1308   
      2175:    238050.000000           1          119.1305   
      2176:    238080.000000           1          119.1296   
      2177:    238110.000000           1          119.1286   
      2178:    238140.000000           1          119.1264   
      2179:    238170.000000           1          119.1233   
      2180:    238200.000000           1          119.1200   
      2181:    238230.000000           1          119.1165   
      2182:    238260.000000           1          119.1137   
      2183:    238290.000000           1          119.1108   
      2184:    238320.000000           1          119.1088   
      2185:    238350.000000           1          119.1068   
      2186:    238380.000000           1          119.1043   
      2187:    238410.000000           1          119.1025   
      2188:    238440.000000           1          119.1019   
      2189:    238470.000000           1          119.1018   
      2190:    238500.000000           1          119.1020   
      2191:    238530.000000           1          119.1021   
      2192:    238560.000000           1          119.1013   
      2193:    238590.000000           1          119.0991   
      2194:    238620.000000           1          119.0963   
      2195:    238650.000000           1          119.0929   
      2196:    238680.000000           1          119.0902   
      2197:    238710.000000           1          119.0870   
      2198:    238740.000000           1          119.0858   
      2199:    238770.000000           1          119.0831   
      2200:    238800.000000           1          119.0797   
      2201:    238830.000000           1          119.0776   
      2202:    238860.000000           1          119.0758   
      2203:    238890.000000           1          119.0747   
      2204:    238920.000000           1          119.0727   
      2205:    238950.000000           1          119.0706   
      2206:    238980.000000           1          119.0688   
      2207:    239010.000000           1          119.0680   
      2208:    239040.000000           1          119.0688   
      2209:    239070.000000           1          119.0706   
      2210:    239100.000000           1          119.0717   
      2211:    239130.000000           1          119.0734   
      2212:    239160.000000           1          119.0748   
      2213:    239190.000000           1          119.0761   
      2214:    239220.000000           1          119.0767   
      2215:    239250.000000           1          119.0769   
      2216:    239280.000000           1          119.0758   
      2217:    239310.000000           1          119.0753   
      2218:    239340.000000           1          119.0751   
      2219:    239370.000000           1          119.0760   
      2220:    239400.000000           1          119.0770   
      2221:    239430.000000           1          119.0772   
      2222:    239460.000000           1          119.0768   
      2223:    239490.000000           1          119.0764   
      2224:    239520.000000           1          119.0762   
      2225:    239550.000000           1          119.0772   
      2226:    239580.000000           1          119.0781   
      2227:    239610.000000           1          119.0779   
      2228:    239640.000000           1          119.0780   
      2229:    239670.000000           1          119.0786   
      2230:    239700.000000           1          119.0801   
      2231:    239730.000000           1          119.0829   
      2232:    239760.000000           1          119.0869   
      2233:    239790.000000           1          119.0918   
      2234:    239820.000000           1          119.0948   
      2235:    239850.000000           1          119.0970   
      2236:    239880.000000           1          119.1001   
      2237:    239910.000000           1          119.1026   
      2238:    239940.000000           1          119.1051   
      2239:    239970.000000           1          119.1066   
      2240:    240000.000000           1          119.1081   
      2241:    240030.000000           1          119.1086   
      2242:    240060.000000           1          119.1096   
      2243:    240090.000000           1          119.1115   
      2244:    240120.000000           1          119.1130   
      2245:    240150.000000           1          119.1148   
      2246:    240180.000000           1          119.1172   
      2247:    240210.000000           1          119.1197   
      2248:    240240.000000           1          119.1228   
      2249:    240270.000000           1          119.1258   
      2250:    240300.000000           1          119.1278   
      2251:    240330.000000           1          119.1287   
      2252:    240360.000000           1          119.1308   
      2253:    240390.000000           1          119.1347   
      2254:    240420.000000           1          119.1378   
      2255:    240450.000000           1          119.1384   
      2256:    240480.000000           1          119.1381   
      2257:    240510.000000           1          119.1391   
      2258:    240540.000000           1          119.1425   
      2259:    240570.000000           1          119.1476   
      2260:    240600.000000           1          119.1523   
      2261:    240630.000000           1          119.1543   
      2262:    240660.000000           1          119.1546   
      2263:    240690.000000           1          119.1564   
      2264:    240720.000000           1          119.1587   
      2265:    240750.000000           1          119.1616   
      2266:    240780.000000           1          119.1627   
      2267:    240810.000000           1          119.1621   
      2268:    240840.000000           1          119.1623   
      2269:    240870.000000           1          119.1622   
      2270:    240900.000000           1          119.1625   
      2271:    240930.000000           1          119.1627   
      2272:    240960.000000           1          119.1633   
      2273:    240990.000000           1          119.1638   
      2274:    241020.000000           1          119.1640   
      2275:    241050.000000           1          119.1639   
      2276:    241080.000000           1          119.1664   
      2277:    241110.000000           1          119.1696   
      2278:    241140.000000           1          119.1712   
      2279:    241170.000000           1          119.1709   
      2280:    241200.000000           1          119.1700   
      2281:    241230.000000           1          119.1692   
      2282:    241260.000000           1          119.1692   
      2283:    241290.000000           1          119.1724   
      2284:    241320.000000           1          119.1749   
      2285:    241350.000000           1          119.1775   
      2286:    241380.000000           1          119.1813   
      2287:    241410.000000           1          119.1817   
      2288:    241440.000000           1          119.1826   
      2289:    241470.000000           1          119.1847   
      2290:    241500.000000           1          119.1869   
      2291:    241530.000000           1          119.1888   
      2292:    241560.000000           1          119.1899   
      2293:    241590.000000           1          119.1913   
      2294:    241620.000000           1          119.1921   
      2295:    241650.000000           1          119.1931   
      2296:    241680.000000           1          119.1952   
      2297:    241710.000000           1          119.1979   
      2298:    241740.000000           1          119.2000   
      2299:    241770.000000           1          119.2007   
      2300:    241800.000000           1          119.2008   
      2301:    241830.000000           1          119.2002   
      2302:    241860.000000           1          119.2000   
      2303:    241890.000000           1          119.2000   
      2304:    241920.000000           1          119.2010   
      2305:    241950.000000           1          119.2025   
      2306:    241980.000000           1          119.2036   
      2307:    242010.000000           1          119.2047   
      2308:    242040.000000           1          119.2054   
      2309:    242070.000000           1          119.2053   
      2310:    242100.000000           1          119.2058   
      2311:    242130.000000           1          119.2071   
      2312:    242160.000000           1          119.2076   
      2313:    242190.000000           1          119.2077   
      2314:    242220.000000           1          119.2086   
      2315:    242250.000000           1          119.2076   
      2316:    242280.000000           1          119.2060   
      2317:    242310.000000           1          119.2039   
      2318:    242340.000000           1          119.2033   
      2319:    242370.000000           1          119.2044   
      2320:    242400.000000           1          119.2055   
      2321:    242430.000000           1          119.2070   
      2322:    242460.000000           1          119.2089   
      2323:    242490.000000           1          119.2096   
      2324:    242520.000000           1          119.2114   
      2325:    242550.000000           1          119.2133   
      2326:    242580.000000           1          119.2143   
      2327:    242610.000000           1          119.2148   
      2328:    242640.000000           1          119.2163   
      2329:    242670.000000           1          119.2174   
      2330:    242700.000000           1          119.2188   
      2331:    242730.000000           1          119.2202   
      2332:    242760.000000           1          119.2215   
      2333:    242790.000000           1          119.2225   
      2334:    242820.000000           1          119.2230   
      2335:    242850.000000           1          119.2228   
      2336:    242880.000000           1          119.2227   
      2337:    242910.000000           1          119.2229   
      2338:    242940.000000           1          119.2227   
      2339:    242970.000000           1          119.2224   
      2340:    243000.000000           1          119.2217   
      2341:    243030.000000           1          119.2211   
      2342:    243060.000000           1          119.2202   
      2343:    243090.000000           1          119.2204   
      2344:    243120.000000           1          119.2206   
      2345:    243150.000000           1          119.2213   
      2346:    243180.000000           1          119.2220   
      2347:    243210.000000           1          119.2228   
      2348:    243240.000000           1          119.2231   
      2349:    243270.000000           1          119.2228   
      2350:    243300.000000           1          119.2229   
      2351:    243330.000000           1          119.2219   
      2352:    243360.000000           1          119.2199   
      2353:    243390.000000           1          119.2182   
      2354:    243420.000000           1          119.2177   
      2355:    243450.000000           1          119.2180   
      2356:    243480.000000           1          119.2188   
      2357:    243510.000000           1          119.2193   
      2358:    243540.000000           1          119.2195   
      2359:    243570.000000           1          119.2192   
      2360:    243600.000000           1          119.2189   
      2361:    243630.000000           1          119.2191   
      2362:    243660.000000           1          119.2187   
      2363:    243690.000000           1          119.2187   
      2364:    243720.000000           1          119.2190   
      2365:    243750.000000           1          119.2193   
      2366:    243780.000000           1          119.2195   
      2367:    243810.000000           1          119.2198   
      2368:    243840.000000           1          119.2202   
      2369:    243870.000000           1          119.2204   
      2370:    243900.000000           1          119.2205   
      2371:    243930.000000           1          119.2209   
      2372:    243960.000000           1          119.2210   
      2373:    243990.000000           1          119.2209   
      2374:    244020.000000           1          119.2202   
      2375:    244050.000000           1          119.2192   
      2376:    244080.000000           1          119.2177   
      2377:    244110.000000           1          119.2167   
      2378:    244140.000000           1          119.2164   
      2379:    244170.000000           1          119.2150   
      2380:    244200.000000           1          119.2136   
      2381:    244230.000000           1          119.2126   
      2382:    244260.000000           1          119.2120   
      2383:    244290.000000           1          119.2114   
      2384:    244320.000000           1          119.2111   
      2385:    244350.000000           1          119.2108   
      2386:    244380.000000           1          119.2102   
      2387:    244410.000000           1          119.2097   
      2388:    244440.000000           1          119.2091   
      2389:    244470.000000           1          119.2077   
      2390:    244500.000000           1          119.2069   
      2391:    244530.000000           1          119.2058   
      2392:    244560.000000           1          119.2045   
      2393:    244590.000000           1          119.2032   
      2394:    244620.000000           1          119.2029   
      2395:    244650.000000           1          119.2035   
      2396:    244680.000000           1          119.2038   
      2397:    244710.000000           1          119.2037   
      2398:    244740.000000           1          119.2035   
      2399:    244770.000000           1          119.2035   
      2400:    244800.000000           1          119.2035   
      2401:    244830.000000           1          119.2028   
      2402:    244860.000000           1          119.2018   
      2403:    244890.000000           1          119.1997   
      2404:    244920.000000           1          119.1975   
      2405:    244950.000000           1          119.1961   
      2406:    244980.000000           1          119.1954   
      2407:    245010.000000           1          119.1947   
      2408:    245040.000000           1          119.1949   
      2409:    245070.000000           1          119.1947   
      2410:    245100.000000           1          119.1945   
      2411:    245130.000000           1          119.1947   
      2412:    245160.000000           1          119.1953   
      2413:    245190.000000           1          119.1959   
      2414:    245220.000000           1          119.1962   
      2415:    245250.000000           1          119.1958   
      2416:    245280.000000           1          119.1949   
      2417:    245310.000000           1          119.1935   
      2418:    245340.000000           1          119.1920   
      2419:    245370.000000           1          119.1906   
      2420:    245400.000000           1          119.1897   
      2421:    245430.000000           1          119.1874   
      2422:    245460.000000           1          119.1857   
      2423:    245490.000000           1          119.1841   
      2424:    245520.000000           1          119.1822   
      2425:    245550.000000           1          119.1801   
      2426:    245580.000000           1          119.1777   
      2427:    245610.000000           1          119.1756   
      2428:    245640.000000           1          119.1752   
      2429:    245670.000000           1          119.1757   
      2430:    245700.000000           1          119.1757   
      2431:    245730.000000           1          119.1757   
      2432:    245760.000000           1          119.1761   
      2433:    245790.000000           1          119.1760   
      2434:    245820.000000           1          119.1759   
      2435:    245850.000000           1          119.1759   
      2436:    245880.000000           1          119.1757   
      2437:    245910.000000           1          119.1752   
      2438:    245940.000000           1          119.1741   
      2439:    245970.000000           1          119.1728   
      2440:    246000.000000           1          119.1715   
      2441:    246030.000000           1          119.1702   
      2442:    246060.000000           1          119.1693   
      2443:    246090.000000           1          119.1690   
      2444:    246120.000000           1          119.1688   
      2445:    246150.000000           1          119.1679   
      2446:    246180.000000           1          119.1667   
      2447:    246210.000000           1          119.1647   
      2448:    246240.000000           1          119.1626   
      2449:    246270.000000           1          119.1607   
      2450:    246300.000000           1          119.1582   
      2451:    246330.000000           1          119.1562   
      2452:    246360.000000           1          119.1541   
      2453:    246390.000000           1          119.1517   
      2454:    246420.000000           1          119.1502   
      2455:    246450.000000           1          119.1491   
      2456:    246480.000000           1          119.1483   
      2457:    246510.000000           1          119.1471   
      2458:    246540.000000           1          119.1457   
      2459:    246570.000000           1          119.1426   
      2460:    246600.000000           1          119.1393   
      2461:    246630.000000           1          119.1380   
      2462:    246660.000000           1          119.1369   
      2463:    246690.000000           1          119.1356   
      2464:    246720.000000           1          119.1339   
      2465:    246750.000000           1          119.1344   
      2466:    246780.000000           1          119.1360   
      2467:    246810.000000           1          119.1371   
      2468:    246840.000000           1          119.1384   
      2469:    246870.000000           1          119.1384   
      2470:    246900.000000           1          119.1376   
      2471:    246930.000000           1          119.1361   
      2472:    246960.000000           1          119.1345   
      2473:    246990.000000           1          119.1330   
      2474:    247020.000000           1          119.1324   
      2475:    247050.000000           1          119.1317   
      2476:    247080.000000           1          119.1298   
      2477:    247110.000000           1          119.1258   
      2478:    247140.000000           1          119.1232   
      2479:    247170.000000           1          119.1217   
      2480:    247200.000000           1          119.1204   
      2481:    247230.000000           1          119.1194   
      2482:    247260.000000           1          119.1185   
      2483:    247290.000000           1          119.1170   
      2484:    247320.000000           1          119.1154   
      2485:    247350.000000           1          119.1144   
      2486:    247380.000000           1          119.1139   
      2487:    247410.000000           1          119.1132   
      2488:    247440.000000           1          119.1135   
      2489:    247470.000000           1          119.1142   
      2490:    247500.000000           1          119.1136   
      2491:    247530.000000           1          119.1132   
      2492:    247560.000000           1          119.1137   
      2493:    247590.000000           1          119.1138   
      2494:    247620.000000           1          119.1124   
      2495:    247650.000000           1          119.1116   
      2496:    247680.000000           1          119.1105   
      2497:    247710.000000           1          119.1095   
      2498:    247740.000000           1          119.1087   
      2499:    247770.000000           1          119.1071   
      2500:    247800.000000           1          119.1052   
      2501:    247830.000000           1          119.1032   
      2502:    247860.000000           1          119.1011   
      2503:    247890.000000           1          119.0989   
      2504:    247920.000000           1          119.0975   
      2505:    247950.000000           1          119.0976   
      2506:    247980.000000           1          119.0973   
      2507:    248010.000000           1          119.0964   
      2508:    248040.000000           1          119.0951   
      2509:    248070.000000           1          119.0929   
      2510:    248100.000000           1          119.0910   
      2511:    248130.000000           1          119.0897   
      2512:    248160.000000           1          119.0897   
      2513:    248190.000000           1          119.0903   
      2514:    248220.000000           1          119.0907   
      2515:    248250.000000           1          119.0915   
      2516:    248280.000000           1          119.0915   
      2517:    248310.000000           1          119.0908   
      2518:    248340.000000           1          119.0903   
      2519:    248370.000000           1          119.0890   
      2520:    248400.000000           1          119.0874   
      2521:    248430.000000           1          119.0860   
      2522:    248460.000000           1          119.0843   
      2523:    248490.000000           1          119.0821   
      2524:    248520.000000           1          119.0801   
      2525:    248550.000000           1          119.0787   
      2526:    248580.000000           1          119.0780   
      2527:    248610.000000           1          119.0772   
      2528:    248640.000000           1          119.0755   
      2529:    248670.000000           1          119.0738   
      2530:    248700.000000           1          119.0728   
      2531:    248730.000000           1          119.0723   
      2532:    248760.000000           1          119.0716   
      2533:    248790.000000           1          119.0709   
      2534:    248820.000000           1          119.0709   
      2535:    248850.000000           1          119.0706   
      2536:    248880.000000           1          119.0692   
      2537:    248910.000000           1          119.0677   
      2538:    248940.000000           1          119.0659   
      2539:    248970.000000           1          119.0648   
      2540:    249000.000000           1          119.0643   
      2541:    249030.000000           1          119.0634   
      2542:    249060.000000           1          119.0627   
      2543:    249090.000000           1          119.0630   
      2544:    249120.000000           1          119.0636   
      2545:    249150.000000           1          119.0637   
      2546:    249180.000000           1          119.0641   
      2547:    249210.000000           1          119.0643   
      2548:    249240.000000           1          119.0634   
      2549:    249270.000000           1          119.0626   
      2550:    249300.000000           1          119.0617   
      2551:    249330.000000           1          119.0599   
      2552:    249360.000000           1          119.0587   
      2553:    249390.000000           1          119.0584   
      2554:    249420.000000           1          119.0587   
      2555:    249450.000000           1          119.0589   
      2556:    249480.000000           1          119.0594   
      2557:    249510.000000           1          119.0596   
      2558:    249540.000000           1          119.0588   
      2559:    249570.000000           1          119.0578   
      2560:    249600.000000           1          119.0576   
      2561:    249630.000000           1          119.0573   
      2562:    249660.000000           1          119.0572   
      2563:    249690.000000           1          119.0571   
      2564:    249720.000000           1          119.0569   
      2565:    249750.000000           1          119.0560   
      2566:    249780.000000           1          119.0551   
      2567:    249810.000000           1          119.0535   
      2568:    249840.000000           1          119.0522   
      2569:    249870.000000           1          119.0512   
      2570:    249900.000000           1          119.0502   
      2571:    249930.000000           1          119.0498   
      2572:    249960.000000           1          119.0502   
      2573:    249990.000000           1          119.0515   
      2574:    250020.000000           1          119.0524   
      2575:    250050.000000           1          119.0533   
      2576:    250080.000000           1          119.0542   
      2577:    250110.000000           1          119.0554   
      2578:    250140.000000           1          119.0563   
      2579:    250170.000000           1          119.0567   
      2580:    250200.000000           1          119.0573   
      2581:    250230.000000           1          119.0577   
      2582:    250260.000000           1          119.0577   
      2583:    250290.000000           1          119.0570   
      2584:    250320.000000           1          119.0562   
      2585:    250350.000000           1          119.0554   
      2586:    250380.000000           1          119.0554   
      2587:    250410.000000           1          119.0548   
      2588:    250440.000000           1          119.0545   
      2589:    250470.000000           1          119.0540   
      2590:    250500.000000           1          119.0542   
      2591:    250530.000000           1          119.0554   
      2592:    250560.000000           1          119.0562   
      2593:    250590.000000           1          119.0567   
      2594:    250620.000000           1          119.0568   
      2595:    250650.000000           1          119.0568   
      2596:    250680.000000           1          119.0564   
      2597:    250710.000000           1          119.0563   
      2598:    250740.000000           1          119.0560   
      2599:    250770.000000           1          119.0571   
      2600:    250800.000000           1          119.0593   
      2601:    250830.000000           1          119.0616   
      2602:    250860.000000           1          119.0643   
      2603:    250890.000000           1          119.0665   
      2604:    250920.000000           1          119.0688   
      2605:    250950.000000           1          119.0713   
      2606:    250980.000000           1          119.0733   
      2607:    251010.000000           1          119.0754   
      2608:    251040.000000           1          119.0778   
      2609:    251070.000000           1          119.0804   
      2610:    251100.000000           1          119.0824   
      2611:    251130.000000           1          119.0840   
      2612:    251160.000000           1          119.0853   
      2613:    251190.000000           1          119.0859   
      2614:    251220.000000           1          119.0868   
      2615:    251250.000000           1          119.0881   
      2616:    251280.000000           1          119.0894   
      2617:    251310.000000           1          119.0900   
      2618:    251340.000000           1          119.0898   
      2619:    251370.000000           1          119.0891   
      2620:    251400.000000           1          119.0874   
      2621:    251430.000000           1          119.0867   
      2622:    251460.000000           1          119.0871   
      2623:    251490.000000           1          119.0882   
      2624:    251520.000000           1          119.0902   
      2625:    251550.000000           1          119.0922   
      2626:    251580.000000           1          119.0939   
      2627:    251610.000000           1          119.0941   
      2628:    251640.000000           1          119.0940   
      2629:    251670.000000           1          119.0931   
      2630:    251700.000000           1          119.0921   
      2631:    251730.000000           1          119.0919   
      2632:    251760.000000           1          119.0921   
      2633:    251790.000000           1          119.0931   
      2634:    251820.000000           1          119.0945   
      2635:    251850.000000           1          119.0969   
      2636:    251880.000000           1          119.0992   
      2637:    251910.000000           1          119.1007   
      2638:    251940.000000           1          119.1018   
      2639:    251970.000000           1          119.1026   
      2640:    252000.000000           1          119.1030   
      2641:    252030.000000           1          119.1031   
      2642:    252060.000000           1          119.1035   
      2643:    252090.000000           1          119.1048   
      2644:    252120.000000           1          119.1055   
      2645:    252150.000000           1          119.1065   
      2646:    252180.000000           1          119.1072   
      2647:    252210.000000           1          119.1076   
      2648:    252240.000000           1          119.1082   
      2649:    252270.000000           1          119.1084   
      2650:    252300.000000           1          119.1081   
      2651:    252330.000000           1          119.1076   
      2652:    252360.000000           1          119.1078   
      2653:    252390.000000           1          119.1091   
      2654:    252420.000000           1          119.1107   
      2655:    252450.000000           1          119.1128   
      2656:    252480.000000           1          119.1154   
      2657:    252510.000000           1          119.1181   
      2658:    252540.000000           1          119.1190   
      2659:    252570.000000           1          119.1184   
      2660:    252600.000000           1          119.1177   
      2661:    252630.000000           1          119.1175   
      2662:    252660.000000           1          119.1177   
      2663:    252690.000000           1          119.1183   
      2664:    252720.000000           1          119.1187   
      2665:    252750.000000           1          119.1203   
      2666:    252780.000000           1          119.1223   
      2667:    252810.000000           1          119.1243   
      2668:    252840.000000           1          119.1265   
      2669:    252870.000000           1          119.1283   
      2670:    252900.000000           1          119.1294   
      2671:    252930.000000           1          119.1293   
      2672:    252960.000000           1          119.1288   
      2673:    252990.000000           1          119.1289   
      2674:    253020.000000           1          119.1293   
      2675:    253050.000000           1          119.1305   
      2676:    253080.000000           1          119.1326   
      2677:    253110.000000           1          119.1351   
      2678:    253140.000000           1          119.1385   
      2679:    253170.000000           1          119.1403   
      2680:    253200.000000           1          119.1407   
      2681:    253230.000000           1          119.1407   
      2682:    253260.000000           1          119.1412   
      2683:    253290.000000           1          119.1415   
      2684:    253320.000000           1          119.1422   
      2685:    253350.000000           1          119.1435   
      2686:    253380.000000           1          119.1455   
      2687:    253410.000000           1          119.1473   
      2688:    253440.000000           1          119.1484   
      2689:    253470.000000           1          119.1491   
      2690:    253500.000000           1          119.1498   
      2691:    253530.000000           1          119.1510   
      2692:    253560.000000           1          119.1526   
      2693:    253590.000000           1          119.1540   
      2694:    253620.000000           1          119.1552   
      2695:    253650.000000           1          119.1567   
      2696:    253680.000000           1          119.1582   
      2697:    253710.000000           1          119.1589   
      2698:    253740.000000           1          119.1595   
      2699:    253770.000000           1          119.1608   
      2700:    253800.000000           1          119.1626   
      2701:    253830.000000           1          119.1648   
      2702:    253860.000000           1          119.1670   
      2703:    253890.000000           1          119.1691   
      2704:    253920.000000           1          119.1708   
      2705:    253950.000000           1          119.1719   
      2706:    253980.000000           1          119.1728   
      2707:    254010.000000           1          119.1734   
      2708:    254040.000000           1          119.1742   
      2709:    254070.000000           1          119.1751   
      2710:    254100.000000           1          119.1752   
      2711:    254130.000000           1          119.1758   
      2712:    254160.000000           1          119.1758   
      2713:    254190.000000           1          119.1765   
      2714:    254220.000000           1          119.1776   
      2715:    254250.000000           1          119.1785   
      2716:    254280.000000           1          119.1795   
      2717:    254310.000000           1          119.1814   
      2718:    254340.000000           1          119.1840   
      2719:    254370.000000           1          119.1866   
      2720:    254400.000000           1          119.1886   
      2721:    254430.000000           1          119.1908   
      2722:    254460.000000           1          119.1924   
      2723:    254490.000000           1          119.1938   
      2724:    254520.000000           1          119.1951   
      2725:    254550.000000           1          119.1967   
      2726:    254580.000000           1          119.1986   
      2727:    254610.000000           1          119.2001   
      2728:    254640.000000           1          119.2015   
      2729:    254670.000000           1          119.2029   
      2730:    254700.000000           1          119.2042   
      2731:    254730.000000           1          119.2053   
      2732:    254760.000000           1          119.2068   
      2733:    254790.000000           1          119.2088   
      2734:    254820.000000           1          119.2109   
      2735:    254850.000000           1          119.2120   
      2736:    254880.000000           1          119.2128   
      2737:    254910.000000           1          119.2134   
      2738:    254940.000000           1          119.2142   
      2739:    254970.000000           1          119.2153   
      2740:    255000.000000           1          119.2161   
      2741:    255030.000000           1          119.2163   
      2742:    255060.000000           1          119.2168   
      2743:    255090.000000           1          119.2170   
      2744:    255120.000000           1          119.2169   
      2745:    255150.000000           1          119.2176   
      2746:    255180.000000           1          119.2192   
      2747:    255210.000000           1          119.2208   
      2748:    255240.000000           1          119.2214   
      2749:    255270.000000           1          119.2218   
      2750:    255300.000000           1          119.2219   
      2751:    255330.000000           1          119.2225   
      2752:    255360.000000           1          119.2228   
      2753:    255390.000000           1          119.2226   
      2754:    255420.000000           1          119.2225   
      2755:    255450.000000           1          119.2238   
      2756:    255480.000000           1          119.2257   
      2757:    255510.000000           1          119.2278   
      2758:    255540.000000           1          119.2300   
      2759:    255570.000000           1          119.2325   
      2760:    255600.000000           1          119.2356   
      2761:    255630.000000           1          119.2389   
      2762:    255660.000000           1          119.2413   
      2763:    255690.000000           1          119.2434   
      2764:    255720.000000           1          119.2455   
      2765:    255750.000000           1          119.2469   
      2766:    255780.000000           1          119.2478   
      2767:    255810.000000           1          119.2486   
      2768:    255840.000000           1          119.2497   
      2769:    255870.000000           1          119.2519   
      2770:    255900.000000           1          119.2553   
      2771:    255930.000000           1          119.2586   
      2772:    255960.000000           1          119.2613   
      2773:    255990.000000           1          119.2639   
      2774:    256020.000000           1          119.2668   
      2775:    256050.000000           1          119.2700   
      2776:    256080.000000           1          119.2730   
      2777:    256110.000000           1          119.2752   
      2778:    256140.000000           1          119.2772   
      2779:    256170.000000           1          119.2793   
      2780:    256200.000000           1          119.2810   
      2781:    256230.000000           1          119.2824   
      2782:    256260.000000           1          119.2830   
      2783:    256290.000000           1          119.2845   
      2784:    256320.000000           1          119.2870   
      2785:    256350.000000           1          119.2893   
      2786:    256380.000000           1          119.2917   
      2787:    256410.000000           1          119.2942   
      2788:    256440.000000           1          119.2962   
      2789:    256470.000000           1          119.2983   
      2790:    256500.000000           1          119.2996   
      2791:    256530.000000           1          119.3012   
      2792:    256560.000000           1          119.3032   
      2793:    256590.000000           1          119.3044   
      2794:    256620.000000           1          119.3061   
      2795:    256650.000000           1          119.3077   
      2796:    256680.000000           1          119.3101   
      2797:    256710.000000           1          119.3129   
      2798:    256740.000000           1          119.3158   
      2799:    256770.000000           1          119.3184   
      2800:    256800.000000           1          119.3214   
      2801:    256830.000000           1          119.3243   
      2802:    256860.000000           1          119.3266   
      2803:    256890.000000           1          119.3293   
      2804:    256920.000000           1          119.3314   
      2805:    256950.000000           1          119.3329   
      2806:    256980.000000           1          119.3338   
      2807:    257010.000000           1          119.3339   
      2808:    257040.000000           1          119.3332   
      2809:    257070.000000           1          119.3318   
      2810:    257100.000000           1          119.3306   
      2811:    257130.000000           1          119.3303   
      2812:    257160.000000           1          119.3313   
      2813:    257190.000000           1          119.3325   
      2814:    257220.000000           1          119.3339   
      2815:    257250.000000           1          119.3355   
      2816:    257280.000000           1          119.3375   
      2817:    257310.000000           1          119.3397   
      2818:    257340.000000           1          119.3417   
      2819:    257370.000000           1          119.3437   
      2820:    257400.000000           1          119.3444   
      2821:    257430.000000           1          119.3450   
      2822:    257460.000000           1          119.3460   
      2823:    257490.000000           1          119.3465   
      2824:    257520.000000           1          119.3467   
      2825:    257550.000000           1          119.3468   
      2826:    257580.000000           1          119.3465   
      2827:    257610.000000           1          119.3457   
      2828:    257640.000000           1          119.3453   
      2829:    257670.000000           1          119.3457   
      2830:    257700.000000           1          119.3468   
      2831:    257730.000000           1          119.3480   
      2832:    257760.000000           1          119.3490   
      2833:    257790.000000           1          119.3505   
      2834:    257820.000000           1          119.3526   
      2835:    257850.000000           1          119.3545   
      2836:    257880.000000           1          119.3556   
      2837:    257910.000000           1          119.3570   
      2838:    257940.000000           1          119.3582   
      2839:    257970.000000           1          119.3587   
      2840:    258000.000000           1          119.3590   
      2841:    258030.000000           1          119.3589   
      2842:    258060.000000           1          119.3586   
      2843:    258090.000000           1          119.3577   
      2844:    258120.000000           1          119.3572   
      2845:    258150.000000           1          119.3568   
      2846:    258180.000000           1          119.3561   
      2847:    258210.000000           1          119.3554   
      2848:    258240.000000           1          119.3548   
