      1076:     32280.000000           1          -20.0021   
      1077:     32310.000000           1          -19.9996   
      1078:     32340.000000           1         -337.6531   
      1079:     32370.000000           1          -20.3222   
      1080:     32400.000000           1         -337.6421   
      1081:     32430.000000           1          -20.3213   
      1082:     32460.000000           1          -20.2251   
      1083:     32490.000000           1          -20.2378   
      1084:     32520.000000           1          -20.2630   
      1085:     32550.000000           1          -20.2569   
      1086:     32580.000000           1          -20.2318   
      1087:     32610.000000           1          -20.2237   
      1088:     32640.000000           1          -20.2433   
      1089:     32670.000000           1          -20.2337   
      1090:     32700.000000           1          -20.2302   
      1091:     32730.000000           1          -20.2242   
      1092:     32760.000000           1          -20.2185   
      1093:     32790.000000           1          -20.2072   
      1094:     32820.000000           1          -20.2234   
      1095:     32850.000000           1          -20.2437   
      1096:     32880.000000           1          -20.2386   
      1097:     32910.000000           1          -20.2476   
      1098:     32940.000000           1         -337.5670   
      1099:     32970.000000           1          -20.3813   
      1100:     33000.000000           1          -20.4722   
      1101:     33030.000000           1         -337.5427   
      1102:     33060.000000           1         -337.5402   
      1103:     33090.000000           1         -337.5338   
      1104:     33120.000000           1         -337.5317   
      1105:     33150.000000           1         -337.5274   
      1106:     33180.000000           1         -337.5197   
      1107:     33210.000000           1         -337.5135   
      1108:     33240.000000           1         -337.5068   
      1109:     33270.000000           1         -337.4981   
      1110:     33300.000000           1         -337.4902   
      1111:     33330.000000           1          -15.4391   
      1112:     33360.000000           1          -15.5943   
      1113:     33390.000000           1          -15.6288   
      1114:     33420.000000           1          -15.6447   
      1115:     33450.000000           1          -15.7032   
      1116:     33480.000000           1          -15.6984   
      1117:     33510.000000           1          -15.6589   
      1118:     33540.000000           1          -15.6699   
      1119:     33570.000000           1          -15.6764   
      1120:     33600.000000           1          -15.6781   
      1121:     33630.000000           1          -15.6436   
      1122:     33660.000000           1         -337.3845   
      1123:     33690.000000           1          -15.8493   
      1124:     33720.000000           1         -337.3830   
      1125:     33750.000000           1         -337.3763   
      1126:     33780.000000           1          -15.6887   
      1127:     33810.000000           1          -15.6620   
      1128:     33840.000000           1          -15.6572   
      1129:     33870.000000           1         -337.3491   
      1130:     33900.000000           1         -337.3479   
      1131:     33930.000000           1          -14.5722   
      1132:     33960.000000           1         -337.3343   
      1133:     33990.000000           1         -337.3282   
      1134:     34020.000000           1         -305.4297   
      1135:     34050.000000           1         -337.2913   
      1136:     34080.000000           1         -305.3994   
      1137:     34110.000000           1         -337.2716   
      1138:     34140.000000           1         -305.3913   
      1139:     34170.000000           1         -337.2516   
      1140:     34200.000000           1         -337.2432   
      1141:     34230.000000           1         -337.2441   
      1142:     34260.000000           1         -337.2423   
      1143:     34290.000000           1         -337.2423   
      1144:     34320.000000           1         -337.2338   
      1145:     34350.000000           1         -337.2253   
      1146:     34380.000000           1         -337.2179   
      1147:     34410.000000           1         -337.2184   
      1148:     34440.000000           1         -337.2155   
      1149:     34470.000000           1         -337.2079   
      1150:     34500.000000           1         -337.1922   
      1151:     34530.000000           1         -337.1891   
      1152:     34560.000000           1         -337.1767   
      1153:     34590.000000           1         -337.1618   
      1154:     34620.000000           1         -337.1572   
      1155:     34650.000000           1         -337.1550   
      1156:     34680.000000           1         -337.1495   
      1157:     34710.000000           1         -337.1454   
      1158:     34740.000000           1         -337.1444   
      1159:     34770.000000           1         -337.1424   
      1160:     34800.000000           1         -337.1377   
      1161:     34830.000000           1         -337.1318   
      1162:     34860.000000           1         -337.1284   
      1163:     34890.000000           1         -337.1208   
      1164:     34920.000000           1         -337.1154   
      1165:     34950.000000           1          -14.0915   
      1166:     34980.000000           1          -14.0787   
      1167:     35010.000000           1          -14.0719   
      1168:     35040.000000           1          -14.0749   
      1169:     35070.000000           1          -14.0740   
      1170:     35100.000000           1         -337.0827   
      1171:     35130.000000           1          -14.0557   
      1172:     35160.000000           1         -337.0478   
      1173:     35190.000000           1          -14.0419   
      1174:     35220.000000           1          -14.0310   
      1175:     35250.000000           1         -337.0243   
      1176:     35280.000000           1         -337.0174   
      1177:     35310.000000           1         -337.0076   
      1178:     35340.000000           1         -337.0044   
      1179:     35370.000000           1         -336.9976   
      1180:     35400.000000           1         -336.9867   
      1181:     35430.000000           1         -336.9824   
      1182:     35460.000000           1         -336.9743   
      1183:     35490.000000           1         -336.9664   
      1184:     35520.000000           1         -336.9569   
      1185:     35550.000000           1         -336.9485   
      1186:     35580.000000           1         -336.9413   
      1187:     35610.000000           1         -336.9345   
      1188:     35640.000000           1         -336.9264   
      1189:     35670.000000           1         -336.9191   
      1190:     35700.000000           1         -336.9164   
      1191:     35730.000000           1         -336.9095   
      1192:     35760.000000           1         -336.9022   
      1193:     35790.000000           1         -336.8943   
      1194:     35820.000000           1         -336.8835   
      1195:     35850.000000           1         -336.8703   
      1196:     35880.000000           1         -336.8581   
      1197:     35910.000000           1         -304.9656   
      1198:     35940.000000           1         -336.8356   
      1199:     35970.000000           1         -336.8304   
      1200:     36000.000000           1         -336.8186   
      1201:     36030.000000           1          -13.8533   
      1202:     36060.000000           1         -336.8128   
      1203:     36090.000000           1         -336.8152   
      1204:     36120.000000           1         -336.8146   
      1205:     36150.000000           1          -13.8448   
      1206:     36180.000000           1          -13.8455   
      1207:     36210.000000           1          -13.8509   
      1208:     36240.000000           1         -336.8027   
      1209:     36270.000000           1          -13.8646   
      1210:     36300.000000           1          -13.8618   
      1211:     36330.000000           1          -13.8628   
      1212:     36360.000000           1          -13.8691   
      1213:     36390.000000           1          -13.8650   
      1214:     36420.000000           1          -13.8572   
      1215:     36450.000000           1          -13.8553   
      1216:     36480.000000           1         -336.7890   
      1217:     36510.000000           1         -336.7841   
      1218:     36540.000000           1          -13.8535   
      1219:     36570.000000           1         -304.8974   
      1220:     36600.000000           1         -304.8910   
      1221:     36630.000000           1         -304.8832   
      1222:     36660.000000           1         -304.8826   
      1223:     36690.000000           1         -304.8713   
      1224:     36720.000000           1         -304.8707   
      1225:     36750.000000           1         -304.8638   
      1226:     36780.000000           1         -304.8579   
      1227:     36810.000000           1         -304.8533   
      1228:     36840.000000           1         -304.8511   
      1229:     36870.000000           1         -304.8464   
      1230:     36900.000000           1         -304.8388   
      1231:     36930.000000           1         -304.8378   
      1232:     36960.000000           1         -304.8357   
      1233:     36990.000000           1         -304.8311   
      1234:     37020.000000           1         -304.8261   
      1235:     37050.000000           1         -304.8248   
      1236:     37080.000000           1         -304.8219   
      1237:     37110.000000           1         -304.8164   
      1238:     37140.000000           1         -304.8158   
      1239:     37170.000000           1         -304.8157   
      1240:     37200.000000           1         -304.8215   
      1241:     37230.000000           1         -304.8225   
      1242:     37260.000000           1         -304.8193   
      1243:     37290.000000           1         -304.8118   
      1244:     37320.000000           1         -304.8101   
      1245:     37350.000000           1         -304.8009   
      1246:     37380.000000           1         -304.7950   
      1247:     37410.000000           1         -304.7873   
      1248:     37440.000000           1         -304.7869   
      1249:     37470.000000           1         -304.7793   
      1250:     37500.000000           1         -304.7704   
      1251:     37530.000000           1         -304.7660   
      1252:     37560.000000           1         -336.6542   
      1253:     37590.000000           1         -304.7596   
      1254:     37620.000000           1         -336.6430   
      1255:     37650.000000           1         -336.6386   
      1256:     37680.000000           1          -13.7307   
      1257:     37710.000000           1          -13.7303   
      1258:     37740.000000           1         -336.6202   
      1259:     37770.000000           1          -13.7081   
      1260:     37800.000000           1          -13.6994   
      1261:     37830.000000           1          -13.6948   
      1262:     37860.000000           1          -13.6917   
      1263:     37890.000000           1          -13.6883   
      1264:     37920.000000           1         -336.5743   
      1265:     37950.000000           1          -13.6674   
      1266:     37980.000000           1          -13.6610   
      1267:     38010.000000           1          -13.6593   
      1268:     38040.000000           1          -13.6534   
      1269:     38070.000000           1          -13.6497   
      1270:     38100.000000           1          -13.6380   
      1271:     38130.000000           1          -13.6333   
      1272:     38160.000000           1          -13.6368   
      1273:     38190.000000           1          -13.6316   
      1274:     38220.000000           1          -13.6332   
      1275:     38250.000000           1          -13.6352   
      1276:     38280.000000           1          -13.6349   
      1277:     38310.000000           1          -13.6287   
      1278:     38340.000000           1          -13.6273   
      1279:     38370.000000           1          -13.6259   
      1280:     38400.000000           1          -13.6324   
      1281:     38430.000000           1          -13.6291   
      1282:     38460.000000           1          -13.6309   
      1283:     38490.000000           1          -13.6276   
      1284:     38520.000000           1          -13.6212   
      1285:     38550.000000           1          -13.6070   
      1286:     38580.000000           1          -13.5999   
      1287:     38610.000000           1          -13.5972   
      1288:     38640.000000           1          -13.5888   
      1289:     38670.000000           1          -13.5879   
      1290:     38700.000000           1          -13.5863   
      1291:     38730.000000           1          -13.5771   
      1292:     38760.000000           1          -13.5725   
      1293:     38790.000000           1          -13.5719   
      1294:     38820.000000           1          -13.5781   
      1295:     38850.000000           1          -13.5717   
      1296:     38880.000000           1          -13.5662   
      1297:     38910.000000           1          -13.5643   
      1298:     38940.000000           1          -13.5636   
      1299:     38970.000000           1          -13.5615   
      1300:     39000.000000           1          -13.5602   
      1301:     39030.000000           1          -13.5621   
      1302:     39060.000000           1          -13.5597   
      1303:     39090.000000           1          -13.5602   
      1304:     39120.000000           1          -13.5500   
      1305:     39150.000000           1          -13.5490   
      1306:     39180.000000           1          -13.5536   
      1307:     39210.000000           1          -13.5567   
      1308:     39240.000000           1          -13.5533   
      1309:     39270.000000           1          -13.5560   
      1310:     39300.000000           1          -13.5569   
      1311:     39330.000000           1          -13.5556   
      1312:     39360.000000           1          -13.5523   
      1313:     39390.000000           1          -13.5529   
      1314:     39420.000000           1          -13.5527   
      1315:     39450.000000           1          -13.5516   
      1316:     39480.000000           1          -13.5521   
      1317:     39510.000000           1          -13.5452   
      1318:     39540.000000           1          -13.5436   
      1319:     39570.000000           1          -13.5367   
      1320:     39600.000000           1          -13.5333   
      1321:     39630.000000           1          -13.5256   
      1322:     39660.000000           1          -13.5241   
      1323:     39690.000000           1          -13.5226   
      1324:     39720.000000           1          -13.5226   
      1325:     39750.000000           1          -13.5198   
      1326:     39780.000000           1          -13.5165   
      1327:     39810.000000           1          -13.5112   
      1328:     39840.000000           1          -13.5074   
      1329:     39870.000000           1          -13.5072   
      1330:     39900.000000           1          -13.5067   
      1331:     39930.000000           1          -13.5046   
      1332:     39960.000000           1          -13.5014   
      1333:     39990.000000           1          -13.5053   
      1334:     40020.000000           1          -13.5119   
      1335:     40050.000000           1          -13.5084   
      1336:     40080.000000           1          -13.5088   
      1337:     40110.000000           1          -13.5022   
      1338:     40140.000000           1          -13.5064   
      1339:     40170.000000           1          -13.5069   
      1340:     40200.000000           1          -13.5039   
      1341:     40230.000000           1          -13.5006   
      1342:     40260.000000           1          -13.4955   
      1343:     40290.000000           1          -13.4944   
      1344:     40320.000000           1          -13.4887   
      1345:     40350.000000           1          -13.4861   
      1346:     40380.000000           1          -13.4825   
      1347:     40410.000000           1          -13.4753   
      1348:     40440.000000           1          -13.4754   
      1349:     40470.000000           1          -13.4712   
      1350:     40500.000000           1          -13.4658   
      1351:     40530.000000           1          -13.4603   
      1352:     40560.000000           1          -13.4549   
      1353:     40590.000000           1          -13.4540   
      1354:     40620.000000           1          -13.4500   
      1355:     40650.000000           1          -13.4446   
      1356:     40680.000000           1          -13.4415   
      1357:     40710.000000           1          -13.4350   
      1358:     40740.000000           1          -13.4328   
      1359:     40770.000000           1          -13.4374   
      1360:     40800.000000           1          -13.4333   
      1361:     40830.000000           1          -13.4352   
      1362:     40860.000000           1          -13.4361   
      1363:     40890.000000           1          -13.4345   
      1364:     40920.000000           1          -13.4336   
      1365:     40950.000000           1          -13.4308   
      1366:     40980.000000           1          -13.4290   
      1367:     41010.000000           1          -13.4241   
      1368:     41040.000000           1          -13.4215   
      1369:     41070.000000           1          -13.4188   
      1370:     41100.000000           1          -13.4173   
      1371:     41130.000000           1          -13.4123   
      1372:     41160.000000           1          -13.4104   
      1373:     41190.000000           1          -13.4066   
      1374:     41220.000000           1          -13.4095   
      1375:     41250.000000           1          -13.4102   
      1376:     41280.000000           1          -13.4107   
      1377:     41310.000000           1          -13.4009   
      1378:     41340.000000           1          -13.4008   
      1379:     41370.000000           1          -13.4042   
      1380:     41400.000000           1          -13.4053   
      1381:     41430.000000           1          -13.4018   
      1382:     41460.000000           1          -13.3995   
      1383:     41490.000000           1          -13.3924   
      1384:     41520.000000           1          -13.3918   
      1385:     41550.000000           1          -13.3916   
      1386:     41580.000000           1          -13.3935   
      1387:     41610.000000           1          -13.3946   
      1388:     41640.000000           1          -13.3945   
      1389:     41670.000000           1          -13.3939   
      1390:     41700.000000           1          -13.3931   
      1391:     41730.000000           1          -13.3994   
      1392:     41760.000000           1          -13.4038   
      1393:     41790.000000           1          -13.4071   
      1394:     41820.000000           1          -13.4057   
      1395:     41850.000000           1          -13.4101   
      1396:     41880.000000           1          -13.4120   
      1397:     41910.000000           1          -13.4101   
      1398:     41940.000000           1          -13.4082   
      1399:     41970.000000           1          -13.4111   
      1400:     42000.000000           1          -13.4096   
      1401:     42030.000000           1          -13.4078   
      1402:     42060.000000           1          -13.4082   
      1403:     42090.000000           1          -13.4091   
      1404:     42120.000000           1          -13.4103   
      1405:     42150.000000           1          -13.4151   
      1406:     42180.000000           1          -13.4161   
      1407:     42210.000000           1          -86.7839   
      1408:     42240.000000           1          -86.7838   
      1409:     42270.000000           1          -86.7897   
      1410:     42300.000000           1          -86.7911   
      1411:     42330.000000           1          -86.7882   
      1412:     42360.000000           1          -13.4268   
      1413:     42390.000000           1          -86.7984   
      1414:     42420.000000           1          -13.4373   
      1415:     42450.000000           1          -86.8000   
      1416:     42480.000000           1          -86.8015   
      1417:     42510.000000           1          -86.8022   
      1418:     42540.000000           1          -86.7983   
      1419:     42570.000000           1          -86.7952   
      1420:     42600.000000           1          -86.7915   
      1421:     42630.000000           1          -86.7857   
      1422:     42660.000000           1          -86.7776   
      1423:     42690.000000           1          -86.7738   
      1424:     42720.000000           1          -86.7744   
      1425:     42750.000000           1          -86.7685   
      1426:     42780.000000           1          -86.7568   
      1427:     42810.000000           1          -86.7526   
      1428:     42840.000000           1          -86.7500   
      1429:     42870.000000           1          -86.7483   
      1430:     42900.000000           1          -86.7456   
      1431:     42930.000000           1          -86.7405   
      1432:     42960.000000           1          -86.7380   
      1433:     42990.000000           1          -86.7378   
      1434:     43020.000000           1          -86.7333   
      1435:     43050.000000           1          -86.7339   
      1436:     43080.000000           1          -86.7330   
      1437:     43110.000000           1          -86.7300   
      1438:     43140.000000           1          -86.7239   
      1439:     43170.000000           1          -13.3979   
      1440:     43200.000000           1          -13.3929   
      1441:     43230.000000           1          -13.3876   
      1442:     43260.000000           1          -86.7044   
      1443:     43290.000000           1          -86.7001   
      1444:     43320.000000           1          -86.6982   
      1445:     43350.000000           1         -304.3298   
      1446:     43380.000000           1         -304.3276   
      1447:     43410.000000           1         -304.3228   
      1448:     43440.000000           1         -304.3200   
      1449:     43470.000000           1         -304.3211   
      1450:     43500.000000           1         -304.3206   
      1451:     43530.000000           1         -304.3193   
      1452:     43560.000000           1         -304.3153   
      1453:     43590.000000           1         -304.3143   
      1454:     43620.000000           1         -304.3121   
      1455:     43650.000000           1         -304.3078   
      1456:     43680.000000           1         -304.3078   
      1457:     43710.000000           1         -304.3098   
      1459:     43770.000000           1         -304.3259   
      1460:     43800.000000           1         -304.3274   
      1461:     43830.000000           1         -304.3265   
      1462:     43860.000000           1         -304.3270   
      1463:     43890.000000           1         -304.3266   
      1464:     43920.000000           1          -86.6389   
      1465:     43950.000000           1          -86.6361   
      1466:     43980.000000           1          -86.6353   
      1467:     44010.000000           1          -86.6275   
      1468:     44040.000000           1          -86.6238   
      1469:     44070.000000           1          -86.6220   
      1470:     44100.000000           1          -86.6148   
      1471:     44130.000000           1          -86.6114   
      1472:     44160.000000           1          -13.3664   
      1473:     44190.000000           1          -13.3714   
      1474:     44220.000000           1          -13.3776   
      1475:     44250.000000           1          -13.3779   
      1476:     44280.000000           1          -13.3772   
      1477:     44310.000000           1          -13.3794   
      1478:     44340.000000           1          -13.3786   
      1479:     44370.000000           1          -13.3787   
      1480:     44400.000000           1          -13.3791   
      1481:     44430.000000           1          -13.3818   
      1482:     44460.000000           1          -13.3868   
      1483:     44490.000000           1          -13.3887   
      1484:     44520.000000           1          -13.3938   
      1485:     44550.000000           1          -13.3982   
      1486:     44580.000000           1          -86.6267   
      1487:     44610.000000           1          -13.4091   
      1488:     44640.000000           1          -13.4075   
      1489:     44670.000000           1          -13.4055   
      1490:     44700.000000           1          -13.4071   
      1491:     44730.000000           1          -86.6251   
      1492:     44760.000000           1          -13.4139   
      1493:     44790.000000           1          -86.6190   
      1494:     44820.000000           1          -86.6130   
      1495:     44850.000000           1          -86.6090   
      1496:     44880.000000           1          -86.6032   
      1497:     44910.000000           1          -86.5990   
      1498:     44940.000000           1          -86.5956   
      1499:     44970.000000           1          -86.5954   
      1500:     45000.000000           1          -86.5915   
      1501:     45030.000000           1          -86.5953   
      1502:     45060.000000           1          -86.6030   
      1503:     45090.000000           1          -86.6092   
      1504:     45120.000000           1          -86.6183   
      1505:     45150.000000           1          -86.6270   
      1506:     45180.000000           1          -86.6294   
      1507:     45210.000000           1          -86.6346   
      1508:     45240.000000           1          -86.6407   
      1509:     45270.000000           1          -86.6392   
      1510:     45300.000000           1          -86.6411   
      1511:     45330.000000           1          -86.6449   
      1513:     45390.000000           1          -86.6432   
      1514:     45420.000000           1          -86.6434   
      1515:     45450.000000           1          -86.6414   
      1516:     45480.000000           1          -86.6402   
      1517:     45510.000000           1          -86.6410   
      1518:     45540.000000           1          -86.6407   
      1519:     45570.000000           1          -86.6395   
      1520:     45600.000000           1          -86.6391   
      1521:     45630.000000           1          -86.6380   
      1522:     45660.000000           1          -86.6328   
      1523:     45690.000000           1          -13.4254   
      1524:     45720.000000           1          -13.4269   
      1525:     45750.000000           1          -13.4290   
      1526:     45780.000000           1          -13.4326   
      1527:     45810.000000           1          -86.6437   
      1528:     45840.000000           1          -13.4338   
      1529:     45870.000000           1          -86.6588   
      1530:     45900.000000           1          -13.4421   
      1531:     45930.000000           1          -13.4436   
      1532:     45960.000000           1          -13.4409   
      1533:     45990.000000           1          -13.4430   
      1534:     46020.000000           1          -13.4477   
      1535:     46050.000000           1          -13.4499   
      1536:     46080.000000           1          -13.4528   
      1537:     46110.000000           1          -86.6682   
      1538:     46140.000000           1          -13.4572   
      1539:     46170.000000           1          -13.4575   
      1540:     46200.000000           1          -13.4559   
      1541:     46230.000000           1          -13.4560   
      1542:     46260.000000           1          -13.4527   
      1543:     46290.000000           1          -13.4556   
      1544:     46320.000000           1          -13.4527   
      1545:     46350.000000           1          -86.6718   
      1546:     46380.000000           1          -13.4682   
      1547:     46410.000000           1          -13.4733   
      1548:     46440.000000           1          -13.4804   
      1549:     46470.000000           1          -13.4853   
      1550:     46500.000000           1          -13.4877   
      1551:     46530.000000           1          -13.4904   
      1552:     46560.000000           1          -13.4965   
      1553:     46590.000000           1          -13.5002   
      1554:     46620.000000           1          -13.5062   
      1555:     46650.000000           1          -13.5096   
      1556:     46680.000000           1          -13.5170   
      1557:     46710.000000           1          -13.5171   
      1558:     46740.000000           1          -13.5188   
      1559:     46770.000000           1          -13.5187   
      1560:     46800.000000           1          -86.7396   
      1561:     46830.000000           1          -13.5436   
      1562:     46860.000000           1          -13.5419   
      1563:     46890.000000           1          -13.5490   
      1564:     46920.000000           1          -13.5517   
      1565:     46950.000000           1          -13.5573   
      1566:     46980.000000           1          -13.5600   
      1567:     47010.000000           1          -13.5607   
      1568:     47040.000000           1          -13.5637   
      1569:     47070.000000           1          -13.5636   
      1570:     47100.000000           1          -13.5667   
      1571:     47130.000000           1          -13.5692   
      1572:     47160.000000           1          -13.5708   
      1573:     47190.000000           1          -13.5730   
      1574:     47220.000000           1          -86.7872   
      1575:     47250.000000           1          -13.5662   
      1576:     47280.000000           1          -13.5725   
      1577:     47310.000000           1          -13.5695   
      1578:     47340.000000           1          -13.5697   
      1579:     47370.000000           1          -13.5714   
      1580:     47400.000000           1          -13.5724   
      1581:     47430.000000           1          -86.7899   
      1582:     47460.000000           1          -86.7940   
      1583:     47490.000000           1          -86.7977   
      1584:     47520.000000           1          -86.8008   
      1585:     47550.000000           1          -86.8082   
      1586:     47580.000000           1          -86.8124   
      1587:     47610.000000           1          -86.8154   
      1588:     47640.000000           1          -86.8186   
      1589:     47670.000000           1          -86.8203   
      1590:     47700.000000           1          -86.8191   
      1591:     47730.000000           1          -86.8222   
      1592:     47760.000000           1          -86.8244   
      1593:     47790.000000           1          -86.8242   
      1594:     47820.000000           1          -86.8225   
      1595:     47850.000000           1          -86.8217   
      1596:     47880.000000           1          -86.8230   
      1597:     47910.000000           1          -86.8256   
      1598:     47940.000000           1          -86.8232   
      1599:     47970.000000           1          -86.8244   
      1600:     48000.000000           1          -86.8243   
      1601:     48030.000000           1          -86.8239   
      1602:     48060.000000           1          -13.5986   
      1603:     48090.000000           1          -86.8225   
      1604:     48120.000000           1          -86.8253   
      1605:     48150.000000           1          -86.8256   
      1606:     48180.000000           1          -86.8316   
      1607:     48210.000000           1          -86.8393   
      1608:     48240.000000           1          -13.6181   
      1609:     48270.000000           1          -13.6195   
      1610:     48300.000000           1          -13.6209   
      1611:     48330.000000           1          -13.6240   
      1612:     48360.000000           1          -86.8540   
      1613:     48390.000000           1          -86.8538   
      1614:     48420.000000           1          -86.8507   
      1615:     48450.000000           1          -86.8545   
      1616:     48480.000000           1          -86.8603   
      1617:     48510.000000           1          -86.8626   
      1618:     48540.000000           1          -86.8648   
      1619:     48570.000000           1          -86.8651   
      1620:     48600.000000           1          -86.8680   
      1621:     48630.000000           1          -86.8663   
      1622:     48660.000000           1          -86.8655   
      1623:     48690.000000           1          -86.8694   
      1624:     48720.000000           1          -86.8710   
      1625:     48750.000000           1          -86.8745   
      1626:     48780.000000           1          -86.8802   
      1627:     48810.000000           1          -86.8835   
      1628:     48840.000000           1          -86.8863   
      1629:     48870.000000           1          -86.8855   
      1630:     48900.000000           1          -86.8862   
      1631:     48930.000000           1          -86.8876   
      1632:     48960.000000           1          -86.8865   
      1633:     48990.000000           1          -86.8869   
      1634:     49020.000000           1          -86.8920   
      1635:     49050.000000           1          -86.9000   
      1636:     49080.000000           1          -86.9049   
      1637:     49110.000000           1          -86.9099   
      1638:     49140.000000           1          -86.9102   
      1639:     49170.000000           1          -86.9125   
      1640:     49200.000000           1          -13.6716   
      1641:     49230.000000           1          -13.6737   
      1642:     49260.000000           1          -13.6702   
      1643:     49290.000000           1          -13.6712   
      1644:     49320.000000           1          -13.6696   
      1645:     49350.000000           1          -13.6709   
      1646:     49380.000000           1          -13.6734   
      1647:     49410.000000           1          -13.6767   
      1648:     49440.000000           1          -13.6814   
      1649:     49470.000000           1          -13.6857   
      1650:     49500.000000           1          -13.6858   
      1651:     49530.000000           1          -13.6853   
      1652:     49560.000000           1          -13.6885   
      1653:     49590.000000           1          -13.6939   
      1654:     49620.000000           1          -13.7000   
      1655:     49650.000000           1          -13.7030   
      1656:     49680.000000           1          -13.7064   
      1657:     49710.000000           1          -13.7070   
      1658:     49740.000000           1          -13.7093   
      1659:     49770.000000           1          -13.7111   
      1660:     49800.000000           1          -13.7108   
      1661:     49830.000000           1          -13.7125   
      1662:     49860.000000           1          -13.7110   
      1663:     49890.000000           1          -13.7101   
      1664:     49920.000000           1          -13.7113   
      1665:     49950.000000           1          -13.7163   
      1666:     49980.000000           1          -13.7194   
      1667:     50010.000000           1          -13.7224   
      1668:     50040.000000           1          -13.7231   
      1669:     50070.000000           1          -13.7214   
      1670:     50100.000000           1          -13.7180   
      1671:     50130.000000           1          -13.7121   
      1672:     50160.000000           1          -13.7078   
      1673:     50190.000000           1          -13.7049   
      1674:     50220.000000           1          -13.7066   
      1675:     50250.000000           1          -13.7047   
      1676:     50280.000000           1          -13.7065   
      1677:     50310.000000           1          -13.7025   
      1678:     50340.000000           1          -13.7059   
      1679:     50370.000000           1          -13.7076   
      1680:     50400.000000           1          -13.7000   
      1681:     50430.000000           1          -13.7009   
      1682:     50460.000000           1          -13.6992   
      1683:     50490.000000           1          -13.6976   
      1684:     50520.000000           1          -13.6981   
      1685:     50550.000000           1          -13.7011   
      1686:     50580.000000           1          -13.6979   
      1687:     50610.000000           1          -13.6993   
      1688:     50640.000000           1          -13.7039   
      1689:     50670.000000           1          -13.7051   
      1690:     50700.000000           1          -13.7015   
      1691:     50730.000000           1          -13.6973   
      1692:     50760.000000           1          -13.6980   
      1693:     50790.000000           1          -13.6980   
      1694:     50820.000000           1          -13.6968   
      1695:     50850.000000           1          -13.6958   
      1696:     50880.000000           1          -13.6950   
      1697:     50910.000000           1         -191.5871   
      1698:     50940.000000           1          -13.6887   
      1699:     50970.000000           1          -13.6868   
      1700:     51000.000000           1          -13.6861   
      1701:     51030.000000           1          -13.6873   
      1702:     51060.000000           1          -13.6883   
      1703:     51090.000000           1          -13.6935   
      1704:     51120.000000           1          -13.6949   
      1705:     51150.000000           1          -13.6963   
      1706:     51180.000000           1          -13.6935   
      1707:     51210.000000           1          -13.6925   
      1708:     51240.000000           1          -13.6946   
      1709:     51270.000000           1          -13.6923   
      1710:     51300.000000           1          -13.6912   
      1711:     51330.000000           1          -13.6923   
      1712:     51360.000000           1          -13.6932   
      1713:     51390.000000           1          -13.6922   
      1714:     51420.000000           1          -13.6907   
      1715:     51450.000000           1          -13.6920   
      1716:     51480.000000           1          -13.6939   
      1717:     51510.000000           1          -13.6962   
      1718:     51540.000000           1          -13.6935   
      1719:     51570.000000           1          -13.6923   
      1720:     51600.000000           1          -13.6914   
      1721:     51630.000000           1          -13.6885   
      1722:     51660.000000           1          -13.6875   
      1723:     51690.000000           1          -13.6791   
      1724:     51720.000000           1          -13.6743   
      1725:     51750.000000           1          -13.6765   
      1726:     51780.000000           1          -13.6802   
      1727:     51810.000000           1          -13.6840   
      1728:     51840.000000           1          -13.6870   
      1729:     51870.000000           1          -13.6841   
      1730:     51900.000000           1          -13.6841   
      1731:     51930.000000           1          -13.6835   
      1732:     51960.000000           1          -13.6854   
      1733:     51990.000000           1          -13.6848   
      1734:     52020.000000           1          -13.6865   
      1735:     52050.000000           1          -13.6892   
      1736:     52080.000000           1          -13.6903   
      1737:     52110.000000           1          -13.6896   
      1738:     52140.000000           1          -13.6916   
      1739:     52170.000000           1          -13.6925   
      1740:     52200.000000           1          -13.6948   
      1741:     52230.000000           1          -13.6972   
      1742:     52260.000000           1          -13.7009   
      1743:     52290.000000           1          -13.7024   
      1744:     52320.000000           1          -13.7021   
      1745:     52350.000000           1          -13.7047   
      1746:     52380.000000           1          -13.7118   
      1747:     52410.000000           1          -13.7108   
      1748:     52440.000000           1          -13.7099   
      1749:     52470.000000           1          -13.7111   
      1750:     52500.000000           1          -13.7077   
      1751:     52530.000000           1          -13.7039   
      1752:     52560.000000           1          -13.7039   
      1753:     52590.000000           1          -13.7030   
      1754:     52620.000000           1          -13.7031   
      1755:     52650.000000           1          -13.7012   
      1756:     52680.000000           1          -13.6997   
      1757:     52710.000000           1          -13.7017   
      1758:     52740.000000           1          -13.7060   
      1759:     52770.000000           1          -13.7084   
      1760:     52800.000000           1          -13.7100   
      1761:     52830.000000           1          -13.7092   
      1762:     52860.000000           1          -13.7056   
      1763:     52890.000000           1          -13.7058   
      1764:     52920.000000           1          -13.7101   
      1765:     52950.000000           1          -13.7089   
      1766:     52980.000000           1          -13.7089   
      1767:     53010.000000           1          -13.7111   
      1768:     53040.000000           1          -13.7174   
      1769:     53070.000000           1          -13.7240   
      1770:     53100.000000           1          -13.7270   
      1771:     53130.000000           1          -13.7283   
      1772:     53160.000000           1          -13.7286   
      1773:     53190.000000           1          -13.7285   
      1774:     53220.000000           1         -191.4553   
      1775:     53250.000000           1          -13.7382   
      1776:     53280.000000           1          -13.7384   
      1777:     53310.000000           1          -13.7405   
      1778:     53340.000000           1          181.8941   
      1779:     53370.000000           1         -191.4505   
      1780:     53400.000000           1         -191.4508   
      1781:     53430.000000           1         -191.4510   
      1782:     53460.000000           1         -191.4480   
      1783:     53490.000000           1         -191.4477   
      1784:     53520.000000           1         -191.4482   
      1785:     53550.000000           1         -191.4511   
      1786:     53580.000000           1         -191.4548   
      1787:     53610.000000           1         -191.4530   
      1788:     53640.000000           1         -191.4509   
      1789:     53670.000000           1         -191.4494   
      1790:     53700.000000           1         -191.4461   
      1791:     53730.000000           1         -191.4441   
      1792:     53760.000000           1         -191.4410   
      1793:     53790.000000           1         -191.4337   
      1794:     53820.000000           1         -191.4294   
      1795:     53850.000000           1         -191.4312   
      1796:     53880.000000           1         -191.4288   
      1797:     53910.000000           1         -191.4316   
      1798:     53940.000000           1         -191.4362   
      1799:     53970.000000           1         -191.4405   
      1800:     54000.000000           1          181.9249   
      1801:     54030.000000           1          -13.7689   
      1802:     54060.000000           1         -191.4665   
      1803:     54090.000000           1         -191.4687   
      1804:     54120.000000           1         -191.4650   
      1805:     54150.000000           1         -191.4594   
      1806:     54180.000000           1          181.9191   
      1807:     54210.000000           1         -191.4495   
      1808:     54240.000000           1         -191.4478   
      1809:     54270.000000           1         -191.4454   
      1810:     54300.000000           1          181.9189   
      1811:     54330.000000           1          181.9184   
      1812:     54360.000000           1          181.9196   
      1813:     54390.000000           1          181.9210   
      1814:     54420.000000           1          181.9139   
      1815:     54450.000000           1          181.9103   
      1816:     54480.000000           1          181.9094   
      1817:     54510.000000           1          181.9087   
      1818:     54540.000000           1          181.9096   
      1819:     54570.000000           1          181.9123   
      1820:     54600.000000           1          181.9177   
      1821:     54630.000000           1          181.9220   
      1822:     54660.000000           1          181.9294   
      1823:     54690.000000           1          -87.0381   
      1824:     54720.000000           1          -87.0380   
      1825:     54750.000000           1          -87.0373   
      1826:     54780.000000           1          -87.0408   
      1827:     54810.000000           1          -87.0434   
      1828:     54840.000000           1          -87.0445   
      1829:     54870.000000           1          -87.0503   
      1830:     54900.000000           1          181.9260   
      1831:     54930.000000           1          181.9262   
      1832:     54960.000000           1         -191.4431   
      1833:     54990.000000           1         -191.4430   
      1834:     55020.000000           1         -191.4381   
      1835:     55050.000000           1         -191.4387   
      1836:     55080.000000           1         -191.4358   
      1837:     55110.000000           1         -191.4320   
      1838:     55140.000000           1         -191.4300   
      1839:     55170.000000           1         -191.4289   
      1840:     55200.000000           1         -191.4307   
      1841:     55230.000000           1         -191.4330   
      1842:     55260.000000           1         -191.4351   
      1843:     55290.000000           1         -191.4322   
      1844:     55320.000000           1         -191.4317   
      1845:     55350.000000           1         -191.4314   
      1846:     55380.000000           1         -191.4332   
      1847:     55410.000000           1         -191.4415   
      1848:     55440.000000           1         -191.4423   
      1849:     55470.000000           1         -191.4401   
      1850:     55500.000000           1         -191.4381   
      1851:     55530.000000           1         -191.4384   
      1852:     55560.000000           1         -191.4392   
      1853:     55590.000000           1         -191.4405   
      1854:     55620.000000           1         -191.4442   
      1855:     55650.000000           1         -191.4450   
      1856:     55680.000000           1         -191.4492   
      1857:     55710.000000           1         -191.4522   
      1858:     55740.000000           1         -191.4509   
      1859:     55770.000000           1          181.8764   
      1860:     55800.000000           1         -191.4525   
      1861:     55830.000000           1         -191.4560   
      1862:     55860.000000           1         -191.4584   
      1863:     55890.000000           1         -191.4577   
      1864:     55920.000000           1         -191.4571   
      1865:     55950.000000           1         -191.4577   
      1866:     55980.000000           1         -191.4587   
      1867:     56010.000000           1          -13.8634   
      1868:     56040.000000           1          -13.8675   
      1869:     56070.000000           1          -13.8711   
      1870:     56100.000000           1          -13.8743   
      1871:     56130.000000           1          -13.8778   
      1872:     56160.000000           1          -13.8794   
      1873:     56190.000000           1          -13.8781   
      1874:     56220.000000           1          -13.8795   
      1875:     56250.000000           1          -13.8861   
      1876:     56280.000000           1          -13.8883   
      1877:     56310.000000           1          -13.8869   
      1878:     56340.000000           1          -13.8848   
      1879:     56370.000000           1          -13.8842   
      1880:     56400.000000           1          -13.8846   
      1881:     56430.000000           1          -13.8827   
      1882:     56460.000000           1          -13.8856   
      1883:     56490.000000           1          -13.8874   
      1884:     56520.000000           1          -13.8882   
      1885:     56550.000000           1          -13.8925   
      1886:     56580.000000           1          -13.8945   
      1887:     56610.000000           1          -13.8941   
      1888:     56640.000000           1          -13.8952   
      1889:     56670.000000           1          -13.8993   
      1890:     56700.000000           1          -13.8996   
      1891:     56730.000000           1         -191.4871   
      1892:     56760.000000           1          -14.1877   
      1893:     56790.000000           1          -14.2401   
      1894:     56820.000000           1          -14.2617   
      1895:     56850.000000           1          -14.2770   
      1896:     56880.000000           1          -14.3051   
      1897:     56910.000000           1          -14.3248   
      1898:     56940.000000           1          -14.3420   
      1899:     56970.000000           1         -191.5044   
      1900:     57000.000000           1         -191.5060   
      1901:     57030.000000           1         -191.5061   
      1902:     57060.000000           1         -191.5064   
      1903:     57090.000000           1          181.8727   
      1904:     57120.000000           1          181.8705   
      1905:     57150.000000           1          181.8665   
      1906:     57180.000000           1          181.8687   
      1907:     57210.000000           1          181.8640   
      1908:     57240.000000           1          181.8611   
      1909:     57270.000000           1          181.8598   
      1910:     57300.000000           1          181.8582   
      1911:     57330.000000           1          181.8549   
      1912:     57360.000000           1          181.8548   
      1913:     57390.000000           1          181.8535   
      1914:     57420.000000           1          181.8527   
      1915:     57450.000000           1          181.8534   
      1916:     57480.000000           1          181.8509   
      1917:     57510.000000           1          181.8551   
      1918:     57540.000000           1          181.8534   
      1919:     57570.000000           1          181.8536   
      1920:     57600.000000           1          181.8507   
      1921:     57630.000000           1          181.8487   
      1922:     57660.000000           1          181.8482   
      1923:     57690.000000           1         -191.5303   
      1924:     57720.000000           1          181.8406   
      1925:     57750.000000           1          181.8389   
      1926:     57780.000000           1         -191.5321   
      1927:     57810.000000           1          181.8396   
      1928:     57840.000000           1         -191.5321   
