         0:         0.000000           1         -116.6772   
         1:        30.000000           1         -109.1932   
         2:        60.000000           1         -111.2242   
         3:        90.000000           1           55.0002   
         4:       120.000000           1           54.5170   
         5:       150.000000           1           55.2483   
         6:       180.000000           1           56.1404   
         7:       210.000000           1           57.0344   
         8:       240.000000           1           58.0433   
         9:       270.000000           1           57.0616   
        10:       300.000000           1           56.7237   
        11:       330.000000           1           56.4031   
        12:       360.000000           1           55.9829   
        13:       390.000000           1           55.0649   
        14:       420.000000           1           55.0717   
        15:       450.000000           1           55.4199   
        16:       480.000000           1           54.8869   
        17:       510.000000           1           54.5247   
        18:       540.000000           1           54.6281   
        19:       570.000000           1           53.9767   
        20:       600.000000           1           53.7580   
        21:       630.000000           1           53.7253   
        22:       660.000000           1           53.8655   
        23:       690.000000           1           53.5761   
        24:       720.000000           1           53.6186   
        25:       750.000000           1           53.5178   
        26:       780.000000           1           53.5842   
        27:       810.000000           1           53.3447   
        28:       840.000000           1           53.2015   
        29:       870.000000           1         -122.0841   
        30:       900.000000           1           53.2376   
        31:       930.000000           1           53.2522   
        32:       960.000000           1           53.2344   
        33:       990.000000           1           53.2195   
        34:      1020.000000           1           53.0974   
        35:      1050.000000           1           53.0284   
        36:      1080.000000           1           52.8575   
        37:      1110.000000           1          142.6044   
        38:      1140.000000           1           52.8059   
        39:      1170.000000           1           52.9800   
        40:      1200.000000           1           53.0280   
        41:      1230.000000           1           53.5299   
        42:      1260.000000           1           53.6799   
        43:      1290.000000           1           53.6877   
        44:      1320.000000           1           53.7169   
        45:      1350.000000           1          143.7837   
        46:      1380.000000           1           53.6552   
        47:      1410.000000           1           53.5890   
        48:      1440.000000           1          143.6899   
        49:      1470.000000           1           53.7216   
        50:      1500.000000           1           53.5521   
        51:      1530.000000           1           53.5607   
        52:      1560.000000           1           53.6210   
        53:      1590.000000           1           53.7232   
        54:      1620.000000           1           53.7847   
        55:      1650.000000           1           53.7629   
        56:      1680.000000           1           53.6390   
        57:      1710.000000           1           53.6933   
        58:      1740.000000           1           53.6006   
        59:      1770.000000           1           53.7002   
        60:      1800.000000           1           53.6764   
        61:      1830.000000           1           53.6283   
        62:      1860.000000           1           53.6487   
        63:      1890.000000           1           53.5883   
        64:      1920.000000           1           53.5098   
        65:      1950.000000           1           53.5379   
        66:      1980.000000           1           53.4549   
        67:      2010.000000           1           53.3798   
        68:      2040.000000           1           53.3499   
        69:      2070.000000           1           53.2392   
        70:      2100.000000           1           53.2401   
        71:      2130.000000           1           53.1748   
        72:      2160.000000           1           53.1074   
        73:      2190.000000           1           53.0517   
        74:      2220.000000           1           52.9312   
        75:      2250.000000           1           52.9346   
        76:      2280.000000           1           52.8895   
        77:      2310.000000           1           52.9086   
        78:      2340.000000           1           52.8343   
        79:      2370.000000           1           52.7856   
        80:      2400.000000           1          142.5231   
        81:      2430.000000           1          142.5166   
        82:      2460.000000           1          142.5319   
        83:      2490.000000           1          142.5008   
        84:      2520.000000           1          142.5199   
        85:      2550.000000           1          142.6192   
        86:      2580.000000           1          142.6264   
        87:      2610.000000           1          142.6776   
        88:      2640.000000           1          142.6113   
        89:      2670.000000           1          142.6760   
        90:      2700.000000           1          142.6149   
        91:      2730.000000           1          142.6251   
        92:      2760.000000           1          142.6339   
        93:      2790.000000           1          142.6590   
        94:      2820.000000           1          142.5774   
        95:      2850.000000           1          142.6674   
        96:      2880.000000           1          142.6732   
        97:      2910.000000           1          142.7045   
        98:      2940.000000           1          142.7119   
        99:      2970.000000           1          142.7504   
       100:      3000.000000           1          142.6781   
       101:      3030.000000           1          142.6577   
       102:      3060.000000           1          142.6801   
       103:      3090.000000           1          142.6712   
       104:      3120.000000           1          142.7042   
       105:      3150.000000           1          142.7533   
       106:      3180.000000           1          142.7258   
       107:      3210.000000           1           52.9982   
       108:      3240.000000           1           52.9896   
       109:      3270.000000           1           52.9685   
       110:      3300.000000           1           52.9642   
       111:      3330.000000           1           52.9239   
       112:      3360.000000           1           52.8614   
       113:      3390.000000           1           52.8130   
       114:      3420.000000           1           52.8009   
       115:      3450.000000           1           52.8188   
       116:      3480.000000           1           52.8097   
       117:      3510.000000           1           52.7416   
       118:      3540.000000           1           52.7210   
       119:      3570.000000           1           52.7262   
       120:      3600.000000           1           52.7239   
       121:      3630.000000           1           52.7610   
       122:      3660.000000           1           52.8216   
       123:      3690.000000           1           52.7662   
       124:      3720.000000           1           52.7896   
       125:      3750.000000           1           52.7547   
       126:      3780.000000           1           52.7744   
       127:      3810.000000           1           52.8127   
       128:      3840.000000           1           52.8612   
       129:      3870.000000           1           52.9115   
       130:      3900.000000           1           52.9898   
       131:      3930.000000           1           53.0384   
       132:      3960.000000           1           53.0323   
       133:      3990.000000           1           53.0075   
       134:      4020.000000           1           53.0325   
       135:      4050.000000           1           53.0351   
       136:      4080.000000           1           52.9969   
       137:      4110.000000           1           52.9902   
       138:      4140.000000           1           52.9966   
       139:      4170.000000           1           53.0138   
       140:      4200.000000           1           53.0049   
       141:      4230.000000           1           52.9806   
       142:      4260.000000           1           52.9904   
       143:      4290.000000           1           52.9919   
       144:      4320.000000           1           52.9796   
       145:      4350.000000           1           53.0095   
       146:      4380.000000           1           53.0108   
       147:      4410.000000           1           52.9740   
       148:      4440.000000           1           52.9363   
       149:      4470.000000           1           52.9052   
       150:      4500.000000           1           52.9047   
       151:      4530.000000           1           52.9867   
       152:      4560.000000           1           53.0282   
       153:      4590.000000           1           53.0151   
       154:      4620.000000           1           52.9940   
       155:      4650.000000           1           52.9962   
       156:      4680.000000           1           53.0364   
       157:      4710.000000           1           53.0334   
       158:      4740.000000           1           53.0219   
       159:      4770.000000           1           53.0230   
       160:      4800.000000           1           53.0079   
       161:      4830.000000           1           53.0264   
       162:      4860.000000           1           53.0218   
       163:      4890.000000           1           53.0425   
       164:      4920.000000           1           53.0561   
       165:      4950.000000           1           53.0451   
       166:      4980.000000           1           53.0099   
       167:      5010.000000           1           53.0121   
       168:      5040.000000           1           53.0157   
       169:      5070.000000           1           53.0312   
       170:      5100.000000           1           53.0646   
       171:      5130.000000           1           53.0939   
       172:      5160.000000           1           53.1359   
       173:      5190.000000           1           53.1577   
       174:      5220.000000           1           53.1849   
       175:      5250.000000           1           53.2053   
       176:      5280.000000           1           53.2110   
       177:      5310.000000           1           53.2153   
       178:      5340.000000           1           53.2130   
       179:      5370.000000           1           53.1929   
       180:      5400.000000           1           53.2145   
       181:      5430.000000           1           53.2410   
       182:      5460.000000           1           53.2455   
       183:      5490.000000           1           53.2488   
       184:      5520.000000           1           53.2404   
       185:      5550.000000           1           53.2272   
       186:      5580.000000           1           53.2303   
       187:      5610.000000           1           53.2100   
       188:      5640.000000           1           53.1866   
       189:      5670.000000           1           53.1681   
       190:      5700.000000           1           53.1648   
       191:      5730.000000           1           53.1478   
       192:      5760.000000           1           53.1372   
       193:      5790.000000           1           53.1345   
       194:      5820.000000           1           53.1169   
       195:      5850.000000           1           53.1111   
       196:      5880.000000           1           53.1101   
       197:      5910.000000           1           53.1017   
       198:      5940.000000           1           53.0756   
       199:      5970.000000           1           53.1209   
       200:      6000.000000           1           53.1144   
       201:      6030.000000           1           53.1257   
       202:      6060.000000           1           53.1457   
       203:      6090.000000           1           53.1853   
       204:      6120.000000           1           53.1861   
       205:      6150.000000           1           53.2006   
       206:      6180.000000           1           53.1762   
       207:      6210.000000           1           53.1503   
       208:      6240.000000           1           53.1072   
       209:      6270.000000           1           53.0832   
       210:      6300.000000           1           53.0644   
       211:      6330.000000           1           53.0790   
       212:      6360.000000           1           53.1040   
       213:      6390.000000           1           53.1080   
       214:      6420.000000           1           53.1267   
       215:      6450.000000           1           53.1399   
       216:      6480.000000           1           53.1506   
       217:      6510.000000           1           53.1654   
       218:      6540.000000           1           53.1644   
       219:      6570.000000           1           53.1356   
       220:      6600.000000           1           53.1269   
       221:      6630.000000           1           53.1543   
       222:      6660.000000           1           53.1543   
       223:      6690.000000           1           53.1637   
       224:      6720.000000           1           53.1666   
       225:      6750.000000           1           53.1756   
       226:      6780.000000           1           53.1603   
       227:      6810.000000           1           53.1494   
       228:      6840.000000           1           53.1486   
       229:      6870.000000           1           53.1538   
       230:      6900.000000           1           53.1620   
       231:      6930.000000           1           53.1495   
       232:      6960.000000           1           53.1552   
       233:      6990.000000           1           53.1517   
       234:      7020.000000           1           53.1539   
       235:      7050.000000           1           53.1341   
       236:      7080.000000           1           53.1229   
       237:      7110.000000           1           53.1081   
       238:      7140.000000           1           53.0847   
       239:      7170.000000           1           53.0698   
       240:      7200.000000           1           53.0728   
       241:      7230.000000           1           53.1031   
       242:      7260.000000           1           53.1166   
       243:      7290.000000           1           53.1579   
       244:      7320.000000           1           53.1579   
       245:      7350.000000           1           53.1157   
       246:      7380.000000           1           53.0896   
       247:      7410.000000           1           53.0437   
       248:      7440.000000           1           52.9983   
       249:      7470.000000           1           52.9892   
       250:      7500.000000           1           52.9936   
       251:      7530.000000           1           52.9813   
       252:      7560.000000           1           52.9873   
       253:      7590.000000           1           53.0074   
       254:      7620.000000           1           53.0023   
       255:      7650.000000           1           52.9759   
       256:      7680.000000           1           52.9667   
       257:      7710.000000           1           52.9529   
       258:      7740.000000           1           52.9394   
       259:      7770.000000           1           52.9314   
       260:      7800.000000           1           52.9227   
       261:      7830.000000           1           52.9164   
       262:      7860.000000           1           52.9233   
       263:      7890.000000           1           52.9276   
       264:      7920.000000           1           52.9316   
       265:      7950.000000           1           52.9198   
       266:      7980.000000           1           52.9319   
       267:      8010.000000           1           52.9385   
       268:      8040.000000           1           52.9429   
       269:      8070.000000           1           52.9465   
       270:      8100.000000           1           52.9279   
       271:      8130.000000           1           52.9288   
       272:      8160.000000           1           52.9543   
       273:      8190.000000           1           52.9841   
       274:      8220.000000           1           52.9994   
       275:      8250.000000           1           53.0117   
       276:      8280.000000           1           53.0387   
       277:      8310.000000           1           53.0550   
       278:      8340.000000           1           53.0662   
       279:      8370.000000           1           53.0563   
       280:      8400.000000           1           53.0520   
       281:      8430.000000           1           53.0535   
       282:      8460.000000           1           53.0643   
       283:      8490.000000           1           53.0603   
       284:      8520.000000           1           53.0460   
       285:      8550.000000           1           53.0339   
       286:      8580.000000           1           53.0246   
       287:      8610.000000           1           53.0241   
       288:      8640.000000           1           53.0336   
       289:      8670.000000           1           53.0477   
       290:      8700.000000           1           53.0539   
       291:      8730.000000           1           53.0606   
       292:      8760.000000           1           53.0808   
       293:      8790.000000           1           53.0915   
       294:      8820.000000           1           53.0934   
       295:      8850.000000           1           53.0994   
       296:      8880.000000           1           53.0724   
       297:      8910.000000           1           53.0726   
       298:      8940.000000           1           53.0778   
       299:      8970.000000           1           53.0767   
       300:      9000.000000           1           53.0684   
       301:      9030.000000           1           53.0646   
       302:      9060.000000           1           53.0514   
       303:      9090.000000           1           53.0424   
       304:      9120.000000           1           53.0523   
       305:      9150.000000           1           53.0556   
       306:      9180.000000           1           53.0508   
       307:      9210.000000           1           53.0435   
       308:      9240.000000           1           53.0348   
       309:      9270.000000           1           53.0176   
       310:      9300.000000           1           52.9943   
       311:      9330.000000           1           52.9705   
       312:      9360.000000           1           52.9490   
       313:      9390.000000           1           52.9277   
       314:      9420.000000           1           52.9184   
       315:      9450.000000           1           52.9336   
       316:      9480.000000           1           52.9185   
       317:      9510.000000           1           52.9190   
       318:      9540.000000           1           52.9163   
       319:      9570.000000           1           52.9183   
       320:      9600.000000           1           52.9281   
       321:      9630.000000           1           52.9300   
       322:      9660.000000           1           52.9463   
       323:      9690.000000           1           52.9541   
       324:      9720.000000           1           52.9670   
       325:      9750.000000           1           52.9798   
       326:      9780.000000           1           52.9740   
       327:      9810.000000           1           52.9659   
       328:      9840.000000           1           52.9720   
       329:      9870.000000           1           52.9866   
       330:      9900.000000           1           52.9977   
       331:      9930.000000           1           52.9953   
       332:      9960.000000           1           52.9813   
       333:      9990.000000           1           52.9739   
       334:     10020.000000           1           52.9672   
       335:     10050.000000           1           52.9713   
       336:     10080.000000           1           52.9712   
       337:     10110.000000           1           52.9790   
       338:     10140.000000           1           52.9823   
       339:     10170.000000           1           52.9810   
       340:     10200.000000           1           52.9719   
       341:     10230.000000           1           52.9606   
       342:     10260.000000           1           52.9674   
       343:     10290.000000           1           52.9637   
       344:     10320.000000           1           52.9690   
       345:     10350.000000           1           52.9669   
       346:     10380.000000           1           52.9778   
       347:     10410.000000           1           52.9931   
       348:     10440.000000           1           53.0073   
       349:     10470.000000           1           53.0088   
       350:     10500.000000           1           53.0204   
       351:     10530.000000           1           53.0244   
       352:     10560.000000           1           53.0451   
       353:     10590.000000           1           53.0374   
       354:     10620.000000           1           53.0501   
       355:     10650.000000           1           53.0543   
       356:     10680.000000           1           53.0404   
       357:     10710.000000           1           53.0174   
       358:     10740.000000           1           53.0077   
       359:     10770.000000           1           52.9991   
       360:     10800.000000           1           52.9889   
       361:     10830.000000           1           52.9972   
       362:     10860.000000           1           53.0070   
       363:     10890.000000           1           52.9991   
       364:     10920.000000           1           52.9973   
       365:     10950.000000           1           52.9927   
       366:     10980.000000           1           52.9828   
       367:     11010.000000           1           59.0741   
       368:     11040.000000           1           52.9594   
       369:     11070.000000           1           52.9562   
       370:     11100.000000           1           59.0423   
       371:     11130.000000           1           52.9552   
       372:     11160.000000           1           52.9521   
       373:     11190.000000           1           52.9526   
       374:     11220.000000           1           52.9522   
       375:     11250.000000           1           59.0797   
       376:     11280.000000           1           53.0175   
       377:     11310.000000           1           53.0125   
       378:     11340.000000           1           59.1327   
       379:     11370.000000           1           59.1393   
       380:     11400.000000           1           53.0680   
       381:     11430.000000           1           53.0774   
       382:     11460.000000           1           53.0836   
       383:     11490.000000           1           53.0693   
       384:     11520.000000           1           53.0664   
       385:     11550.000000           1           53.0803   
       386:     11580.000000           1           53.0661   
       387:     11610.000000           1           59.1588   
       388:     11640.000000           1           53.0371   
       389:     11670.000000           1           59.1465   
       390:     11700.000000           1           53.0343   
       391:     11730.000000           1           53.0403   
       392:     11760.000000           1           53.0296   
       393:     11790.000000           1           53.0271   
       394:     11820.000000           1           53.0378   
       395:     11850.000000           1           59.1849   
       396:     11880.000000           1           59.1852   
       397:     11910.000000           1           59.1749   
       398:     11940.000000           1           59.1727   
       399:     11970.000000           1           59.1657   
       400:     12000.000000           1           59.1709   
       401:     12030.000000           1           59.1726   
       402:     12060.000000           1           59.1713   
       403:     12090.000000           1           59.1711   
       404:     12120.000000           1           59.1631   
       405:     12150.000000           1           59.1647   
       406:     12180.000000           1          112.1958   
       407:     12210.000000           1          112.1938   
       408:     12240.000000           1          112.2043   
       409:     12270.000000           1          112.2183   
       410:     12300.000000           1          112.2447   
       411:     12330.000000           1          112.2514   
       412:     12360.000000           1          112.2538   
       413:     12390.000000           1          112.2506   
       414:     12420.000000           1          112.2580   
       415:     12450.000000           1          112.2711   
       416:     12480.000000           1          112.2981   
       417:     12510.000000           1          112.3113   
       418:     12540.000000           1          112.3204   
       419:     12570.000000           1          112.3203   
       420:     12600.000000           1          112.3212   
       421:     12630.000000           1          112.3324   
       422:     12660.000000           1          112.3375   
       423:     12690.000000           1          112.3484   
       424:     12720.000000           1          112.3566   
       425:     12750.000000           1          112.3519   
       426:     12780.000000           1          112.3642   
       427:     12810.000000           1          112.3688   
       428:     12840.000000           1          112.3761   
       429:     12870.000000           1          112.3817   
       430:     12900.000000           1          112.3951   
       431:     12930.000000           1          112.4069   
       432:     12960.000000           1          112.4082   
       433:     12990.000000           1           59.3803   
       434:     13020.000000           1           59.3802   
       435:     13050.000000           1           59.3805   
       436:     13080.000000           1           53.2613   
       437:     13110.000000           1           59.3978   
       438:     13140.000000           1           59.3928   
       439:     13170.000000           1           59.3986   
       440:     13200.000000           1           59.4225   
       441:     13230.000000           1           53.2894   
       442:     13260.000000           1           59.4323   
       443:     13290.000000           1           53.2943   
       444:     13320.000000           1           59.4276   
       445:     13350.000000           1           59.4316   
       446:     13380.000000           1           59.4392   
       447:     13410.000000           1           59.4276   
       448:     13440.000000           1           59.4285   
       449:     13470.000000           1           59.4317   
       450:     13500.000000           1           59.4350   
       451:     13530.000000           1           59.4470   
       452:     13560.000000           1           59.4434   
       453:     13590.000000           1           59.4320   
       454:     13620.000000           1           59.4335   
       455:     13650.000000           1           59.4297   
       456:     13680.000000           1           59.4229   
       457:     13710.000000           1           59.4096   
       458:     13740.000000           1           59.3909   
       459:     13770.000000           1           59.3850   
       460:     13800.000000           1           59.3933   
       461:     13830.000000           1           59.3940   
       462:     13860.000000           1           59.4004   
       463:     13890.000000           1           59.4073   
       464:     13920.000000           1           59.4126   
       465:     13950.000000           1           59.4120   
       466:     13980.000000           1           59.4023   
       467:     14010.000000           1           59.4115   
       468:     14040.000000           1           59.4268   
       469:     14070.000000           1           59.4194   
       470:     14100.000000           1           59.4360   
       471:     14130.000000           1           59.4718   
       472:     14160.000000           1           59.4677   
       473:     14190.000000           1           59.4674   
       474:     14220.000000           1           59.4665   
       475:     14250.000000           1           59.4622   
       476:     14280.000000           1           59.4745   
       477:     14310.000000           1           59.4730   
       478:     14340.000000           1           59.4714   
       479:     14370.000000           1           59.4738   
       480:     14400.000000           1           53.2720   
       481:     14430.000000           1           59.4388   
       482:     14460.000000           1           53.2607   
       483:     14490.000000           1           59.4007   
       484:     14520.000000           1           53.2029   
       485:     14550.000000           1           59.3652   
       486:     14580.000000           1           59.3621   
       487:     14610.000000           1           59.3641   
       488:     14640.000000           1           59.3675   
       489:     14670.000000           1          112.4427   
       490:     14700.000000           1          112.4497   
       491:     14730.000000           1           59.3815   
       492:     14760.000000           1           59.3728   
       493:     14790.000000           1           59.3652   
       494:     14820.000000           1           59.3641   
       495:     14850.000000           1           59.3538   
       496:     14880.000000           1           59.3536   
       497:     14910.000000           1           59.3646   
       498:     14940.000000           1           59.3613   
       499:     14970.000000           1           59.3620   
       500:     15000.000000           1           59.3584   
       501:     15030.000000           1           59.3514   
       502:     15060.000000           1           59.3650   
       503:     15090.000000           1           59.3604   
       504:     15120.000000           1          112.4491   
       505:     15150.000000           1           59.4109   
       506:     15180.000000           1           59.4107   
       507:     15210.000000           1           59.4213   
       508:     15240.000000           1           59.4157   
       509:     15270.000000           1           59.4180   
       510:     15300.000000           1           59.4010   
       511:     15330.000000           1           59.4073   
      2796:     83880.000000           1           81.8740   
      2799:     83970.000000           1           81.7938   
      2801:     84030.000000           1           82.0467   
      2802:     84060.000000           1           81.8211   
      2803:     84090.000000           1            9.6913   
      2804:     84120.000000           1            9.6843   
      2805:     84150.000000           1            9.6802   
      2806:     84180.000000           1            9.6798   
      2807:     84210.000000           1            9.6814   
      2808:     84240.000000           1            9.6767   
      2809:     84270.000000           1            9.6731   
      2810:     84300.000000           1            9.6686   
      2811:     84330.000000           1            9.6704   
      2812:     84360.000000           1            9.6679   
      2813:     84390.000000           1            9.6650   
      2814:     84420.000000           1            9.6628   
      2815:     84450.000000           1            9.6581   
      2816:     84480.000000           1            9.6512   
      2817:     84510.000000           1            9.6473   
      2818:     84540.000000           1            9.6427   
      2819:     84570.000000           1           81.5756   
      2820:     84600.000000           1           81.5699   
      2821:     84630.000000           1            9.6348   
      2822:     84660.000000           1           81.5505   
      2823:     84690.000000           1           81.5506   
      2824:     84720.000000           1           81.5524   
      2825:     84750.000000           1            9.6286   
      2826:     84780.000000           1           81.5429   
      2827:     84810.000000           1           81.5364   
      2828:     84840.000000           1           81.5295   
      2829:     84870.000000           1            9.6142   
      2830:     84900.000000           1           81.5123   
      2831:     84930.000000           1           81.5065   
      2832:     84960.000000           1           81.5000   
      2833:     84990.000000           1           81.4841   
      2834:     85020.000000           1           81.4772   
      2835:     85050.000000           1           81.4744   
      2836:     85080.000000           1           81.4780   
      2837:     85110.000000           1           81.4738   
      2838:     85140.000000           1           81.4631   
      2839:     85170.000000           1           81.4505   
      2840:     85200.000000           1           81.4501   
      2841:     85230.000000           1           81.4562   
      2842:     85260.000000           1           81.4527   
      2843:     85290.000000           1           81.4494   
      2844:     85320.000000           1           81.4465   
      2845:     85350.000000           1           81.4432   
      2846:     85380.000000           1           81.4396   
      2847:     85410.000000           1           81.4440   
      2848:     85440.000000           1           81.4457   
      2849:     85470.000000           1           81.4420   
      2850:     85500.000000           1           81.4370   
      2851:     85530.000000           1           81.4382   
      2852:     85560.000000           1           81.4416   
      2853:     85590.000000           1           81.4488   
      2854:     85620.000000           1           81.4525   
      2855:     85650.000000           1           81.4525   
      2856:     85680.000000           1           81.4539   
      2857:     85710.000000           1           81.4566   
      2858:     85740.000000           1           81.4583   
      2859:     85770.000000           1           81.4561   
      2860:     85800.000000           1           81.4557   
      2861:     85830.000000           1           81.4574   
      2862:     85860.000000           1           81.4570   
      2863:     85890.000000           1           81.4592   
      2864:     85920.000000           1           81.4601   
      2865:     85950.000000           1           81.4622   
      2866:     85980.000000           1           81.4670   
      2867:     86010.000000           1           81.4730   
      2869:     86070.000000           1           81.4901   
      2870:     86100.000000           1           81.4926   
      2871:     86130.000000           1           81.4928   
      2872:     86160.000000           1           81.4927   
      2873:     86190.000000           1           81.4955   
      2874:     86220.000000           1           81.4973   
      2875:     86250.000000           1            9.6341   
      2876:     86280.000000           1            9.6283   
      2877:     86310.000000           1            9.6205   
      2878:     86340.000000           1            9.6148   
      2879:     86370.000000           1            9.6075   
