       727:     21810.000000           1         -439.4248   
       728:     21840.000000           1         -439.4179   
       730:     21900.000000           1         -439.3768   
       731:     21930.000000           1         -439.3576   
       732:     21960.000000           1         -439.3575   
       733:     21990.000000           1         -439.3588   
       734:     22020.000000           1         -439.3468   
       735:     22050.000000           1         -439.3475   
       736:     22080.000000           1         -439.3418   
       737:     22110.000000           1         -439.3370   
       738:     22140.000000           1         -439.3347   
       739:     22170.000000           1         -439.3198   
       740:     22200.000000           1         -439.3108   
       741:     22230.000000           1         -439.3004   
       742:     22260.000000           1         -439.2922   
       743:     22290.000000           1         -439.2873   
       744:     22320.000000           1         -439.2818   
       745:     22350.000000           1         -439.2725   
       746:     22380.000000           1         -439.2679   
       747:     22410.000000           1         -439.2619   
       748:     22440.000000           1         -439.2514   
       749:     22470.000000           1         -439.2385   
       750:     22500.000000           1         -439.2301   
       751:     22530.000000           1         -439.2211   
       752:     22560.000000           1         -439.2170   
       753:     22590.000000           1         -439.2057   
       754:     22620.000000           1         -439.1966   
       755:     22650.000000           1         -439.1918   
       756:     22680.000000           1         -439.1875   
       757:     22710.000000           1         -439.1768   
       758:     22740.000000           1         -439.1743   
       759:     22770.000000           1         -439.1704   
       760:     22800.000000           1         -439.1677   
       761:     22830.000000           1          -79.8060   
       762:     22860.000000           1          -79.8705   
       763:     22890.000000           1         -439.1492   
       764:     22920.000000           1          -79.7873   
       765:     22950.000000           1          -79.7004   
       766:     22980.000000           1          -79.7618   
       767:     23010.000000           1          -79.8199   
       768:     23040.000000           1          -79.8257   
       769:     23070.000000           1          -79.8437   
       770:     23100.000000           1          -79.8787   
       771:     23130.000000           1          -79.8944   
       772:     23160.000000           1          -79.9025   
       773:     23190.000000           1         -439.0665   
       774:     23220.000000           1          -79.9691   
       775:     23250.000000           1          -79.9781   
       776:     23280.000000           1          -79.9688   
       777:     23310.000000           1          -79.9587   
       778:     23340.000000           1          -79.9653   
       779:     23370.000000           1          -79.9702   
       780:     23400.000000           1          -79.9716   
       781:     23430.000000           1          -79.9851   
       782:     23460.000000           1          -79.9755   
       783:     23490.000000           1          -79.9790   
       784:     23520.000000           1          -79.9761   
       785:     23550.000000           1          -79.9788   
       786:     23580.000000           1          -79.9718   
       787:     23610.000000           1          -79.9692   
       788:     23640.000000           1         -438.8486   
       789:     23670.000000           1         -438.8393   
       790:     23700.000000           1         -438.8386   
       791:     23730.000000           1         -438.8355   
       792:     23760.000000           1         -438.8280   
       793:     23790.000000           1         -438.8123   
       794:     23820.000000           1         -438.8057   
       795:     23850.000000           1         -438.8061   
       796:     23880.000000           1         -438.8009   
       797:     23910.000000           1         -438.7955   
       798:     23940.000000           1         -438.7808   
       799:     23970.000000           1         -438.7662   
       800:     24000.000000           1         -438.7630   
       801:     24030.000000           1         -438.7642   
       802:     24060.000000           1         -438.7564   
       803:     24090.000000           1         -438.7448   
       804:     24120.000000           1         -438.7433   
       805:     24150.000000           1         -438.7387   
       806:     24180.000000           1         -438.7320   
       807:     24210.000000           1         -438.7168   
       808:     24240.000000           1         -438.7129   
       809:     24270.000000           1          -79.8160   
       810:     24300.000000           1         -438.7053   
       811:     24330.000000           1         -438.7003   
       812:     24360.000000           1         -438.6884   
       813:     24390.000000           1         -438.6910   
       814:     24420.000000           1          -79.7956   
       815:     24450.000000           1          -79.7902   
       816:     24480.000000           1          -79.7899   
       817:     24510.000000           1          -79.7904   
       818:     24540.000000           1          -79.7868   
       819:     24570.000000           1          -79.7929   
       820:     24600.000000           1          -79.7972   
       821:     24630.000000           1          -79.8010   
       822:     24660.000000           1          -79.8017   
       823:     24690.000000           1          -79.8125   
       824:     24720.000000           1          -79.8189   
       825:     24750.000000           1          -79.8238   
       826:     24780.000000           1          -79.8250   
       827:     24810.000000           1          -79.8296   
       828:     24840.000000           1          -79.8192   
       829:     24870.000000           1          -79.8164   
       830:     24900.000000           1          -79.8179   
       831:     24930.000000           1         -438.5357   
       832:     24960.000000           1         -438.5271   
       833:     24990.000000           1          -79.8099   
       834:     25020.000000           1         -438.5142   
       835:     25050.000000           1         -438.4947   
       836:     25080.000000           1         -438.4893   
       837:     25110.000000           1         -438.4784   
       838:     25140.000000           1         -438.4704   
       839:     25170.000000           1         -438.4676   
       840:     25200.000000           1         -438.4604   
       841:     25230.000000           1         -438.4536   
       842:     25260.000000           1         -438.4322   
       843:     25290.000000           1          -21.6770   
       844:     25320.000000           1         -438.3828   
       845:     25350.000000           1         -438.3644   
       846:     25380.000000           1         -438.3534   
       847:     25410.000000           1         -438.3398   
       848:     25440.000000           1         -438.3332   
       849:     25470.000000           1         -438.3281   
       850:     25500.000000           1         -438.3180   
       851:     25530.000000           1         -438.3155   
       852:     25560.000000           1         -438.3048   
       853:     25590.000000           1         -438.2988   
       854:     25620.000000           1         -438.2972   
       855:     25650.000000           1         -438.2837   
       856:     25680.000000           1         -438.2791   
       857:     25710.000000           1         -438.2757   
       858:     25740.000000           1         -438.2807   
       859:     25770.000000           1         -438.2761   
       860:     25800.000000           1         -438.2765   
       861:     25830.000000           1         -438.2661   
       862:     25860.000000           1         -438.2606   
       863:     25890.000000           1         -438.2500   
       864:     25920.000000           1          -79.6159   
       865:     25950.000000           1          -79.6162   
       866:     25980.000000           1          -79.6048   
       867:     26010.000000           1          -79.5940   
       868:     26040.000000           1          -79.5982   
       869:     26070.000000           1          -79.5920   
       870:     26100.000000           1          -79.5914   
       871:     26130.000000           1          -79.5880   
       872:     26160.000000           1          -79.5875   
       873:     26190.000000           1          -79.5815   
       874:     26220.000000           1          -79.5801   
       875:     26250.000000           1          -79.5818   
       876:     26280.000000           1          -79.5819   
       877:     26310.000000           1          -79.5800   
       878:     26340.000000           1          -79.5793   
       879:     26370.000000           1          -79.5709   
       880:     26400.000000           1          -79.5638   
       881:     26430.000000           1          -79.5496   
       882:     26460.000000           1          -79.5331   
       883:     26490.000000           1          -79.5229   
       884:     26520.000000           1          -79.5128   
       885:     26550.000000           1          -79.5074   
       886:     26580.000000           1          -79.5069   
       887:     26610.000000           1          -79.4945   
       888:     26640.000000           1          -79.4761   
       889:     26670.000000           1          -79.4738   
       890:     26700.000000           1          -79.4779   
       891:     26730.000000           1          -79.4733   
       892:     26760.000000           1          -79.4629   
       893:     26790.000000           1          -79.4524   
       894:     26820.000000           1          -79.4384   
       895:     26850.000000           1          -79.4383   
       896:     26880.000000           1          -79.4261   
       897:     26910.000000           1          -79.4124   
       898:     26940.000000           1          -79.4093   
       899:     26970.000000           1          -79.3990   
       900:     27000.000000           1          -79.3926   
       901:     27030.000000           1          -79.3877   
       902:     27060.000000           1          -79.3907   
       903:     27090.000000           1          -79.3887   
       904:     27120.000000           1          -79.3799   
       905:     27150.000000           1          -79.3627   
       906:     27180.000000           1          -79.3467   
       907:     27210.000000           1          -79.3308   
       908:     27240.000000           1          -79.3237   
       909:     27270.000000           1          -79.3239   
       910:     27300.000000           1          -79.3242   
       911:     27330.000000           1          -79.3269   
       912:     27360.000000           1          -79.3290   
       913:     27390.000000           1          -79.3218   
       914:     27420.000000           1          -79.3123   
       915:     27450.000000           1          -79.3035   
       916:     27480.000000           1          -79.2941   
       917:     27510.000000           1          -79.2909   
       918:     27540.000000           1          -79.2792   
       919:     27570.000000           1          -79.2645   
       920:     27600.000000           1          -79.2546   
       921:     27630.000000           1          -79.2491   
       922:     27660.000000           1          -79.2426   
       923:     27690.000000           1          -79.2297   
       924:     27720.000000           1          -79.2188   
       925:     27750.000000           1          -79.2042   
       926:     27780.000000           1          -79.1924   
       927:     27810.000000           1          -79.1882   
       928:     27840.000000           1          -79.1778   
       929:     27870.000000           1          -79.1723   
       930:     27900.000000           1          -79.1647   
       931:     27930.000000           1          -79.1487   
       932:     27960.000000           1          -79.1333   
       933:     27990.000000           1          -79.1351   
       934:     28020.000000           1         -437.6758   
       935:     28050.000000           1         -437.6713   
       936:     28080.000000           1         -437.6679   
       937:     28110.000000           1         -437.6630   
       938:     28140.000000           1         -437.6485   
       939:     28170.000000           1         -437.6311   
       940:     28200.000000           1         -437.6108   
       941:     28230.000000           1         -437.5850   
       942:     28260.000000           1          -20.8433   
       943:     28290.000000           1         -437.5752   
       944:     28320.000000           1          -20.8269   
       945:     28350.000000           1          -20.8200   
       946:     28380.000000           1          -20.8130   
       947:     28410.000000           1          -20.8125   
       948:     28440.000000           1          -20.8051   
       949:     28470.000000           1          -20.7965   
       950:     28500.000000           1          -20.7886   
       951:     28530.000000           1          -20.7661   
       952:     28560.000000           1          -20.7643   
       953:     28590.000000           1          -20.7498   
       954:     28620.000000           1          -20.7497   
       955:     28650.000000           1          -20.7399   
       956:     28680.000000           1          -20.7375   
       957:     28710.000000           1          -20.7316   
       958:     28740.000000           1          -20.7270   
       959:     28770.000000           1          -20.7200   
       960:     28800.000000           1          -20.7102   
       961:     28830.000000           1          -20.7034   
       962:     28860.000000           1          -20.6942   
       963:     28890.000000           1          -20.6807   
       964:     28920.000000           1          -20.6708   
       965:     28950.000000           1         -437.3926   
       966:     28980.000000           1         -437.3908   
       967:     29010.000000           1         -437.3798   
       968:     29040.000000           1         -437.3706   
       969:     29070.000000           1          -78.8251   
       970:     29100.000000           1          -78.8209   
       971:     29130.000000           1          -78.8054   
       972:     29160.000000           1          -78.8000   
       973:     29190.000000           1          -78.7950   
       974:     29220.000000           1          -78.7903   
       975:     29250.000000           1          -78.7815   
       976:     29280.000000           1          -78.7727   
       977:     29310.000000           1          -78.7606   
       978:     29340.000000           1          -78.7524   
       979:     29370.000000           1          -78.7413   
       980:     29400.000000           1          -78.7436   
       981:     29430.000000           1          -78.7332   
       982:     29460.000000           1          -78.7274   
       983:     29490.000000           1          -78.7246   
       984:     29520.000000           1          -78.7177   
       985:     29550.000000           1          -78.7118   
       986:     29580.000000           1          -78.7087   
       987:     29610.000000           1          -78.7001   
       988:     29640.000000           1          -78.6958   
       989:     29670.000000           1          -78.6906   
       990:     29700.000000           1          -78.6789   
       991:     29730.000000           1          -78.6702   
       992:     29760.000000           1          -78.6558   
       993:     29790.000000           1          -78.6492   
       994:     29820.000000           1          -78.6490   
       995:     29850.000000           1          -78.6475   
       996:     29880.000000           1          -78.6487   
       997:     29910.000000           1          -78.6459   
       998:     29940.000000           1          -78.6466   
       999:     29970.000000           1          -78.6404   
      1000:     30000.000000           1          -78.6394   
      1001:     30030.000000           1          -78.6326   
      1002:     30060.000000           1          -78.6337   
      1003:     30090.000000           1          -78.6261   
      1004:     30120.000000           1          -78.6258   
      1005:     30150.000000           1          -78.6226   
      1006:     30180.000000           1          -78.6311   
      1007:     30210.000000           1          -78.6327   
      1008:     30240.000000           1          -78.6268   
      1009:     30270.000000           1          -78.6207   
      1010:     30300.000000           1          -78.6189   
      1011:     30330.000000           1          -78.6114   
      1012:     30360.000000           1          -78.6097   
      1013:     30390.000000           1          -78.6020   
      1014:     30420.000000           1          -78.5862   
      1015:     30450.000000           1          -78.5837   
      1016:     30480.000000           1          -78.5723   
      1017:     30510.000000           1          -78.5668   
      1018:     30540.000000           1          -78.5545   
      1019:     30570.000000           1          -78.5510   
      1020:     30600.000000           1          -78.5497   
      1021:     30630.000000           1          -78.5406   
      1022:     30660.000000           1          -78.5350   
      1023:     30690.000000           1          -78.5300   
      1024:     30720.000000           1          -78.5184   
      1025:     30750.000000           1          -78.5092   
      1026:     30780.000000           1          -78.4968   
      1027:     30810.000000           1          -78.4842   
      1028:     30840.000000           1          -78.4826   
      1029:     30870.000000           1          -78.4753   
      1030:     30900.000000           1          -78.4631   
      1031:     30930.000000           1          -78.4537   
      1032:     30960.000000           1          -78.4469   
      1033:     30990.000000           1          -78.4521   
      1034:     31020.000000           1          -78.4515   
      1035:     31050.000000           1          -78.4525   
      1036:     31080.000000           1          -78.4453   
      1037:     31110.000000           1          -78.4343   
      1038:     31140.000000           1          -78.4312   
      1039:     31170.000000           1          -78.4334   
      1040:     31200.000000           1          -78.4281   
      1041:     31230.000000           1          -78.4203   
      1042:     31260.000000           1          -78.4081   
      1043:     31290.000000           1          -78.4003   
      1044:     31320.000000           1          -78.3935   
      1045:     31350.000000           1          -78.3914   
      1046:     31380.000000           1          -78.3933   
      1047:     31410.000000           1          -78.3872   
      1048:     31440.000000           1          -78.3810   
      1049:     31470.000000           1          -78.3766   
      1050:     31500.000000           1          -78.3755   
      1051:     31530.000000           1          -78.3710   
      1052:     31560.000000           1          -78.3624   
      1053:     31590.000000           1          -78.3474   
      1054:     31620.000000           1          -78.3370   
      1055:     31650.000000           1          -78.3267   
      1056:     31680.000000           1          -78.3228   
      1057:     31710.000000           1          -78.3191   
      1058:     31740.000000           1          -78.3106   
      1059:     31770.000000           1          -78.3055   
      1060:     31800.000000           1          -78.2973   
      1061:     31830.000000           1          -78.2886   
      1062:     31860.000000           1          -78.2789   
      1063:     31890.000000           1          -78.2721   
      1064:     31920.000000           1          -78.2687   
      1065:     31950.000000           1          -78.2660   
      1066:     31980.000000           1          -78.2602   
      1067:     32010.000000           1          -78.2626   
      1068:     32040.000000           1          -78.2652   
      1069:     32070.000000           1          -78.2682   
      1070:     32100.000000           1          -78.2659   
      1071:     32130.000000           1          -78.2575   
      1072:     32160.000000           1          -78.2521   
      1073:     32190.000000           1          -78.2428   
      1074:     32220.000000           1          -78.2411   
      1075:     32250.000000           1          -78.2354   
      1076:     32280.000000           1          -78.2272   
      1077:     32310.000000           1          -78.2249   
      1078:     32340.000000           1          -78.2098   
      1079:     32370.000000           1          -78.2030   
      1080:     32400.000000           1          -78.1994   
      1081:     32430.000000           1          -78.2076   
      1082:     32460.000000           1          -78.2020   
      1083:     32490.000000           1          -78.1996   
      1084:     32520.000000           1          -78.1943   
      1085:     32550.000000           1          -78.1890   
      1086:     32580.000000           1          -78.1814   
      1087:     32610.000000           1          -78.1808   
      1088:     32640.000000           1          -78.1752   
      1089:     32670.000000           1          -78.1707   
      1090:     32700.000000           1          -78.1612   
      1091:     32730.000000           1          -78.1585   
      1092:     32760.000000           1          -78.1469   
      1093:     32790.000000           1          -78.1494   
      1094:     32820.000000           1          -78.1528   
      1095:     32850.000000           1          -78.1519   
      1096:     32880.000000           1          -78.1436   
      1097:     32910.000000           1          -78.1458   
      1098:     32940.000000           1          -78.1295   
      1099:     32970.000000           1          -78.1268   
      1100:     33000.000000           1          -78.1201   
      1101:     33030.000000           1          -78.1080   
      1102:     33060.000000           1          -78.1061   
      1103:     33090.000000           1          -78.1000   
      1104:     33120.000000           1          -78.0982   
      1105:     33150.000000           1          -78.0939   
      1106:     33180.000000           1          -78.0864   
      1107:     33210.000000           1          -78.0805   
      1108:     33240.000000           1          -78.0738   
      1109:     33270.000000           1          -78.0654   
      1110:     33300.000000           1          -78.0579   
      1111:     33330.000000           1          -78.0430   
      1112:     33360.000000           1          -78.0374   
      1113:     33390.000000           1          -78.0294   
      1114:     33420.000000           1          -78.0174   
      1115:     33450.000000           1          -78.0075   
      1116:     33480.000000           1          -77.9960   
      1117:     33510.000000           1          -77.9841   
      1118:     33540.000000           1          -77.9775   
      1119:     33570.000000           1          -77.9674   
      1120:     33600.000000           1          -77.9592   
      1121:     33630.000000           1          -77.9521   
      1122:     33660.000000           1          -77.9538   
      1123:     33690.000000           1          -77.9595   
      1124:     33720.000000           1          -77.9527   
      1125:     33750.000000           1          -77.9457   
      1126:     33780.000000           1          -77.9371   
      1127:     33810.000000           1          -77.9313   
      1128:     33840.000000           1          -77.9332   
      1129:     33870.000000           1          -77.9191   
      1130:     33900.000000           1          -77.9181   
      1131:     33930.000000           1          -77.9160   
      1132:     33960.000000           1         -436.4036   
      1133:     33990.000000           1         -436.3976   
      1134:     34020.000000           1         -436.3755   
      1135:     34050.000000           1         -436.3611   
      1136:     34080.000000           1         -436.3465   
      1137:     34110.000000           1         -436.3423   
      1138:     34140.000000           1         -436.3390   
      1139:     34170.000000           1         -436.3232   
      1140:     34200.000000           1         -436.3148   
      1141:     34230.000000           1         -436.3160   
      1142:     34260.000000           1         -436.3144   
      1143:     34290.000000           1         -436.3146   
      1144:     34320.000000           1         -436.3061   
      1145:     34350.000000           1         -436.2976   
      1146:     34380.000000           1         -436.2903   
      1147:     34410.000000           1         -436.2910   
      1148:     34440.000000           1         -436.2882   
      1149:     34470.000000           1         -436.2807   
      1150:     34500.000000           1         -436.2647   
      1151:     34530.000000           1         -436.2619   
      1152:     34560.000000           1         -436.2493   
      1153:     34590.000000           1         -436.2343   
      1154:     34620.000000           1         -436.2297   
      1155:     34650.000000           1         -436.2275   
      1156:     34680.000000           1         -436.2220   
      1157:     34710.000000           1         -436.2179   
      1158:     34740.000000           1         -436.2168   
      1159:     34770.000000           1         -436.2149   
      1160:     34800.000000           1         -436.2101   
      1161:     34830.000000           1         -436.2042   
      1162:     34860.000000           1         -436.2009   
      1163:     34890.000000           1         -436.1934   
      1164:     34920.000000           1         -436.1882   
      1165:     34950.000000           1          -77.6858   
      1166:     34980.000000           1          -77.6776   
      1167:     35010.000000           1          -77.6744   
      1168:     35040.000000           1          -77.6711   
      1169:     35070.000000           1          -77.6687   
      1170:     35100.000000           1         -436.1571   
      1171:     35130.000000           1          -77.6487   
      1172:     35160.000000           1         -436.1229   
      1173:     35190.000000           1          -77.6281   
      1174:     35220.000000           1          -77.6209   
      1175:     35250.000000           1         -436.0998   
      1176:     35280.000000           1         -436.0928   
      1177:     35310.000000           1         -436.0830   
      1178:     35340.000000           1         -436.0797   
      1179:     35370.000000           1         -436.0730   
      1180:     35400.000000           1         -436.0621   
      1181:     35430.000000           1         -436.0577   
      1182:     35460.000000           1         -436.0497   
      1183:     35490.000000           1         -436.0417   
      1184:     35520.000000           1         -436.0321   
      1185:     35550.000000           1         -436.0236   
      1186:     35580.000000           1         -436.0164   
      1187:     35610.000000           1         -436.0096   
      1188:     35640.000000           1         -436.0014   
      1189:     35670.000000           1         -435.9942   
      1190:     35700.000000           1         -435.9915   
      1191:     35730.000000           1         -435.9846   
      1192:     35760.000000           1         -435.9772   
      1193:     35790.000000           1         -435.9693   
      1194:     35820.000000           1         -435.9583   
      1195:     35850.000000           1         -435.9449   
      1196:     35880.000000           1         -435.9326   
      1197:     35910.000000           1         -249.7939   
      1198:     35940.000000           1         -435.9973   
      1199:     35970.000000           1         -435.9250   
      1200:     36000.000000           1         -435.9311   
      1201:     36030.000000           1          -77.4041   
      1202:     36060.000000           1         -435.9590   
      1203:     36090.000000           1         -435.9645   
      1204:     36120.000000           1         -435.9451   
      1205:     36150.000000           1          -77.3929   
      1206:     36180.000000           1          -77.3942   
      1207:     36210.000000           1          -77.3984   
      1208:     36240.000000           1          -77.3915   
      1209:     36270.000000           1          -77.4020   
      1210:     36300.000000           1          -77.3933   
      1211:     36330.000000           1          -77.3911   
      1212:     36360.000000           1          -77.3933   
      1213:     36390.000000           1          -77.3894   
      1214:     36420.000000           1          -77.3823   
      1215:     36450.000000           1          -77.3777   
      1216:     36480.000000           1         -435.8713   
      1217:     36510.000000           1         -435.8530   
      1218:     36540.000000           1          -77.3679   
      1219:     36570.000000           1         -249.7218   
      1220:     36600.000000           1         -249.7151   
      1221:     36630.000000           1         -249.7066   
      1222:     36660.000000           1         -249.7058   
      1223:     36690.000000           1         -249.6944   
      1224:     36720.000000           1         -249.6939   
      1225:     36750.000000           1         -249.6870   
      1226:     36780.000000           1         -249.6814   
      1227:     36810.000000           1         -249.6768   
      1228:     36840.000000           1         -249.6743   
      1229:     36870.000000           1         -249.6698   
      1230:     36900.000000           1         -249.6619   
      1231:     36930.000000           1         -249.6610   
      1232:     36960.000000           1         -249.6594   
      1233:     36990.000000           1         -249.6559   
      1234:     37020.000000           1         -249.6518   
      1235:     37050.000000           1         -249.6512   
      1236:     37080.000000           1         -249.6495   
      1237:     37110.000000           1         -249.6441   
      1238:     37140.000000           1         -249.6444   
      1239:     37170.000000           1         -249.6447   
      1240:     37200.000000           1         -249.6513   
      1241:     37230.000000           1         -249.6521   
      1242:     37260.000000           1         -249.6484   
      1243:     37290.000000           1         -249.6404   
      1244:     37320.000000           1         -249.6381   
      1245:     37350.000000           1         -249.6289   
      1246:     37380.000000           1         -249.6231   
      1247:     37410.000000           1         -249.6156   
      1248:     37440.000000           1         -249.6159   
      1249:     37470.000000           1         -249.6084   
      1250:     37500.000000           1         -249.5986   
      1251:     37530.000000           1         -249.5945   
      1252:     37560.000000           1         -249.5950   
      1253:     37590.000000           1         -249.5875   
      1254:     37620.000000           1         -249.5831   
      1255:     37650.000000           1         -249.5787   
      1256:     37680.000000           1          -77.2166   
      1257:     37710.000000           1          -77.2152   
      1258:     37740.000000           1         -249.5606   
      1259:     37770.000000           1          -77.1885   
      1260:     37800.000000           1          -77.1796   
      1261:     37830.000000           1          -77.1740   
      1262:     37860.000000           1          -77.1689   
      1263:     37890.000000           1          -77.1630   
      1264:     37920.000000           1         -249.5096   
      1265:     37950.000000           1          -77.1396   
      1266:     37980.000000           1          -77.1345   
      1267:     38010.000000           1          -77.1335   
      1268:     38040.000000           1          -77.1273   
      1269:     38070.000000           1          -77.1257   
      1270:     38100.000000           1          -77.1149   
      1271:     38130.000000           1          -77.1104   
      1272:     38160.000000           1          -77.1139   
      1273:     38190.000000           1          -77.1071   
      1274:     38220.000000           1          -77.1072   
      1275:     38250.000000           1          -77.1064   
      1276:     38280.000000           1          -77.1022   
      1277:     38310.000000           1          -77.0950   
      1278:     38340.000000           1          -77.0922   
      1279:     38370.000000           1          -77.0901   
      1280:     38400.000000           1          -77.0962   
      1281:     38430.000000           1          -77.0942   
      1282:     38460.000000           1          -77.0950   
      1283:     38490.000000           1          -77.0939   
      1284:     38520.000000           1          -77.0907   
      1285:     38550.000000           1          -77.0799   
      1286:     38580.000000           1          -77.0765   
      1287:     38610.000000           1          -77.0761   
      1288:     38640.000000           1          -77.0705   
      1289:     38670.000000           1          -77.0714   
      1290:     38700.000000           1          -77.0716   
      1291:     38730.000000           1          -77.0639   
      1292:     38760.000000           1          -77.0600   
      1293:     38790.000000           1          -77.0594   
      1294:     38820.000000           1          -77.0652   
      1295:     38850.000000           1          -77.0595   
      1296:     38880.000000           1          -77.0529   
      1297:     38910.000000           1          -77.0498   
      1298:     38940.000000           1          -77.0467   
      1299:     38970.000000           1          -77.0421   
      1300:     39000.000000           1          -77.0381   
      1301:     39030.000000           1          -77.0374   
      1302:     39060.000000           1          -77.0324   
      1303:     39090.000000           1          -77.0297   
      1304:     39120.000000           1          -77.0165   
      1305:     39150.000000           1          -77.0139   
      1306:     39180.000000           1          -77.0159   
      1307:     39210.000000           1          -77.0160   
      1308:     39240.000000           1          -77.0102   
      1309:     39270.000000           1          -77.0126   
      1310:     39300.000000           1          -77.0122   
      1311:     39330.000000           1          -77.0101   
      1312:     39360.000000           1          -77.0070   
      1313:     39390.000000           1          -77.0075   
      1314:     39420.000000           1          -77.0074   
      1315:     39450.000000           1          -77.0052   
      1316:     39480.000000           1          -77.0057   
      1317:     39510.000000           1          -76.9989   
      1318:     39540.000000           1          -76.9984   
      1319:     39570.000000           1          -76.9927   
      1320:     39600.000000           1          -76.9906   
      1321:     39630.000000           1          -76.9837   
      1322:     39660.000000           1          -76.9818   
      1323:     39690.000000           1          -76.9806   
      1324:     39720.000000           1          -76.9816   
      1325:     39750.000000           1          -76.9790   
      1326:     39780.000000           1          -76.9763   
      1327:     39810.000000           1          -76.9711   
      1328:     39840.000000           1          -76.9668   
      1329:     39870.000000           1          -76.9651   
      1330:     39900.000000           1          -76.9637   
      1331:     39930.000000           1          -76.9604   
      1332:     39960.000000           1          -76.9560   
      1333:     39990.000000           1          -76.9588   
      1334:     40020.000000           1          -76.9634   
      1335:     40050.000000           1          -76.9586   
      1336:     40080.000000           1          -76.9576   
      1337:     40110.000000           1          -76.9499   
      1338:     40140.000000           1          -76.9526   
      1339:     40170.000000           1          -76.9522   
      1340:     40200.000000           1          -76.9486   
      1341:     40230.000000           1          -76.9447   
      1342:     40260.000000           1          -76.9391   
      1343:     40290.000000           1          -76.9383   
      1344:     40320.000000           1          -76.9333   
      1345:     40350.000000           1          -76.9313   
      1346:     40380.000000           1          -76.9289   
      1347:     40410.000000           1          -76.9223   
      1348:     40440.000000           1          -76.9233   
      1349:     40470.000000           1          -76.9198   
      1350:     40500.000000           1          -76.9152   
      1351:     40530.000000           1          -76.9100   
      1352:     40560.000000           1          -76.9056   
      1353:     40590.000000           1          -76.9050   
      1354:     40620.000000           1          -76.9010   
      1355:     40650.000000           1          -76.8958   
      1356:     40680.000000           1          -76.8922   
      1357:     40710.000000           1          -76.8860   
      1358:     40740.000000           1          -76.8830   
      1359:     40770.000000           1          -76.8857   
      1360:     40800.000000           1          -76.8790   
      1361:     40830.000000           1          -76.8792   
      1362:     40860.000000           1          -76.8782   
      1363:     40890.000000           1          -76.8756   
      1364:     40920.000000           1          -76.8738   
      1365:     40950.000000           1          -76.8705   
      1366:     40980.000000           1          -76.8682   
      1367:     41010.000000           1          -76.8630   
      1368:     41040.000000           1          -76.8605   
      1369:     41070.000000           1          -76.8578   
      1370:     41100.000000           1          -76.8562   
      1371:     41130.000000           1          -76.8513   
      1372:     41160.000000           1          -76.8495   
      1373:     41190.000000           1          -76.8462   
      1374:     41220.000000           1          -76.8491   
      1375:     41250.000000           1          -76.8496   
      1376:     41280.000000           1          -76.8504   
      1377:     41310.000000           1          -76.8422   
      1378:     41340.000000           1          -76.8431   
      1379:     41370.000000           1          -76.8468   
      1380:     41400.000000           1          -76.8488   
      1381:     41430.000000           1          -76.8464   
      1382:     41460.000000           1          -76.8450   
      1383:     41490.000000           1          -76.8389   
      1384:     41520.000000           1          -76.8388   
      1385:     41550.000000           1          -76.8384   
      1386:     41580.000000           1          -76.8397   
      1387:     41610.000000           1          -76.8401   
      1388:     41640.000000           1          -76.8396   
      1389:     41670.000000           1          -76.8382   
      1390:     41700.000000           1          -76.8364   
      1391:     41730.000000           1          -76.8416   
      1392:     41760.000000           1          -76.8455   
      1393:     41790.000000           1          -76.8483   
      1394:     41820.000000           1          -76.8466   
      1395:     41850.000000           1          -76.8501   
      1396:     41880.000000           1          -76.8513   
      1397:     41910.000000           1          -76.8492   
      1398:     41940.000000           1          -76.8472   
      1399:     41970.000000           1          -76.8498   
      1400:     42000.000000           1          -76.8481   
      1401:     42030.000000           1          -76.8459   
      1402:     42060.000000           1          -76.8460   
      1403:     42090.000000           1          -76.8468   
      1404:     42120.000000           1          -76.8479   
      1405:     42150.000000           1          -76.8525   
      1406:     42180.000000           1          -76.8534   
      1407:     42210.000000           1         -249.2167   
      1408:     42240.000000           1         -249.2176   
      1409:     42270.000000           1         -249.2228   
      1410:     42300.000000           1         -249.2247   
      1411:     42330.000000           1         -249.2226   
      1412:     42360.000000           1          -76.8628   
      1413:     42390.000000           1         -249.2322   
      1414:     42420.000000           1          -76.8722   
      1415:     42450.000000           1         -249.2365   
      1416:     42480.000000           1         -249.2387   
      1417:     42510.000000           1         -249.2416   
      1418:     42540.000000           1         -249.2399   
      1419:     42570.000000           1         -249.2386   
      1420:     42600.000000           1         -249.2380   
      1421:     42630.000000           1         -249.2339   
      1422:     42660.000000           1         -249.2287   
      1423:     42690.000000           1         -249.2265   
      1424:     42720.000000           1         -249.2280   
      1425:     42750.000000           1         -249.2220   
      1426:     42780.000000           1         -249.2123   
      1427:     42810.000000           1         -249.2084   
      1428:     42840.000000           1         -249.2069   
      1429:     42870.000000           1         -249.2068   
      1430:     42900.000000           1         -249.2067   
      1431:     42930.000000           1         -249.2031   
      1432:     42960.000000           1         -249.2037   
      1433:     42990.000000           1         -249.2050   
      1434:     43020.000000           1         -249.2020   
      1435:     43050.000000           1         -249.2033   
      1436:     43080.000000           1         -249.2025   
      1437:     43110.000000           1         -249.1994   
      1438:     43140.000000           1         -249.1937   
      1439:     43170.000000           1          -76.8429   
      1440:     43200.000000           1          -76.8311   
      1441:     43230.000000           1          -76.8526   
      1442:     43260.000000           1          -76.8296   
      1443:     43290.000000           1          -76.8612   
      1444:     43320.000000           1          -76.8721   
      1445:     43350.000000           1         -249.1727   
      1446:     43380.000000           1         -249.1704   
      1447:     43410.000000           1         -249.1653   
      1448:     43440.000000           1         -249.1623   
      1449:     43470.000000           1         -249.1635   
      1450:     43500.000000           1         -249.1631   
      1451:     43530.000000           1         -249.1617   
      1452:     43560.000000           1         -249.1577   
      1453:     43590.000000           1         -249.1568   
      1454:     43620.000000           1         -249.1547   
      1455:     43650.000000           1         -249.1503   
      1456:     43680.000000           1         -249.1504   
      1457:     43710.000000           1         -249.1526   
      1458:     43740.000000           1          -13.3766   
      1459:     43770.000000           1         -249.1701   
      1460:     43800.000000           1         -249.1718   
      1461:     43830.000000           1         -249.1711   
      1462:     43860.000000           1         -249.1718   
      1463:     43890.000000           1         -249.1714   
      1464:     43920.000000           1         -328.4142   
      1465:     43950.000000           1         -328.4497   
      1466:     43980.000000           1         -328.3026   
      1467:     44010.000000           1         -328.3484   
      1468:     44040.000000           1         -328.4011   
      1469:     44070.000000           1         -328.4037   
      1470:     44100.000000           1         -328.3243   
      1471:     44130.000000           1         -328.3450   
      1472:     44160.000000           1          -76.5167   
      1473:     44190.000000           1          -76.5189   
      1474:     44220.000000           1          -76.5239   
      1475:     44250.000000           1          -76.5219   
      1476:     44280.000000           1          -76.5167   
      1477:     44310.000000           1          -76.5080   
      1478:     44340.000000           1          -76.5004   
      1479:     44370.000000           1          -76.4952   
      1480:     44400.000000           1          -76.4927   
      1481:     44430.000000           1          -76.4910   
      1482:     44460.000000           1          -76.4869   
      1483:     44490.000000           1          -76.4880   
      1484:     44520.000000           1          -76.4873   
      1485:     44550.000000           1          -76.4895   
      1486:     44580.000000           1          -76.4839   
      1487:     44610.000000           1          -76.4798   
      1488:     44640.000000           1          -76.4753   
      1489:     44670.000000           1          -76.4726   
      1490:     44700.000000           1          -76.4718   
      1491:     44730.000000           1         -328.6062   
      1492:     44760.000000           1         -351.5711   
      1493:     44790.000000           1         -328.6525   
      1494:     44820.000000           1         -328.6553   
      1495:     44850.000000           1         -328.6523   
      1496:     44880.000000           1         -328.6667   
      1497:     44910.000000           1         -328.6713   
      1498:     44940.000000           1         -328.6744   
      1499:     44970.000000           1         -328.6855   
      1500:     45000.000000           1         -328.6902   
      1501:     45030.000000           1         -328.7068   
      1502:     45060.000000           1         -328.7258   
      1503:     45090.000000           1         -328.7459   
      1504:     45120.000000           1         -328.7530   
      1505:     45150.000000           1         -328.7645   
      1506:     45180.000000           1         -328.7584   
      1507:     45210.000000           1         -328.7647   
      1508:     45240.000000           1         -328.7618   
      1509:     45270.000000           1         -328.7577   
      1510:     45300.000000           1         -328.7599   
      1511:     45330.000000           1         -328.7664   
      1512:     45360.000000           1         -249.2103   
      1513:     45390.000000           1         -328.7660   
      1514:     45420.000000           1         -328.7713   
      1515:     45450.000000           1         -328.7757   
      1516:     45480.000000           1         -328.7789   
      1517:     45510.000000           1         -328.7831   
      1518:     45540.000000           1         -328.7903   
      1519:     45570.000000           1         -328.7898   
      1520:     45600.000000           1         -328.7906   
      1521:     45630.000000           1         -328.7947   
      1522:     45660.000000           1         -328.7906   
      2062:     61860.000000           1         -329.5139   
      2063:     61890.000000           1         -329.5120   
      2064:     61920.000000           1         -329.5104   
      2065:     61950.000000           1         -329.5091   
      2066:     61980.000000           1         -329.5074   
      2069:     62070.000000           1         -329.5000   
      2070:     62100.000000           1         -329.4983   
      2071:     62130.000000           1         -191.6645   
      2072:     62160.000000           1         -329.4905   
      2073:     62190.000000           1         -329.4882   
      2074:     62220.000000           1         -329.4860   
      2075:     62250.000000           1         -329.4877   
      2076:     62280.000000           1         -191.6629   
      2077:     62310.000000           1         -329.4958   
      2079:     62370.000000           1         -191.6651   
      2080:     62400.000000           1         -329.4960   
      2081:     62430.000000           1         -329.4991   
      2082:     62460.000000           1         -329.4991   
      2083:     62490.000000           1         -329.4985   
      2084:     62520.000000           1         -329.4986   
      2085:     62550.000000           1         -329.5025   
      2086:     62580.000000           1         -329.5043   
      2087:     62610.000000           1         -329.5049   
      2088:     62640.000000           1         -329.5045   
      2089:     62670.000000           1         -329.5054   
      2090:     62700.000000           1         -329.5023   
      2091:     62730.000000           1         -329.5039   
      2092:     62760.000000           1         -329.5022   
      2093:     62790.000000           1         -191.6741   
      2094:     62820.000000           1         -191.6738   
      2095:     62850.000000           1         -191.6751   
      2096:     62880.000000           1         -191.6765   
      2097:     62910.000000           1         -191.6755   
      2098:     62940.000000           1         -191.6767   
      2099:     62970.000000           1         -191.6733   
      2100:     63000.000000           1         -191.6718   
      2101:     63030.000000           1         -191.6693   
      2102:     63060.000000           1          181.7819   
      2103:     63090.000000           1         -191.6641   
      2104:     63120.000000           1         -191.6595   
      2105:     63150.000000           1         -191.6599   
      2106:     63180.000000           1         -191.6583   
      2107:     63210.000000           1         -191.6570   
      2108:     63240.000000           1         -191.6557   
      2109:     63270.000000           1         -191.6545   
      2110:     63300.000000           1         -191.6538   
      2111:     63330.000000           1         -191.6510   
      2112:     63360.000000           1         -191.6480   
      2113:     63390.000000           1         -191.6481   
      2114:     63420.000000           1          170.4576   
      2115:     63450.000000           1          170.7584   
      2116:     63480.000000           1          170.8175   
      2117:     63510.000000           1          170.7855   
      2118:     63540.000000           1          170.7269   
      2119:     63570.000000           1         -329.4611   
      2120:     63600.000000           1         -329.4598   
      2121:     63630.000000           1         -329.4563   
      2122:     63660.000000           1         -329.4524   
      2123:     63690.000000           1         -329.4486   
      2124:     63720.000000           1         -329.4508   
      2125:     63750.000000           1         -329.4501   
      2126:     63780.000000           1         -329.4495   
      2127:     63810.000000           1         -329.4503   
      2128:     63840.000000           1         -329.4511   
      2129:     63870.000000           1         -329.4528   
      2130:     63900.000000           1         -329.4533   
      2131:     63930.000000           1         -329.4559   
      2132:     63960.000000           1         -329.4561   
      2133:     63990.000000           1         -329.4568   
      2134:     64020.000000           1         -329.4584   
      2135:     64050.000000           1         -329.4567   
      2136:     64080.000000           1         -329.4568   
      2137:     64110.000000           1         -329.4561   
      2138:     64140.000000           1         -329.4553   
      2139:     64170.000000           1         -329.4556   
      2140:     64200.000000           1         -329.4531   
      2141:     64230.000000           1         -329.4517   
      2142:     64260.000000           1         -329.4488   
      2143:     64290.000000           1         -329.4460   
      2144:     64320.000000           1         -329.4443   
      2145:     64350.000000           1         -329.4453   
      2146:     64380.000000           1         -255.1217   
      2147:     64410.000000           1         -255.0662   
      2148:     64440.000000           1         -255.0985   
      2149:     64470.000000           1         -255.1145   
      2150:     64500.000000           1         -255.1259   
      2151:     64530.000000           1         -255.0995   
      2152:     64560.000000           1         -255.0551   
      2153:     64590.000000           1         -255.0349   
      2154:     64620.000000           1         -255.0163   
      2155:     64650.000000           1         -254.9929   
      2156:     64680.000000           1         -254.9824   
      2157:     64710.000000           1         -254.9554   
      2158:     64740.000000           1         -254.9318   
      2159:     64770.000000           1         -254.9041   
      2160:     64800.000000           1         -254.8827   
      2161:     64830.000000           1         -254.8678   
      2162:     64860.000000           1         -254.8397   
      2163:     64890.000000           1         -254.8127   
      2164:     64920.000000           1         -254.7927   
      2165:     64950.000000           1         -254.7704   
      2166:     64980.000000           1         -254.7678   
      2167:     65010.000000           1         -254.7515   
      2168:     65040.000000           1         -254.7456   
      2169:     65070.000000           1         -329.4418   
      2170:     65100.000000           1         -329.4389   
      2171:     65130.000000           1         -254.6887   
      2172:     65160.000000           1         -329.4348   
      2173:     65190.000000           1         -329.4359   
      2174:     65220.000000           1         -329.4348   
      2175:     65250.000000           1         -329.4363   
      2176:     65280.000000           1         -329.4392   
      2177:     65310.000000           1         -329.4397   
      2178:     65340.000000           1         -329.4407   
      2179:     65370.000000           1         -329.4425   
      2180:     65400.000000           1         -329.4403   
      2181:     65430.000000           1         -329.4384   
      2182:     65460.000000           1         -329.4338   
      2183:     65490.000000           1         -329.4324   
      2184:     65520.000000           1         -329.4280   
      2185:     65550.000000           1          170.8572   
      2186:     65580.000000           1          170.8517   
      2187:     65610.000000           1         -329.4209   
      2188:     65640.000000           1         -329.4180   
      2189:     65670.000000           1          170.8303   
      2190:     65700.000000           1         -329.4032   
      2191:     65730.000000           1         -329.3989   
      2192:     65760.000000           1         -329.3975   
      2193:     65790.000000           1         -329.3994   
      2194:     65820.000000           1         -329.4013   
      2195:     65850.000000           1         -329.4031   
      2196:     65880.000000           1         -329.4019   
      2197:     65910.000000           1         -329.3989   
      2198:     65940.000000           1         -329.3970   
      2199:     65970.000000           1         -329.3951   
      2200:     66000.000000           1         -329.3882   
      2201:     66030.000000           1         -329.3821   
      2202:     66060.000000           1         -329.3804   
      2203:     66090.000000           1         -329.3828   
      2204:     66120.000000           1         -329.3830   
      2205:     66150.000000           1          170.7457   
      2206:     66180.000000           1         -329.3865   
      2207:     66210.000000           1         -329.3867   
      2208:     66240.000000           1         -329.3858   
      2209:     66270.000000           1         -329.3861   
      2210:     66300.000000           1         -329.3852   
      2211:     66330.000000           1         -329.3805   
      2212:     66360.000000           1         -329.3785   
      2213:     66390.000000           1         -329.3780   
      2214:     66420.000000           1         -329.3787   
      2215:     66450.000000           1         -329.3783   
      2216:     66480.000000           1         -329.3782   
      2217:     66510.000000           1         -329.3783   
      2218:     66540.000000           1         -329.3775   
      2219:     66570.000000           1          170.6927   
      2220:     66600.000000           1         -191.5556   
      2221:     66630.000000           1          170.6717   
      2222:     66660.000000           1          170.6697   
      2223:     66690.000000           1          170.6655   
      2224:     66720.000000           1          170.6625   
      2225:     66750.000000           1          170.6541   
      2226:     66780.000000           1          170.6463   
      2227:     66810.000000           1          170.6449   
      2228:     66840.000000           1          170.6375   
      2229:     66870.000000           1          170.6359   
      2230:     66900.000000           1          170.6325   
      2231:     66930.000000           1          170.6281   
      2232:     66960.000000           1          170.6233   
      2233:     66990.000000           1          170.6260   
      2234:     67020.000000           1          170.6242   
      2235:     67050.000000           1         -191.5596   
      2236:     67080.000000           1         -191.5613   
      2237:     67110.000000           1         -191.5636   
      2238:     67140.000000           1         -191.5646   
      2239:     67170.000000           1         -191.5654   
      2240:     67200.000000           1         -191.5661   
      2241:     67230.000000           1         -191.5639   
      2242:     67260.000000           1         -191.5655   
      2243:     67290.000000           1         -191.5651   
      2244:     67320.000000           1         -191.5638   
      2245:     67350.000000           1          170.6060   
      2246:     67380.000000           1          170.6070   
      2247:     67410.000000           1          170.6070   
      2248:     67440.000000           1          170.6056   
      2249:     67470.000000           1          170.6049   
      2250:     67500.000000           1          170.6052   
      2251:     67530.000000           1          170.6031   
      2252:     67560.000000           1          170.6032   
      2253:     67590.000000           1          170.6005   
      2254:     67620.000000           1          170.5993   
      2255:     67650.000000           1          170.6011   
      2256:     67680.000000           1          170.5987   
      2257:     67710.000000           1          170.5989   
      2258:     67740.000000           1          170.5970   
      2259:     67770.000000           1          170.5919   
      2260:     67800.000000           1          170.5906   
      2261:     67830.000000           1         -329.3752   
      2262:     67860.000000           1         -329.3736   
      2263:     67890.000000           1         -329.3695   
      2264:     67920.000000           1         -329.3731   
      2265:     67950.000000           1         -329.3740   
      2266:     67980.000000           1         -329.3733   
      2267:     68010.000000           1         -329.3760   
      2268:     68040.000000           1         -329.3736   
      2269:     68070.000000           1         -329.3735   
      2270:     68100.000000           1         -329.3751   
      2271:     68130.000000           1         -329.3743   
      2272:     68160.000000           1         -329.3723   
      2273:     68190.000000           1         -329.3743   
      2274:     68220.000000           1         -329.3716   
      2275:     68250.000000           1         -329.3724   
      2276:     68280.000000           1         -329.3724   
      2277:     68310.000000           1         -329.3748   
      2278:     68340.000000           1         -329.3740   
      2279:     68370.000000           1         -329.3734   
      2280:     68400.000000           1         -329.3755   
      2281:     68430.000000           1         -329.3742   
      2282:     68460.000000           1         -329.3742   
      2283:     68490.000000           1         -329.3751   
      2284:     68520.000000           1         -329.3770   
      2285:     68550.000000           1         -329.3774   
      2286:     68580.000000           1         -329.3774   
      2287:     68610.000000           1          170.5327   
      2288:     68640.000000           1          170.5347   
      2289:     68670.000000           1          170.5326   
      2290:     68700.000000           1          170.5289   
      2291:     68730.000000           1          170.5244   
      2292:     68760.000000           1          170.5217   
      2293:     68790.000000           1          170.5205   
      2294:     68820.000000           1          170.5193   
      2295:     68850.000000           1          170.5194   
      2296:     68880.000000           1          170.5196   
      2297:     68910.000000           1          170.5202   
      2298:     68940.000000           1          170.5198   
      2299:     68970.000000           1          170.5207   
      2300:     69000.000000           1          170.5224   
      2301:     69030.000000           1          170.5259   
      2302:     69060.000000           1          170.5288   
      2303:     69090.000000           1          170.5328   
      2304:     69120.000000           1          170.5340   
      2305:     69150.000000           1          170.5318   
      2306:     69180.000000           1          170.5272   
      2307:     69210.000000           1          170.5251   
      2308:     69240.000000           1          170.5253   
      2309:     69270.000000           1          170.5250   
      2310:     69300.000000           1          170.5255   
      2311:     69330.000000           1          170.5256   
      2312:     69360.000000           1          170.5249   
      2313:     69390.000000           1          170.5230   
      2314:     69420.000000           1          170.5192   
