         0:         0.000000           1          -54.6414   
         1:        30.000000           1          -51.8182   
         2:        60.000000           1          -55.2704   
         3:        90.000000           1          139.7787   
         4:       120.000000           1          139.1304   
         5:       150.000000           1          141.5212   
         6:       180.000000           1          143.1391   
         7:       210.000000           1          145.3706   
         8:       240.000000           1          146.3775   
         9:       270.000000           1          145.5994   
        10:       300.000000           1          145.4920   
        11:       330.000000           1          145.4691   
        12:       360.000000           1          145.1665   
        13:       390.000000           1          144.2772   
        14:       420.000000           1          144.4748   
        15:       450.000000           1          145.0133   
        16:       480.000000           1          144.6746   
        17:       510.000000           1          144.3090   
        18:       540.000000           1          144.6368   
        19:       570.000000           1          143.7004   
        20:       600.000000           1          143.3905   
        21:       630.000000           1          143.2594   
        22:       660.000000           1          143.4875   
        23:       690.000000           1          143.1292   
        24:       720.000000           1          143.3907   
        25:       750.000000           1          143.2875   
        26:       780.000000           1          143.4962   
        27:       810.000000           1          143.3114   
        28:       840.000000           1          143.1812   
        29:       870.000000           1          -47.4453   
        30:       900.000000           1          143.2413   
        31:       930.000000           1          143.2688   
        32:       960.000000           1          143.2339   
        33:       990.000000           1          143.2508   
        34:      1020.000000           1          143.0704   
        35:      1050.000000           1          142.9601   
        36:      1080.000000           1          142.7480   
        37:      1110.000000           1           67.0465   
        38:      1140.000000           1          142.8234   
        39:      1170.000000           1          142.9739   
        40:      1200.000000           1          142.9724   
        41:      1230.000000           1          -46.1271   
        42:      1260.000000           1          -45.9522   
        43:      1290.000000           1          -45.9562   
        44:      1320.000000           1          -45.8480   
        45:      1350.000000           1           68.3437   
        46:      1380.000000           1          -45.9806   
        47:      1410.000000           1          -46.0322   
        48:      1440.000000           1           68.0927   
        49:      1470.000000           1          -46.0154   
        50:      1500.000000           1          -46.1045   
        51:      1530.000000           1          -46.0643   
        52:      1560.000000           1          -45.9503   
        53:      1590.000000           1          -45.7876   
        54:      1620.000000           1          -45.6903   
        55:      1650.000000           1          -45.6166   
        56:      1680.000000           1          -45.6759   
        57:      1710.000000           1          -45.6189   
        58:      1740.000000           1          -45.6390   
        59:      1770.000000           1          -45.5907   
        60:      1800.000000           1          -45.5824   
        61:      1830.000000           1          -45.5977   
        62:      1860.000000           1          -45.5785   
        63:      1890.000000           1          -45.6312   
        64:      1920.000000           1          -45.6460   
        65:      1950.000000           1          -45.6236   
        66:      1980.000000           1          -45.6679   
        67:      2010.000000           1          143.2542   
        68:      2040.000000           1          143.2225   
        69:      2070.000000           1          143.1128   
        70:      2100.000000           1          143.1213   
        71:      2130.000000           1          143.0587   
        72:      2160.000000           1          143.0100   
        73:      2190.000000           1          142.9498   
        74:      2220.000000           1          142.8196   
        75:      2250.000000           1          142.8141   
        76:      2280.000000           1          142.7410   
        77:      2310.000000           1          142.7416   
        78:      2340.000000           1          142.6481   
        79:      2370.000000           1          142.5782   
        80:      2400.000000           1          -46.1798   
        81:      2430.000000           1          -46.1576   
        82:      2460.000000           1          -46.1336   
        83:      2490.000000           1          -46.1491   
        84:      2520.000000           1          -46.1010   
        85:      2550.000000           1          -45.9600   
        86:      2580.000000           1          -45.8912   
        87:      2610.000000           1          -45.8018   
        88:      2640.000000           1          -45.8405   
        89:      2670.000000           1          -45.7585   
        90:      2700.000000           1          -45.7794   
        91:      2730.000000           1          -45.7496   
        92:      2760.000000           1          -45.7329   
        93:      2790.000000           1          -45.7165   
        94:      2820.000000           1          -45.7809   
        95:      2850.000000           1          -45.7130   
        96:      2880.000000           1          -45.7205   
        97:      2910.000000           1          -45.7176   
        98:      2940.000000           1          -45.7131   
        99:      2970.000000           1          -45.7084   
       100:      3000.000000           1          -45.7995   
       101:      3030.000000           1          -45.8314   
       102:      3060.000000           1          -45.8152   
       103:      3090.000000           1          -45.8356   
       104:      3120.000000           1          -45.8126   
       105:      3150.000000           1          -45.7682   
       106:      3180.000000           1          -45.7852   
       107:      3210.000000           1          142.7473   
       108:      3240.000000           1          142.7424   
       109:      3270.000000           1          142.7233   
       110:      3300.000000           1          142.7269   
       111:      3330.000000           1          142.6868   
       112:      3360.000000           1          142.6275   
       113:      3390.000000           1          142.5820   
       114:      3420.000000           1          142.5709   
       115:      3450.000000           1          142.5851   
       116:      3480.000000           1          142.5780   
       117:      3510.000000           1          142.5085   
       118:      3540.000000           1          142.4839   
       119:      3570.000000           1          142.4800   
       120:      3600.000000           1          142.4685   
       121:      3630.000000           1          142.5051   
       122:      3660.000000           1          142.5605   
       123:      3690.000000           1          142.4994   
       124:      3720.000000           1          142.5246   
       125:      3750.000000           1          142.4899   
       126:      3780.000000           1          142.5164   
       127:      3810.000000           1          142.5567   
       128:      3840.000000           1          142.6107   
       129:      3870.000000           1          142.6659   
       130:      3900.000000           1          142.7474   
       131:      3930.000000           1          142.8006   
       132:      3960.000000           1          142.7956   
       133:      3990.000000           1          142.7718   
       134:      4020.000000           1          142.7958   
       135:      4050.000000           1          142.7985   
       136:      4080.000000           1          142.7642   
       137:      4110.000000           1          142.7630   
       138:      4140.000000           1          142.7751   
       139:      4170.000000           1          142.7940   
       140:      4200.000000           1          142.7887   
       141:      4230.000000           1          142.7669   
       142:      4260.000000           1          142.7773   
       143:      4290.000000           1          142.7782   
       144:      4320.000000           1          142.7618   
       145:      4350.000000           1          142.7871   
       146:      4380.000000           1          142.7832   
       147:      4410.000000           1          142.7408   
       148:      4440.000000           1          142.6972   
       149:      4470.000000           1          142.6572   
       150:      4500.000000           1          142.6498   
       151:      4530.000000           1          142.7223   
       152:      4560.000000           1          142.7546   
       153:      4590.000000           1          142.7358   
       154:      4620.000000           1          142.7123   
       155:      4650.000000           1          142.7133   
       156:      4680.000000           1          142.7516   
       157:      4710.000000           1          142.7475   
       158:      4740.000000           1          142.7355   
       159:      4770.000000           1          142.7339   
       160:      4800.000000           1          142.7194   
       161:      4830.000000           1          142.7392   
       162:      4860.000000           1          142.7345   
       163:      4890.000000           1          142.7566   
       164:      4920.000000           1          142.7707   
       165:      4950.000000           1          142.7608   
       166:      4980.000000           1          142.7250   
       167:      5010.000000           1          142.7261   
       168:      5040.000000           1          142.7292   
       169:      5070.000000           1          142.7479   
       170:      5100.000000           1          142.7835   
       171:      5130.000000           1          142.8144   
       172:      5160.000000           1          142.8592   
       173:      5190.000000           1          142.8826   
       174:      5220.000000           1          142.9092   
       175:      5250.000000           1          142.9294   
       176:      5280.000000           1          142.9309   
       177:      5310.000000           1          142.9320   
       178:      5340.000000           1          142.9292   
       179:      5370.000000           1          142.9053   
       180:      5400.000000           1          142.9250   
       181:      5430.000000           1          142.9503   
       182:      5460.000000           1          142.9522   
       183:      5490.000000           1          142.9550   
       184:      5520.000000           1          142.9448   
       185:      5550.000000           1          142.9302   
       186:      5580.000000           1          142.9322   
       187:      5610.000000           1          142.9106   
       188:      5640.000000           1          142.8867   
       189:      5670.000000           1          142.8668   
       190:      5700.000000           1          142.8642   
       191:      5730.000000           1          142.8483   
       192:      5760.000000           1          142.8377   
       193:      5790.000000           1          142.8323   
       194:      5820.000000           1          142.8149   
       195:      5850.000000           1          142.8097   
       196:      5880.000000           1          142.8077   
       197:      5910.000000           1          142.7996   
       198:      5940.000000           1          142.7720   
       199:      5970.000000           1          142.8174   
       200:      6000.000000           1          142.8121   
       201:      6030.000000           1          142.8210   
       202:      6060.000000           1          142.8413   
       203:      6090.000000           1          142.8803   
       204:      6120.000000           1          142.8803   
       205:      6150.000000           1          -45.3518   
       206:      6180.000000           1          -45.3748   
       207:      6210.000000           1          -45.3999   
       208:      6240.000000           1          -45.4402   
       209:      6270.000000           1          -45.4604   
       210:      6300.000000           1          -45.4734   
       211:      6330.000000           1          -45.4553   
       212:      6360.000000           1          -45.4280   
       213:      6390.000000           1          -45.4235   
       214:      6420.000000           1          -45.4031   
       215:      6450.000000           1          -45.3878   
       216:      6480.000000           1          -45.3749   
       217:      6510.000000           1          -45.3586   
       218:      6540.000000           1          -45.3585   
       219:      6570.000000           1          -45.3872   
       220:      6600.000000           1          -45.3953   
       221:      6630.000000           1          -45.3683   
       222:      6660.000000           1          -45.3682   
       223:      6690.000000           1          -45.3584   
       224:      6720.000000           1          -45.3540   
       225:      6750.000000           1          -45.3461   
       226:      6780.000000           1          -45.3623   
       227:      6810.000000           1          -45.3724   
       228:      6840.000000           1          -45.3739   
       229:      6870.000000           1          -45.3678   
       230:      6900.000000           1          -45.3598   
       231:      6930.000000           1          -45.3720   
       232:      6960.000000           1          -45.3661   
       233:      6990.000000           1          -45.3695   
      1612:     48360.000000           1           42.5587   
      1613:     48390.000000           1           42.5573   
      1614:     48420.000000           1           42.5609   
      1615:     48450.000000           1           42.5573   
      1616:     48480.000000           1           42.5526   
      1617:     48510.000000           1           42.5500   
      1618:     48540.000000           1           42.5498   
      1619:     48570.000000           1           42.5504   
      1620:     48600.000000           1           42.5487   
      1621:     48630.000000           1           42.5503   
      1622:     48660.000000           1           42.5519   
      1623:     48690.000000           1           42.5480   
      1624:     48720.000000           1           42.5459   
      1625:     48750.000000           1           42.5437   
      1626:     48780.000000           1           42.5380   
      1627:     48810.000000           1           42.5360   
      1628:     48840.000000           1           42.5346   
      1629:     48870.000000           1           42.5375   
      1630:     48900.000000           1           42.5389   
      1631:     48930.000000           1           42.5399   
      1632:     48960.000000           1           42.5427   
      1633:     48990.000000           1           42.5441   
      1634:     49020.000000           1           42.5399   
      1635:     49050.000000           1           42.5320   
      1636:     49080.000000           1           42.5298   
      1637:     49110.000000           1           42.5273   
      1638:     49140.000000           1           42.5277   
      1639:     49170.000000           1           42.5268   
      1640:     49200.000000           1          147.8444   
      1641:     49230.000000           1          147.7225   
      1642:     49260.000000           1          147.7199   
      1643:     49290.000000           1          147.7549   
      1644:     49320.000000           1          147.8428   
      1645:     49350.000000           1          147.8792   
      1646:     49380.000000           1          147.9107   
      1647:     49410.000000           1          147.9324   
      1648:     49440.000000           1          147.9477   
      1649:     49470.000000           1          147.9348   
      1650:     49500.000000           1          147.9223   
      1651:     49530.000000           1          147.9228   
      1652:     49560.000000           1          147.9119   
      1653:     49590.000000           1          147.9136   
      1654:     49620.000000           1          147.9215   
      1655:     49650.000000           1          147.9288   
      1656:     49680.000000           1          147.9325   
      1657:     49710.000000           1          147.9392   
      1658:     49740.000000           1          147.9301   
      1659:     49770.000000           1          147.9439   
      1660:     49800.000000           1          147.9709   
      1661:     49830.000000           1          147.9732   
      1662:     49860.000000           1          147.9643   
      1663:     49890.000000           1          147.9732   
      1664:     49920.000000           1          147.9659   
      1665:     49950.000000           1          147.9586   
      1666:     49980.000000           1          147.9566   
      1667:     50010.000000           1          147.9606   
      1668:     50040.000000           1          147.9633   
      1669:     50070.000000           1          147.9734   
      1670:     50100.000000           1          147.9744   
      1671:     50130.000000           1          147.9822   
      1672:     50160.000000           1          147.9969   
      1673:     50190.000000           1          148.0227   
      1674:     50220.000000           1          148.0369   
      1675:     50250.000000           1          148.0479   
      1676:     50280.000000           1          148.0430   
      1677:     50310.000000           1          148.0527   
      1678:     50340.000000           1          148.0684   
      1679:     50370.000000           1          148.0848   
      1680:     50400.000000           1          148.1234   
      1681:     50430.000000           1          148.1502   
      1682:     50460.000000           1          148.1757   
      1683:     50490.000000           1          148.1844   
      1684:     50520.000000           1          148.1838   
      1685:     50550.000000           1          148.1823   
      1686:     50580.000000           1          148.1915   
      1687:     50610.000000           1          148.1892   
      1688:     50640.000000           1          148.1837   
      1689:     50670.000000           1          148.1760   
      1690:     50700.000000           1          148.1768   
      1691:     50730.000000           1          148.1776   
      1692:     50760.000000           1          148.1678   
      1693:     50790.000000           1          148.1572   
      1694:     50820.000000           1          148.1548   
      1695:     50850.000000           1          148.1530   
      1696:     50880.000000           1          148.1552   
      1697:     50910.000000           1           42.5172   
      1698:     50940.000000           1          148.2038   
      1699:     50970.000000           1          148.2656   
      1700:     51000.000000           1          148.3085   
      1701:     51030.000000           1          148.2882   
      1702:     51060.000000           1          148.2636   
      1703:     51090.000000           1          148.2533   
      1704:     51120.000000           1          148.2539   
      1705:     51150.000000           1          148.2648   
      1706:     51180.000000           1          148.2701   
      1707:     51210.000000           1          148.2691   
      1708:     51240.000000           1          148.2651   
      1709:     51270.000000           1          148.2709   
      1710:     51300.000000           1          148.2796   
      1711:     51330.000000           1          148.2747   
      1712:     51360.000000           1          148.2672   
      1713:     51390.000000           1          148.2697   
      1714:     51420.000000           1          148.2680   
      1715:     51450.000000           1          148.2666   
      1716:     51480.000000           1          148.2607   
      1717:     51510.000000           1          148.2625   
      1718:     51540.000000           1          148.2633   
      1719:     51570.000000           1          148.2580   
      1720:     51600.000000           1          148.2578   
      1721:     51630.000000           1          148.2648   
      1722:     51660.000000           1          148.2621   
      1723:     51690.000000           1          148.2596   
      1724:     51720.000000           1          148.2592   
      1725:     51750.000000           1          148.2528   
      1726:     51780.000000           1          148.2473   
      1727:     51810.000000           1          148.2424   
      1728:     51840.000000           1          148.2394   
      1729:     51870.000000           1          148.2385   
      1730:     51900.000000           1          148.2328   
      1731:     51930.000000           1          148.2275   
      1732:     51960.000000           1          148.2227   
      1733:     51990.000000           1          148.2216   
      1734:     52020.000000           1          148.2188   
      1735:     52050.000000           1          148.2163   
      1736:     52080.000000           1          148.2206   
      1737:     52110.000000           1          148.2282   
      1738:     52140.000000           1          148.2371   
      1739:     52170.000000           1          148.2427   
      1740:     52200.000000           1          148.2481   
      1741:     52230.000000           1          148.2535   
      1742:     52260.000000           1          148.2535   
      1743:     52290.000000           1          148.2551   
      1744:     52320.000000           1          148.2588   
      1745:     52350.000000           1          148.2562   
      1746:     52380.000000           1          148.2479   
      1747:     52410.000000           1          148.2505   
      1748:     52440.000000           1          148.2509   
      1749:     52470.000000           1          148.2482   
      1750:     52500.000000           1          148.2527   
      1751:     52530.000000           1          148.2565   
      1752:     52560.000000           1          148.2586   
      1753:     52590.000000           1          148.2623   
      1754:     52620.000000           1          148.2661   
      1755:     52650.000000           1          148.2703   
      1756:     52680.000000           1          148.2741   
      1757:     52710.000000           1          148.2749   
      1758:     52740.000000           1          148.2727   
      1759:     52770.000000           1          148.2718   
      1760:     52800.000000           1          148.2731   
      1761:     52830.000000           1          148.2750   
      1762:     52860.000000           1          148.2799   
      1763:     52890.000000           1          148.2808   
      1764:     52920.000000           1          148.2782   
      1765:     52950.000000           1          148.2812   
      1766:     52980.000000           1          148.2832   
      1767:     53010.000000           1          148.2830   
      1768:     53040.000000           1          148.2780   
      1769:     53070.000000           1          148.2735   
      1770:     53100.000000           1          148.2746   
      1771:     53130.000000           1          148.2774   
      1772:     53160.000000           1          148.2798   
      1773:     53190.000000           1          148.2827   
      1774:     53220.000000           1          148.2835   
      1775:     53250.000000           1          148.2830   
      1776:     53280.000000           1          148.2844   
      1777:     53310.000000           1          148.2849   
      1778:     53340.000000           1         -329.1142   
      1779:     53370.000000           1           42.7581   
      1780:     53400.000000           1           42.7230   
      1781:     53430.000000           1           42.7031   
      1782:     53460.000000           1           42.6909   
      1783:     53490.000000           1           42.6866   
      1784:     53520.000000           1           42.6695   
      1785:     53550.000000           1           42.6465   
      1786:     53580.000000           1           42.6534   
      1787:     53610.000000           1           42.6626   
      1788:     53640.000000           1           42.6568   
      1789:     53670.000000           1           42.6635   
      1790:     53700.000000           1           42.6553   
      1791:     53730.000000           1           42.6499   
      1792:     53760.000000           1           42.6453   
      1793:     53790.000000           1           42.6448   
      1794:     53820.000000           1           42.6423   
      1795:     53850.000000           1           42.6307   
      1796:     53880.000000           1           42.6198   
      1797:     53910.000000           1           42.6172   
      1798:     53940.000000           1           42.6010   
      1799:     53970.000000           1           42.5843   
      1800:     54000.000000           1           42.5582   
      1801:     54030.000000           1          148.2800   
      1802:     54060.000000           1           42.5202   
      1803:     54090.000000           1          148.2767   
      1804:     54120.000000           1          148.2798   
      1805:     54150.000000           1          148.2835   
      1806:     54180.000000           1           42.5012   
      1807:     54210.000000           1          148.2897   
      1808:     54240.000000           1          148.2894   
      1809:     54270.000000           1          148.2899   
      1810:     54300.000000           1           42.4799   
      1811:     54330.000000           1           42.4772   
      1812:     54360.000000           1           42.4751   
      1813:     54390.000000           1           42.4723   
      1814:     54420.000000           1           42.4631   
      1815:     54450.000000           1           42.4528   
      1816:     54480.000000           1           42.4460   
      1817:     54510.000000           1           42.4375   
      1818:     54540.000000           1           42.4227   
      1819:     54570.000000           1           42.4188   
      1820:     54600.000000           1           42.4155   
      1821:     54630.000000           1           42.4132   
      1822:     54660.000000           1           42.4147   
      1823:     54690.000000           1         -329.1621   
      1824:     54720.000000           1         -329.1621   
      1825:     54750.000000           1         -329.1617   
      1826:     54780.000000           1         -329.1656   
      1827:     54810.000000           1         -329.1686   
      1828:     54840.000000           1         -329.1701   
      1829:     54870.000000           1         -329.1763   
      1830:     54900.000000           1          148.2631   
      1831:     54930.000000           1          148.2650   
      1832:     54960.000000           1          148.2655   
      1833:     54990.000000           1          148.2657   
      1834:     55020.000000           1          148.2710   
      1835:     55050.000000           1          148.2702   
      1836:     55080.000000           1          148.2717   
      1837:     55110.000000           1          148.2738   
      1838:     55140.000000           1          148.2725   
      1839:     55170.000000           1          148.2711   
      1840:     55200.000000           1          148.2668   
      1841:     55230.000000           1          148.2617   
      1842:     55260.000000           1          148.2569   
      1843:     55290.000000           1          148.2568   
      1844:     55320.000000           1          148.2540   
      1845:     55350.000000           1          148.2510   
      1846:     55380.000000           1          148.2457   
      1847:     55410.000000           1          148.2368   
      1848:     55440.000000           1          148.2352   
      1849:     55470.000000           1          148.2357   
      1850:     55500.000000           1          148.2369   
      1851:     55530.000000           1          148.2349   
      1852:     55560.000000           1          148.2326   
      1853:     55590.000000           1          148.2309   
      1854:     55620.000000           1          148.2270   
      1855:     55650.000000           1          148.2272   
      1856:     55680.000000           1          148.2235   
      1857:     55710.000000           1          148.2217   
      1858:     55740.000000           1          148.2236   
      1859:     55770.000000           1         -329.2403   
      1860:     55800.000000           1          148.2275   
      1861:     55830.000000           1          148.2251   
      1862:     55860.000000           1          148.2246   
      1863:     55890.000000           1          148.2275   
      1864:     55920.000000           1          148.2280   
      1865:     55950.000000           1          148.2263   
      1866:     55980.000000           1          148.2246   
      1867:     56010.000000           1          148.2225   
      1868:     56040.000000           1          148.2190   
      1869:     56070.000000           1          148.2158   
      1870:     56100.000000           1          148.2131   
      1871:     56130.000000           1          148.2099   
      1872:     56160.000000           1          148.2090   
      1873:     56190.000000           1          148.2108   
      1874:     56220.000000           1          148.2097   
      1875:     56250.000000           1          148.2029   
      1876:     56280.000000           1          148.2012   
      1877:     56310.000000           1          148.2036   
      1878:     56340.000000           1          148.2068   
      1879:     56370.000000           1          148.2081   
      1880:     56400.000000           1          148.2083   
      1881:     56430.000000           1          148.2107   
      1882:     56460.000000           1          148.2080   
      1883:     56490.000000           1          148.2067   
      1884:     56520.000000           1          148.2066   
      1885:     56550.000000           1          148.2026   
      1886:     56580.000000           1          148.2011   
      1887:     56610.000000           1          148.2022   
      1888:     56640.000000           1          148.2017   
      1889:     56670.000000           1          148.1983   
      1890:     56700.000000           1          148.1987   
      1891:     56730.000000           1          148.2013   
      1892:     56760.000000           1          148.1928   
      1893:     56790.000000           1          148.1905   
      1894:     56820.000000           1          148.1895   
      1895:     56850.000000           1          148.1869   
      1896:     56880.000000           1          148.1870   
      1897:     56910.000000           1          148.1865   
      1898:     56940.000000           1          148.1838   
      1899:     56970.000000           1         -329.3139   
      1900:     57000.000000           1         -329.3168   
      1901:     57030.000000           1         -329.3174   
      1902:     57060.000000           1         -329.3190   
      1903:     57090.000000           1         -329.3204   
      1904:     57120.000000           1         -329.3226   
      1905:     57150.000000           1         -329.3269   
      1906:     57180.000000           1         -329.3245   
      1907:     57210.000000           1         -329.3309   
      1908:     57240.000000           1         -329.3348   
      1909:     57270.000000           1         -329.3371   
      1910:     57300.000000           1         -329.3390   
      1911:     57330.000000           1         -329.3428   
      1912:     57360.000000           1         -329.3424   
      1913:     57390.000000           1         -329.3434   
      1914:     57420.000000           1         -329.3434   
      1915:     57450.000000           1         -329.3419   
      1916:     57480.000000           1         -329.3446   
      1917:     57510.000000           1         -329.3404   
      1918:     57540.000000           1         -329.3415   
      1919:     57570.000000           1         -329.3400   
      1920:     57600.000000           1         -329.3416   
      1921:     57630.000000           1         -329.3427   
      1922:     57660.000000           1         -329.3420   
      1923:     57690.000000           1          148.1599   
      1924:     57720.000000           1         -329.3500   
      1925:     57750.000000           1         -329.3516   
      1926:     57780.000000           1          148.1579   
      1927:     57810.000000           1         -329.3501   
      1928:     57840.000000           1          148.1575   
      1929:     57870.000000           1          148.1601   
      1930:     57900.000000           1          148.1562   
      1931:     57930.000000           1          148.1557   
      1932:     57960.000000           1          148.1541   
      1933:     57990.000000           1          148.1510   
      1934:     58020.000000           1          148.1476   
      1935:     58050.000000           1          148.1481   
      1936:     58080.000000           1          148.1499   
      1937:     58110.000000           1          148.1480   
      1938:     58140.000000           1          148.1467   
      1939:     58170.000000           1          148.1442   
      1940:     58200.000000           1          148.1437   
      1941:     58230.000000           1          148.1422   
      1942:     58260.000000           1          148.1417   
      1943:     58290.000000           1          148.1390   
      1944:     58320.000000           1          148.1353   
      1945:     58350.000000           1          148.1350   
      1946:     58380.000000           1          148.1351   
      1947:     58410.000000           1          148.1358   
      1948:     58440.000000           1          148.1352   
      1949:     58470.000000           1          148.1316   
      1950:     58500.000000           1          148.1330   
      1951:     58530.000000           1          148.1320   
      1952:     58560.000000           1          148.1265   
      1953:     58590.000000           1          148.1269   
      1954:     58620.000000           1          148.1248   
      1955:     58650.000000           1          148.1228   
      1956:     58680.000000           1          148.1167   
      1957:     58710.000000           1          148.1102   
      1958:     58740.000000           1          148.1054   
      1959:     58770.000000           1          148.1027   
      1960:     58800.000000           1          148.1011   
      1961:     58830.000000           1          148.0997   
      1962:     58860.000000           1          148.0956   
      1963:     58890.000000           1          148.0904   
      1964:     58920.000000           1          148.0866   
      1965:     58950.000000           1          148.0839   
      1966:     58980.000000           1          148.0799   
      1967:     59010.000000           1          148.0776   
      1968:     59040.000000           1          148.0719   
      1969:     59070.000000           1          148.0677   
      1970:     59100.000000           1          148.0675   
      1971:     59130.000000           1          148.0633   
      1972:     59160.000000           1          148.0561   
      1973:     59190.000000           1          148.0532   
      1974:     59220.000000           1          148.0534   
      1975:     59250.000000           1          148.0524   
      1976:     59280.000000           1          148.0518   
      1977:     59310.000000           1          148.0522   
      1978:     59340.000000           1          148.0539   
      1979:     59370.000000           1          148.0537   
      1980:     59400.000000           1          148.0538   
      1981:     59430.000000           1          148.0553   
      1982:     59460.000000           1          148.0550   
      1983:     59490.000000           1          148.0561   
      1984:     59520.000000           1          148.0524   
      1985:     59550.000000           1          148.0513   
      1986:     59580.000000           1          148.0460   
      1987:     59610.000000           1          148.0443   
      1988:     59640.000000           1          148.0458   
      1989:     59670.000000           1          148.0449   
      1990:     59700.000000           1          148.0442   
      1991:     59730.000000           1          148.0437   
      1992:     59760.000000           1          148.0401   
      1993:     59790.000000           1          148.0390   
      1994:     59820.000000           1          148.0369   
      1995:     59850.000000           1          148.0379   
      1996:     59880.000000           1          148.0350   
      1997:     59910.000000           1          148.0303   
      1998:     59940.000000           1          148.0320   
      1999:     59970.000000           1          148.0311   
      2000:     60000.000000           1          148.0301   
      2001:     60030.000000           1          148.0285   
      2002:     60060.000000           1          148.0295   
      2003:     60090.000000           1          148.0324   
      2004:     60120.000000           1          148.0315   
      2005:     60150.000000           1          148.0359   
      2006:     60180.000000           1          148.0367   
      2007:     60210.000000           1          148.0368   
      2008:     60240.000000           1          148.0391   
      2009:     60270.000000           1          148.0394   
      2010:     60300.000000           1          148.0396   
      2011:     60330.000000           1          148.0407   
      2012:     60360.000000           1          148.0465   
      2013:     60390.000000           1          148.0461   
      2014:     60420.000000           1          148.0457   
      2015:     60450.000000           1          148.0427   
      2016:     60480.000000           1          148.0392   
      2017:     60510.000000           1          148.0355   
      2018:     60540.000000           1          148.0349   
      2019:     60570.000000           1          148.0338   
      2020:     60600.000000           1          148.0342   
      2021:     60630.000000           1          148.0337   
      2022:     60660.000000           1          148.0274   
      2023:     60690.000000           1          148.0290   
      2024:     60720.000000           1          148.0339   
      2025:     60750.000000           1          148.0369   
      2026:     60780.000000           1          148.0338   
      2027:     60810.000000           1          148.0291   
      2028:     60840.000000           1          148.0274   
      2029:     60870.000000           1          148.0288   
      2030:     60900.000000           1          148.0293   
      2031:     60930.000000           1          148.0301   
      2032:     60960.000000           1          148.0333   
      2033:     60990.000000           1          148.0366   
      2034:     61020.000000           1          148.0385   
      2035:     61050.000000           1          148.0436   
      2036:     61080.000000           1          148.0420   
      2037:     61110.000000           1          148.0425   
      2038:     61140.000000           1          148.0340   
      2039:     61170.000000           1          148.0341   
      2040:     61200.000000           1          148.0296   
      2041:     61230.000000           1          148.0273   
      2042:     61260.000000           1          148.0277   
      2043:     61290.000000           1          148.0236   
      2044:     61320.000000           1          148.0216   
      2045:     61350.000000           1          148.0199   
      2046:     61380.000000           1          148.0214   
      2047:     61410.000000           1          148.0272   
      2048:     61440.000000           1          148.0309   
      2049:     61470.000000           1          148.0398   
      2050:     61500.000000           1          148.0371   
      2051:     61530.000000           1          148.0393   
      2052:     61560.000000           1          148.0336   
      2053:     61590.000000           1          148.0345   
      2054:     61620.000000           1          148.0285   
      2055:     61650.000000           1          148.0276   
      2056:     61680.000000           1          148.0284   
      2057:     61710.000000           1          148.0318   
      2058:     61740.000000           1          148.0340   
      2059:     61770.000000           1          148.0346   
      2060:     61800.000000           1          148.0378   
      2061:     61830.000000           1          148.0392   
      2062:     61860.000000           1          148.0395   
      2063:     61890.000000           1          148.0416   
      2064:     61920.000000           1          148.0432   
      2065:     61950.000000           1          148.0445   
      2066:     61980.000000           1          148.0465   
      2067:     62010.000000           1          148.0476   
      2068:     62040.000000           1          148.0510   
      2069:     62070.000000           1          148.0543   
      2070:     62100.000000           1          148.0562   
      2071:     62130.000000           1          -18.7427   
      2072:     62160.000000           1          148.0645   
      2073:     62190.000000           1          148.0669   
      2074:     62220.000000           1          148.0691   
      2075:     62250.000000           1          148.0674   
      2076:     62280.000000           1          148.0614   
      2077:     62310.000000           1          148.0593   
      2078:     62340.000000           1          148.0614   
      2079:     62370.000000           1          148.0607   
      2080:     62400.000000           1          148.0597   
      2081:     62430.000000           1          148.0567   
      2082:     62460.000000           1          148.0569   
      2083:     62490.000000           1          148.0577   
      2084:     62520.000000           1          148.0579   
      2085:     62550.000000           1          148.0539   
      2086:     62580.000000           1          148.0522   
      2087:     62610.000000           1          148.0517   
      2088:     62640.000000           1          148.0521   
      2089:     62670.000000           1          148.0514   
      2090:     62700.000000           1          148.0546   
      2091:     62730.000000           1          148.0530   
      2092:     62760.000000           1          148.0549   
      2093:     62790.000000           1          -18.7347   
      2094:     62820.000000           1          -18.7351   
      2095:     62850.000000           1          -18.7332   
      2096:     62880.000000           1          -18.7275   
      2097:     62910.000000           1          -18.7256   
      2098:     62940.000000           1          -18.7311   
      2099:     62970.000000           1          -18.7291   
      2100:     63000.000000           1          -18.7253   
      2101:     63030.000000           1          -18.7165   
      2102:     63060.000000           1          -18.7105   
      2103:     63090.000000           1          -18.6998   
      2104:     63120.000000           1          -18.6940   
      2105:     63150.000000           1          -18.6920   
      2106:     63180.000000           1          -18.6907   
      2107:     63210.000000           1          -18.6879   
      2108:     63240.000000           1          -18.6863   
      2109:     63270.000000           1          -18.6863   
      2110:     63300.000000           1          -18.6848   
      2111:     63330.000000           1          -18.6804   
      2112:     63360.000000           1          -18.6738   
      2113:     63390.000000           1          -18.6692   
      2114:     63420.000000           1          -18.6666   
      2115:     63450.000000           1          -18.6654   
      2116:     63480.000000           1          -18.6643   
      2117:     63510.000000           1          -18.6604   
      2118:     63540.000000           1          -18.6555   
      2119:     63570.000000           1          148.0984   
      2120:     63600.000000           1          148.0997   
      2121:     63630.000000           1          148.1033   
      2122:     63660.000000           1          148.1073   
      2123:     63690.000000           1          148.1113   
      2124:     63720.000000           1          148.1091   
      2125:     63750.000000           1          148.1099   
      2126:     63780.000000           1          148.1105   
      2127:     63810.000000           1          148.1099   
      2128:     63840.000000           1          148.1090   
      2129:     63870.000000           1          148.1073   
      2130:     63900.000000           1          148.1068   
      2131:     63930.000000           1          148.1041   
      2132:     63960.000000           1          148.1040   
      2133:     63990.000000           1          148.1032   
      2134:     64020.000000           1          148.1016   
      2135:     64050.000000           1          148.1034   
      2136:     64080.000000           1          148.1033   
      2137:     64110.000000           1          148.1040   
      2138:     64140.000000           1          148.1049   
      2139:     64170.000000           1          148.1046   
      2140:     64200.000000           1          148.1071   
      2141:     64230.000000           1          148.1086   
      2142:     64260.000000           1          148.1117   
      2143:     64290.000000           1          148.1147   
      2144:     64320.000000           1          148.1165   
      2145:     64350.000000           1          148.1155   
      2146:     64380.000000           1          148.1115   
      2147:     64410.000000           1          148.1102   
      2148:     64440.000000           1          148.1077   
      2149:     64470.000000           1          148.1083   
      2150:     64500.000000           1          148.1102   
      2151:     64530.000000           1          148.1085   
      2152:     64560.000000           1          148.1091   
      2153:     64590.000000           1          148.1095   
      2154:     64620.000000           1          148.1089   
      2155:     64650.000000           1          148.1046   
      2156:     64680.000000           1          148.1037   
      2157:     64710.000000           1          148.1017   
      2158:     64740.000000           1          148.1047   
      2159:     64770.000000           1          148.1095   
      2160:     64800.000000           1          148.1110   
      2161:     64830.000000           1          148.1134   
      2162:     64860.000000           1          148.1195   
      2163:     64890.000000           1          148.1221   
      2164:     64920.000000           1          148.1220   
      2165:     64950.000000           1          148.1246   
      2166:     64980.000000           1          148.1226   
      2167:     65010.000000           1          148.1227   
      2168:     65040.000000           1          148.1189   
      2169:     65070.000000           1          -18.5693   
      2170:     65100.000000           1          -18.5647   
      2171:     65130.000000           1          148.1243   
      2172:     65160.000000           1          -18.5579   
      2173:     65190.000000           1          -18.5581   
      2174:     65220.000000           1          -18.5568   
      2175:     65250.000000           1          -18.5573   
      2176:     65280.000000           1          -18.5591   
      2177:     65310.000000           1          -18.5581   
      2178:     65340.000000           1          -18.5576   
      2179:     65370.000000           1          -18.5575   
      2180:     65400.000000           1          -18.5541   
      2181:     65430.000000           1          -18.5517   
      2182:     65460.000000           1          -18.5464   
      2183:     65490.000000           1          -18.5442   
      2184:     65520.000000           1          -18.5400   
      2185:     65550.000000           1          -18.5386   
      2186:     65580.000000           1          -18.5386   
      2187:     65610.000000           1          -18.5382   
      2188:     65640.000000           1          -18.5357   
      2189:     65670.000000           1           65.2450   
      2190:     65700.000000           1          -18.5230   
      2191:     65730.000000           1          -18.5203   
      2192:     65760.000000           1          -18.5192   
      2193:     65790.000000           1          -18.5212   
      2194:     65820.000000           1          -18.5231   
      2195:     65850.000000           1          -18.5239   
      2196:     65880.000000           1          -18.5211   
      2197:     65910.000000           1          -18.5170   
      2198:     65940.000000           1          -18.5141   
      2199:     65970.000000           1          -18.5116   
      2200:     66000.000000           1          -18.5040   
      2201:     66030.000000           1          -18.4969   
      2202:     66060.000000           1          -18.4948   
      2203:     66090.000000           1          -18.4956   
      2204:     66120.000000           1          -18.4937   
      2205:     66150.000000           1          -18.4924   
      2206:     66180.000000           1          -18.4919   
      2207:     66210.000000           1          -18.4908   
      2208:     66240.000000           1          -18.4889   
      2209:     66270.000000           1          -18.4881   
      2210:     66300.000000           1          -18.4861   
      2211:     66330.000000           1          -18.4798   
      2212:     66360.000000           1          -18.4774   
      2213:     66390.000000           1          -18.4760   
      2214:     66420.000000           1          -18.4760   
      2215:     66450.000000           1          -18.4751   
      2216:     66480.000000           1          -18.4749   
      2217:     66510.000000           1          -18.4744   
      2218:     66540.000000           1          -18.4729   
      2219:     66570.000000           1           65.2792   
      2220:     66600.000000           1           65.2863   
      2221:     66630.000000           1           65.2914   
      2222:     66660.000000           1           65.2953   
      2223:     66690.000000           1           65.2991   
      2224:     66720.000000           1           65.2998   
      2225:     66750.000000           1           65.2996   
      2226:     66780.000000           1           65.2965   
      2227:     66810.000000           1           65.2987   
      2228:     66840.000000           1           65.2958   
      2229:     66870.000000           1           65.2971   
      2230:     66900.000000           1           65.2983   
      2231:     66930.000000           1           65.2986   
      2232:     66960.000000           1           65.2972   
      2233:     66990.000000           1           65.3000   
      2234:     67020.000000           1           65.2986   
      2235:     67050.000000           1           65.2912   
      2236:     67080.000000           1           65.2895   
      2237:     67110.000000           1           65.2874   
      2238:     67140.000000           1           65.2867   
      2239:     67170.000000           1           65.2859   
      2240:     67200.000000           1           65.2852   
      2241:     67230.000000           1           65.2873   
      2242:     67260.000000           1           65.2855   
      2243:     67290.000000           1           65.2856   
      2244:     67320.000000           1           65.2862   
      2245:     67350.000000           1          -18.4447   
      2246:     67380.000000           1          -18.4430   
      2247:     67410.000000           1          -18.4416   
      2248:     67440.000000           1          -18.4437   
      2249:     67470.000000           1          -18.4444   
      2250:     67500.000000           1          -18.4435   
      2251:     67530.000000           1          -18.4441   
      2252:     67560.000000           1          -18.4418   
      2253:     67590.000000           1          -18.4427   
      2254:     67620.000000           1          -18.4424   
      2255:     67650.000000           1          -18.4380   
      2256:     67680.000000           1          -18.4367   
      2257:     67710.000000           1          -18.4343   
      2258:     67740.000000           1          -18.4319   
      2259:     67770.000000           1          -18.4309   
      2260:     67800.000000           1          -18.4282   
      2609:     78270.000000           1         -318.6788   
      2610:     78300.000000           1         -318.6853   
      2611:     78330.000000           1         -318.6938   
      2612:     78360.000000           1         -318.6970   
      2613:     78390.000000           1         -318.6979   
      2614:     78420.000000           1         -318.6989   
      2615:     78450.000000           1         -318.7045   
      2616:     78480.000000           1         -318.7151   
      2617:     78510.000000           1         -318.7270   
      2618:     78540.000000           1         -318.7320   
      2619:     78570.000000           1         -318.7299   
      2620:     78600.000000           1         -318.7365   
      2621:     78630.000000           1         -318.7475   
      2622:     78660.000000           1         -318.7594   
      2623:     78690.000000           1         -318.7758   
      2624:     78720.000000           1         -318.7895   
      2625:     78750.000000           1         -318.8003   
      2626:     78780.000000           1         -318.8086   
      2627:     78810.000000           1         -318.8134   
      2628:     78840.000000           1         -318.8223   
      2629:     78870.000000           1         -318.8284   
      2630:     78900.000000           1         -318.8337   
      2631:     78930.000000           1         -318.8362   
      2632:     78960.000000           1         -318.8375   
      2633:     78990.000000           1         -318.8398   
      2634:     79020.000000           1         -318.8417   
      2635:     79050.000000           1         -318.8448   
      2636:     79080.000000           1         -318.8469   
      2637:     79110.000000           1         -318.8527   
      2638:     79140.000000           1         -318.8594   
      2639:     79170.000000           1         -318.8672   
      2640:     79200.000000           1         -318.8739   
      2641:     79230.000000           1         -318.8773   
      2642:     79260.000000           1         -318.8818   
      2643:     79290.000000           1         -318.8862   
      2644:     79320.000000           1         -318.8890   
      2645:     79350.000000           1         -318.8927   
      2646:     79380.000000           1         -318.8943   
      2647:     79410.000000           1         -318.8969   
      2648:     79440.000000           1         -318.8990   
      2649:     79470.000000           1         -318.9018   
      2650:     79500.000000           1         -318.9032   
      2651:     79530.000000           1         -318.9069   
      2652:     79560.000000           1         -318.9113   
      2653:     79590.000000           1         -318.9151   
      2654:     79620.000000           1          110.0377   
      2655:     79650.000000           1          110.1478   
      2656:     79680.000000           1          110.0766   
      2657:     79710.000000           1          110.1050   
      2658:     79740.000000           1          110.0701   
      2659:     79770.000000           1         -318.9297   
      2660:     79800.000000           1         -318.9276   
      2661:     79830.000000           1           12.6125   
      2662:     79860.000000           1         -318.9397   
      2663:     79890.000000           1         -318.9460   
      2664:     79920.000000           1         -318.9463   
      2665:     79950.000000           1         -318.9491   
      2666:     79980.000000           1         -318.9501   
      2667:     80010.000000           1         -318.9556   
      2668:     80040.000000           1         -318.9555   
      2669:     80070.000000           1         -318.9582   
      2670:     80100.000000           1         -318.9565   
      2671:     80130.000000           1         -318.9550   
      2672:     80160.000000           1         -318.9541   
      2673:     80190.000000           1         -318.9523   
      2674:     80220.000000           1         -318.9487   
      2675:     80250.000000           1         -318.9505   
      2676:     80280.000000           1         -318.9514   
      2677:     80310.000000           1         -318.9520   
      2678:     80340.000000           1         -318.9515   
      2679:     80370.000000           1         -318.9526   
      2680:     80400.000000           1         -318.9529   
      2681:     80430.000000           1         -318.9521   
      2682:     80460.000000           1         -318.9550   
      2683:     80490.000000           1         -318.9538   
      2684:     80520.000000           1         -318.9553   
      2685:     80550.000000           1         -318.9567   
      2686:     80580.000000           1         -318.9604   
      2687:     80610.000000           1         -318.9639   
      2688:     80640.000000           1         -318.9652   
      2689:     80670.000000           1         -318.9658   
      2690:     80700.000000           1         -318.9671   
      2691:     80730.000000           1         -318.9660   
      2692:     80760.000000           1         -318.9669   
      2693:     80790.000000           1           12.5068   
      2694:     80820.000000           1         -272.3890   
      2695:     80850.000000           1           12.4939   
      2696:     80880.000000           1         -272.6142   
      2697:     80910.000000           1         -272.6410   
      2698:     80940.000000           1          109.6383   
      2699:     80970.000000           1          109.6392   
      2700:     81000.000000           1          109.6444   
      2701:     81030.000000           1          109.6523   
      2702:     81060.000000           1          109.6555   
      2703:     81090.000000           1          109.6655   
      2704:     81120.000000           1          109.6654   
      2705:     81150.000000           1          109.6637   
      2706:     81180.000000           1          109.6694   
      2707:     81210.000000           1          109.6691   
      2708:     81240.000000           1          109.6731   
      2709:     81270.000000           1          109.6728   
      2710:     81300.000000           1          109.6742   
      2711:     81330.000000           1          109.6743   
      2712:     81360.000000           1          109.6768   
      2713:     81390.000000           1          109.6766   
      2714:     81420.000000           1          109.6713   
      2715:     81450.000000           1          109.6773   
      2716:     81480.000000           1          109.6782   
      2717:     81510.000000           1         -272.6337   
      2718:     81540.000000           1          109.8301   
      2719:     81570.000000           1          109.6893   
      2720:     81600.000000           1          109.7263   
      2721:     81630.000000           1          109.7521   
      2722:     81660.000000           1          109.7536   
      2723:     81690.000000           1          109.7473   
      2724:     81720.000000           1          109.7581   
      2725:     81750.000000           1          109.7667   
      2726:     81780.000000           1          109.7737   
      2727:     81810.000000           1          109.7710   
      2728:     81840.000000           1          109.7731   
      2729:     81870.000000           1          109.7679   
      2730:     81900.000000           1          109.7682   
      2731:     81930.000000           1          109.7625   
      2732:     81960.000000           1          109.7571   
      2733:     81990.000000           1          109.7469   
      2734:     82020.000000           1          109.7409   
      2735:     82050.000000           1          109.7292   
      2736:     82080.000000           1          109.7273   
      2737:     82110.000000           1          109.7261   
      2738:     82140.000000           1          109.7277   
      2739:     82170.000000           1          109.7256   
      2740:     82200.000000           1          109.7226   
      2741:     82230.000000           1          109.7223   
      2742:     82260.000000           1           12.3511   
      2743:     82290.000000           1           12.3517   
      2744:     82320.000000           1           12.3516   
      2745:     82350.000000           1           12.3513   
      2746:     82380.000000           1           12.3499   
      2747:     82410.000000           1           12.3484   
      2748:     82440.000000           1           12.3482   
      2749:     82470.000000           1           12.3430   
      2750:     82500.000000           1           12.3404   
      2751:     82530.000000           1           12.3360   
      2752:     82560.000000           1           12.3290   
      2753:     82590.000000           1           12.3252   
      2754:     82620.000000           1           12.3234   
      2755:     82650.000000           1           12.3205   
      2756:     82680.000000           1           12.3185   
      2757:     82710.000000           1           12.3171   
      2758:     82740.000000           1           12.3139   
      2759:     82770.000000           1           12.3115   
      2760:     82800.000000           1           12.3071   
      2761:     82830.000000           1           12.3046   
      2762:     82860.000000           1           12.3015   
      2763:     82890.000000           1           12.2967   
      2764:     82920.000000           1           12.2947   
      2765:     82950.000000           1           12.2882   
      2766:     82980.000000           1           12.2848   
      2767:     83010.000000           1          -31.0795   
      2768:     83040.000000           1          -31.0811   
      2769:     83070.000000           1          -31.0824   
      2770:     83100.000000           1          -31.0869   
      2771:     83130.000000           1          -31.0887   
      2772:     83160.000000           1          -31.0938   
      2773:     83190.000000           1          -31.0960   
      2774:     83220.000000           1           12.2537   
      2775:     83250.000000           1           12.2492   
      2776:     83280.000000           1           12.2468   
      2777:     83310.000000           1           12.2409   
      2778:     83340.000000           1           12.2368   
      2779:     83370.000000           1           12.2362   
      2780:     83400.000000           1           12.2312   
      2781:     83430.000000           1           12.2279   
      2782:     83460.000000           1           12.2248   
      2783:     83490.000000           1           12.2215   
      2784:     83520.000000           1           12.2129   
      2785:     83550.000000           1           12.2093   
      2786:     83580.000000           1           12.2047   
      2787:     83610.000000           1           12.2027   
      2788:     83640.000000           1           12.1971   
      2789:     83670.000000           1           12.1952   
      2790:     83700.000000           1           12.1918   
      2791:     83730.000000           1           12.1905   
      2792:     83760.000000           1           12.1815   
      2793:     83790.000000           1           12.1780   
      2794:     83820.000000           1           12.1769   
      2795:     83850.000000           1           12.1741   
      2796:     83880.000000           1           12.1710   
      2797:     83910.000000           1           12.1674   
      2798:     83940.000000           1           12.1671   
      2799:     83970.000000           1          109.5892   
      2800:     84000.000000           1          109.5835   
      2801:     84030.000000           1          109.5832   
      2802:     84060.000000           1          109.5829   
      2803:     84090.000000           1          109.5826   
      2804:     84120.000000           1          109.5786   
      2805:     84150.000000           1          109.5762   
      2806:     84180.000000           1          109.5761   
      2807:     84210.000000           1          109.5751   
      2808:     84240.000000           1          109.5735   
      2809:     84270.000000           1          109.5712   
      2810:     84300.000000           1          109.5690   
      2811:     84330.000000           1          109.5696   
      2812:     84360.000000           1          109.5671   
      2813:     84390.000000           1          109.5648   
      2814:     84420.000000           1          109.5633   
      2815:     84450.000000           1          109.5593   
      2816:     84480.000000           1          109.5581   
      2817:     84510.000000           1          109.5564   
      2818:     84540.000000           1          109.5526   
      2819:     84570.000000           1           12.1198   
      2820:     84600.000000           1           12.1162   
      2821:     84630.000000           1          109.5435   
      2822:     84660.000000           1           12.1091   
      2823:     84690.000000           1           12.1079   
      2824:     84720.000000           1           12.1061   
      2825:     84750.000000           1          109.5336   
      2826:     84780.000000           1           12.1048   
      2827:     84810.000000           1           12.1037   
      2828:     84840.000000           1           12.1040   
      2829:     84870.000000           1          109.5242   
      2830:     84900.000000           1           12.1010   
      2831:     84930.000000           1           12.0999   
      2832:     84960.000000           1           12.0975   
      2833:     84990.000000           1           12.0945   
      2834:     85020.000000           1           12.0888   
      2835:     85050.000000           1           12.0834   
      2836:     85080.000000           1           12.0807   
      2837:     85110.000000           1           12.0799   
      2838:     85140.000000           1           12.0770   
      2839:     85170.000000           1           12.0751   
      2840:     85200.000000           1           12.0743   
      2841:     85230.000000           1           12.0721   
      2842:     85260.000000           1           12.0701   
      2843:     85290.000000           1           12.0700   
      2844:     85320.000000           1           12.0711   
      2845:     85350.000000           1           12.0699   
      2846:     85380.000000           1           12.0665   
      2847:     85410.000000           1           12.0646   
      2848:     85440.000000           1           12.0619   
      2849:     85470.000000           1           12.0582   
      2850:     85500.000000           1           12.0568   
      2851:     85530.000000           1           12.0552   
      2852:     85560.000000           1           12.0543   
      2853:     85590.000000           1           12.0541   
      2854:     85620.000000           1           12.0521   
      2855:     85650.000000           1           12.0501   
      2856:     85680.000000           1           12.0466   
      2857:     85710.000000           1           12.0449   
      2858:     85740.000000           1           12.0435   
      2859:     85770.000000           1           12.0415   
      2860:     85800.000000           1           12.0392   
      2861:     85830.000000           1           12.0379   
      2862:     85860.000000           1           12.0360   
      2863:     85890.000000           1           12.0352   
      2864:     85920.000000           1           12.0344   
      2865:     85950.000000           1           12.0317   
      2866:     85980.000000           1           12.0295   
      2867:     86010.000000           1           12.0270   
      2868:     86040.000000           1          -31.3238   
      2869:     86070.000000           1           12.0110   
      2870:     86100.000000           1           12.0065   
      2871:     86130.000000           1           12.0032   
      2872:     86160.000000           1           12.0003   
      2873:     86190.000000           1           11.9981   
      2874:     86220.000000           1           11.9956   
      2875:     86250.000000           1          109.4654   
      2876:     86280.000000           1          109.4649   
      2877:     86310.000000           1          109.4630   
      2878:     86340.000000           1          109.4635   
      2879:     86370.000000           1          109.4624   
