       205:      6150.000000           1          142.8931   
       206:      6180.000000           1          142.8686   
       207:      6210.000000           1          142.8393   
       208:      6240.000000           1          142.7945   
       209:      6270.000000           1          142.7676   
       210:      6300.000000           1          142.7462   
       211:      6330.000000           1          142.7585   
       212:      6360.000000           1          142.7806   
       213:      6390.000000           1          142.7794   
       214:      6420.000000           1          142.7936   
       215:      6450.000000           1          142.8026   
       216:      6480.000000           1          142.8080   
       217:      6510.000000           1          142.8198   
       218:      6540.000000           1          142.8166   
       219:      6570.000000           1          142.7848   
       220:      6600.000000           1          142.7755   
       221:      6630.000000           1          142.8021   
       222:      6660.000000           1          142.8034   
       223:      6690.000000           1          142.8127   
       224:      6720.000000           1          142.8155   
       225:      6750.000000           1          142.8245   
       226:      6780.000000           1          142.8089   
       227:      6810.000000           1          142.7957   
       228:      6840.000000           1          142.7945   
       229:      6870.000000           1          142.7971   
       230:      6900.000000           1          142.8052   
       231:      6930.000000           1          142.7913   
       232:      6960.000000           1          142.7960   
       233:      6990.000000           1          142.7907   
       234:      7020.000000           1          142.7925   
       235:      7050.000000           1          142.7730   
       236:      7080.000000           1          142.7603   
       237:      7110.000000           1          142.7458   
       238:      7140.000000           1          142.7226   
       239:      7170.000000           1          142.7069   
       240:      7200.000000           1          142.7096   
       241:      7230.000000           1          142.7381   
       242:      7260.000000           1          142.7517   
       243:      7290.000000           1          142.7932   
       244:      7320.000000           1          142.7916   
       245:      7350.000000           1          142.7492   
       246:      7380.000000           1          142.7230   
       247:      7410.000000           1          142.6782   
       248:      7440.000000           1          142.6340   
       249:      7470.000000           1          142.6257   
       250:      7500.000000           1          142.6313   
       251:      7530.000000           1           59.0337   
       252:      7560.000000           1           59.0312   
       253:      7590.000000           1           59.0809   
       254:      7620.000000           1           59.0851   
       255:      7650.000000           1           59.0716   
       256:      7680.000000           1           59.0305   
       257:      7710.000000           1           59.0308   
       258:      7740.000000           1           59.0316   
       259:      7770.000000           1           59.0152   
       260:      7800.000000           1           58.9991   
       261:      7830.000000           1           59.0171   
       262:      7860.000000           1           59.0541   
       263:      7890.000000           1           59.0685   
       264:      7920.000000           1           59.0903   
       265:      7950.000000           1           59.0720   
       266:      7980.000000           1           59.0889   
       267:      8010.000000           1           59.1093   
       268:      8040.000000           1           59.1284   
       269:      8070.000000           1           59.1511   
       270:      8100.000000           1           59.1557   
       271:      8130.000000           1           59.1718   
       272:      8160.000000           1           59.2170   
       273:      8190.000000           1           59.2695   
       274:      8220.000000           1           59.3051   
       275:      8250.000000           1           59.3312   
       276:      8280.000000           1           59.3705   
       277:      8310.000000           1           59.4032   
       278:      8340.000000           1           59.4281   
       279:      8370.000000           1           59.4317   
       280:      8400.000000           1           59.4376   
       281:      8430.000000           1           59.4445   
       282:      8460.000000           1           59.4639   
       283:      8490.000000           1           59.4658   
       284:      8520.000000           1           59.4468   
       285:      8550.000000           1           59.4254   
       286:      8580.000000           1           59.4091   
       287:      8610.000000           1           59.3983   
       288:      8640.000000           1           59.4019   
       289:      8670.000000           1           59.4125   
       290:      8700.000000           1           59.4185   
       291:      8730.000000           1           59.4222   
       292:      8760.000000           1           59.4437   
       293:      8790.000000           1           59.4548   
       294:      8820.000000           1           59.4569   
       295:      8850.000000           1           59.4601   
       296:      8880.000000           1           59.4214   
       297:      8910.000000           1           59.4199   
       298:      8940.000000           1           59.4239   
       299:      8970.000000           1           59.4176   
       300:      9000.000000           1           59.4060   
       301:      9030.000000           1           59.4001   
       302:      9060.000000           1           59.3836   
       303:      9090.000000           1           59.3738   
       304:      9120.000000           1           59.3783   
       305:      9150.000000           1           59.3774   
       306:      9180.000000           1           59.3667   
       307:      9210.000000           1           59.3547   
       308:      9240.000000           1           59.3439   
       309:      9270.000000           1           59.3224   
       310:      9300.000000           1           59.2952   
       311:      9330.000000           1           59.2606   
       312:      9360.000000           1           59.2301   
       313:      9390.000000           1           59.2029   
       314:      9420.000000           1           59.1858   
       315:      9450.000000           1           59.1979   
       316:      9480.000000           1           59.1804   
       317:      9510.000000           1           59.1770   
       318:      9540.000000           1           59.1699   
       319:      9570.000000           1           59.1715   
       320:      9600.000000           1           59.1763   
       321:      9630.000000           1           59.1747   
       322:      9660.000000           1           59.1888   
       323:      9690.000000           1           59.1971   
       324:      9720.000000           1           59.2086   
       325:      9750.000000           1           59.2129   
       326:      9780.000000           1           59.2073   
       327:      9810.000000           1           59.1982   
       328:      9840.000000           1           59.1979   
       329:      9870.000000           1           59.2095   
       330:      9900.000000           1           59.2170   
       331:      9930.000000           1           59.2113   
       332:      9960.000000           1           59.1941   
       333:      9990.000000           1           59.1903   
       334:     10020.000000           1           59.1829   
       335:     10050.000000           1           59.1850   
       336:     10080.000000           1           59.1808   
       337:     10110.000000           1           59.1885   
       338:     10140.000000           1           59.1906   
       339:     10170.000000           1           59.1862   
       340:     10200.000000           1           59.1732   
       341:     10230.000000           1           59.1578   
       342:     10260.000000           1           59.1598   
       343:     10290.000000           1           59.1526   
       344:     10320.000000           1           59.1536   
       345:     10350.000000           1           59.1467   
       346:     10380.000000           1           59.1533   
       347:     10410.000000           1           59.1645   
       348:     10440.000000           1           59.1746   
       349:     10470.000000           1           59.1727   
       350:     10500.000000           1           59.1823   
       351:     10530.000000           1           59.1834   
       352:     10560.000000           1           59.1999   
       353:     10590.000000           1           59.1909   
       354:     10620.000000           1           59.2037   
       355:     10650.000000           1           59.2049   
       356:     10680.000000           1           59.1869   
       357:     10710.000000           1           59.1576   
       358:     10740.000000           1           59.1418   
       359:     10770.000000           1           59.1281   
       360:     10800.000000           1           59.1146   
       361:     10830.000000           1           59.1184   
       362:     10860.000000           1           59.1258   
       363:     10890.000000           1           59.1139   
       364:     10920.000000           1           59.1087   
       365:     10950.000000           1           59.1004   
       366:     10980.000000           1           59.0916   
       367:     11010.000000           1          112.0732   
       368:     11040.000000           1           59.0672   
       369:     11070.000000           1           59.0616   
       370:     11100.000000           1          112.0557   
       371:     11130.000000           1           59.0540   
       372:     11160.000000           1           59.0523   
       373:     11190.000000           1           59.0536   
       374:     11220.000000           1           59.0544   
       375:     11250.000000           1          112.0990   
       376:     11280.000000           1           59.1162   
       377:     11310.000000           1           59.1111   
       378:     11340.000000           1          112.1582   
       379:     11370.000000           1          112.1644   
       380:     11400.000000           1           59.1737   
       381:     11430.000000           1           59.1816   
       382:     11460.000000           1           59.1876   
       383:     11490.000000           1           59.1744   
       384:     11520.000000           1           59.1728   
       385:     11550.000000           1           59.1874   
       386:     11580.000000           1           59.1730   
       387:     11610.000000           1          112.1848   
       388:     11640.000000           1           59.1448   
       389:     11670.000000           1          112.1720   
       390:     11700.000000           1           59.1474   
       391:     11730.000000           1           59.1547   
       392:     11760.000000           1           59.1442   
       393:     11790.000000           1           59.1425   
       394:     11820.000000           1           59.1545   
       395:     11850.000000           1          112.2111   
       396:     11880.000000           1          112.2115   
       397:     11910.000000           1          112.2019   
       398:     11940.000000           1          112.2004   
       399:     11970.000000           1          112.1943   
       400:     12000.000000           1          112.1994   
       401:     12030.000000           1          112.2014   
       402:     12060.000000           1          112.2001   
       403:     12090.000000           1          112.2014   
       404:     12120.000000           1          112.1941   
       405:     12150.000000           1          112.1970   
       406:     12180.000000           1          -24.0436   
       407:     12210.000000           1          -24.0476   
       408:     12240.000000           1          -24.0393   
       409:     12270.000000           1          -24.0279   
       410:     12300.000000           1          -24.0035   
       411:     12330.000000           1          -23.9983   
       412:     12360.000000           1          -23.9990   
       413:     12390.000000           1          -24.0041   
       414:     12420.000000           1          -23.9975   
       415:     12450.000000           1          -23.9859   
       416:     12480.000000           1          -23.9597   
       417:     12510.000000           1          -23.9488   
       418:     12540.000000           1          -23.9418   
       419:     12570.000000           1          -23.9449   
       420:     12600.000000           1          -23.9471   
       421:     12630.000000           1          -23.9393   
       422:     12660.000000           1          -23.9374   
       423:     12690.000000           1          -23.9279   
       424:     12720.000000           1          -23.9201   
       425:     12750.000000           1          -23.9251   
       426:     12780.000000           1          -23.9131   
       427:     12810.000000           1          -23.9068   
       428:     12840.000000           1          -23.8971   
       429:     12870.000000           1          -23.8900   
       430:     12900.000000           1          -23.8752   
       431:     12930.000000           1          -23.8629   
       432:     12960.000000           1          -23.8597   
       433:     12990.000000           1          112.4332   
       434:     13020.000000           1          112.4312   
       435:     13050.000000           1          112.4305   
       436:     13080.000000           1           59.3886   
       437:     13110.000000           1          112.4466   
       438:     13140.000000           1          112.4417   
       439:     13170.000000           1          112.4475   
       440:     13200.000000           1          112.4726   
       441:     13230.000000           1           59.4210   
       442:     13260.000000           1          112.4826   
       443:     13290.000000           1           59.4272   
       444:     13320.000000           1          112.4780   
       445:     13350.000000           1          112.4817   
       446:     13380.000000           1          112.4884   
       447:     13410.000000           1          112.4772   
       448:     13440.000000           1          112.4777   
       449:     13470.000000           1          112.4819   
       450:     13500.000000           1          112.4862   
       451:     13530.000000           1          112.4989   
       452:     13560.000000           1          112.4949   
       453:     13590.000000           1          112.4832   
       454:     13620.000000           1          112.4854   
       455:     13650.000000           1          112.4823   
       456:     13680.000000           1          112.4747   
       457:     13710.000000           1          112.4613   
       458:     13740.000000           1          112.4419   
       459:     13770.000000           1          112.4371   
       460:     13800.000000           1          112.4454   
       461:     13830.000000           1          112.4468   
       462:     13860.000000           1          112.4531   
       463:     13890.000000           1          112.4607   
       464:     13920.000000           1          112.4661   
       465:     13950.000000           1          112.4644   
       466:     13980.000000           1          112.4534   
       467:     14010.000000           1          112.4630   
       468:     14040.000000           1          112.4779   
       469:     14070.000000           1          112.4708   
       470:     14100.000000           1          112.4864   
       471:     14130.000000           1          112.5233   
       472:     14160.000000           1          112.5182   
       473:     14190.000000           1          112.5167   
       474:     14220.000000           1          112.5158   
       475:     14250.000000           1          112.5111   
       476:     14280.000000           1          112.5220   
       477:     14310.000000           1          112.5205   
       478:     14340.000000           1          112.5178   
       479:     14370.000000           1          112.5218   
       480:     14400.000000           1           59.4338   
       481:     14430.000000           1          112.4941   
       482:     14460.000000           1           59.4249   
       483:     14490.000000           1          112.4572   
       484:     14520.000000           1           59.3691   
       485:     14550.000000           1          112.4242   
       486:     14580.000000           1          112.4213   
       487:     14610.000000           1          112.4239   
       488:     14640.000000           1          112.4278   
       489:     14670.000000           1          -23.8447   
       490:     14700.000000           1          -23.8376   
       491:     14730.000000           1          112.4413   
       492:     14760.000000           1          112.4327   
       493:     14790.000000           1          112.4253   
       494:     14820.000000           1          112.4248   
       495:     14850.000000           1          112.4137   
       496:     14880.000000           1          112.4133   
       497:     14910.000000           1          112.4236   
       498:     14940.000000           1          112.4193   
       499:     14970.000000           1          112.4212   
       500:     15000.000000           1          112.4179   
       501:     15030.000000           1          112.4130   
       502:     15060.000000           1          112.4285   
       503:     15090.000000           1          112.4249   
       504:     15120.000000           1          -23.8457   
       505:     15150.000000           1          112.4850   
       506:     15180.000000           1          112.4869   
       507:     15210.000000           1          112.4998   
       508:     15240.000000           1          112.4963   
       509:     15270.000000           1          112.5015   
       510:     15300.000000           1          112.4866   
       511:     15330.000000           1          112.4951   
       512:     15360.000000           1           59.3934   
       513:     15390.000000           1           59.3791   
       514:     15420.000000           1           59.3879   
       515:     15450.000000           1           59.3886   
       516:     15480.000000           1           59.3928   
       517:     15510.000000           1           59.3926   
       518:     15540.000000           1           59.4038   
       519:     15570.000000           1           59.4057   
       520:     15600.000000           1           59.4081   
       521:     15630.000000           1           59.4111   
       522:     15660.000000           1           59.4217   
       523:     15690.000000           1           59.4221   
       524:     15720.000000           1           59.4393   
       525:     15750.000000           1           59.4474   
       526:     15780.000000           1           59.4675   
       527:     15810.000000           1           59.4659   
       528:     15840.000000           1           59.4870   
       529:     15870.000000           1           59.4913   
       530:     15900.000000           1           59.5023   
       531:     15930.000000           1           59.5020   
       532:     15960.000000           1           59.4947   
       533:     15990.000000           1           59.4942   
       534:     16020.000000           1           59.4876   
       535:     16050.000000           1           59.4864   
       536:     16080.000000           1           59.4917   
       537:     16110.000000           1           59.4750   
       538:     16140.000000           1           59.4764   
       539:     16170.000000           1           59.4660   
       540:     16200.000000           1           59.4756   
       541:     16230.000000           1           59.4747   
       542:     16260.000000           1           59.4702   
       543:     16290.000000           1           59.4638   
       544:     16320.000000           1           59.4521   
       545:     16350.000000           1           59.4560   
       546:     16380.000000           1           59.4618   
       547:     16410.000000           1           59.4644   
       548:     16440.000000           1           59.4852   
       549:     16470.000000           1           59.4862   
       550:     16500.000000           1           59.5053   
       551:     16530.000000           1           59.5130   
       552:     16560.000000           1           59.5136   
       553:     16590.000000           1           59.5109   
       554:     16620.000000           1           59.5242   
       555:     16650.000000           1           59.5232   
       556:     16680.000000           1           59.5341   
       557:     16710.000000           1           59.5405   
       558:     16740.000000           1           59.5459   
       559:     16770.000000           1           59.5460   
       560:     16800.000000           1           59.5468   
       561:     16830.000000           1           59.5502   
       562:     16860.000000           1           59.5633   
       563:     16890.000000           1           59.5563   
       564:     16920.000000           1           59.5637   
       565:     16950.000000           1           59.5590   
       566:     16980.000000           1           59.5573   
       567:     17010.000000           1           59.5608   
       568:     17040.000000           1           59.5609   
       569:     17070.000000           1           59.5679   
       570:     17100.000000           1           59.5670   
       571:     17130.000000           1           59.5674   
       572:     17160.000000           1           59.5722   
       573:     17190.000000           1           59.5695   
       574:     17220.000000           1           59.5732   
       575:     17250.000000           1           59.5705   
       576:     17280.000000           1           59.5679   
       577:     17310.000000           1           59.5714   
       578:     17340.000000           1           59.5728   
       579:     17370.000000           1           59.5716   
       580:     17400.000000           1           59.5697   
       581:     17430.000000           1           59.5618   
       582:     17460.000000           1           59.5563   
       583:     17490.000000           1           59.5549   
       584:     17520.000000           1           59.5622   
       585:     17550.000000           1           59.5680   
       586:     17580.000000           1           59.5763   
       587:     17610.000000           1           59.5914   
       588:     17640.000000           1           59.5894   
       589:     17670.000000           1           59.5739   
       590:     17700.000000           1           59.5688   
       591:     17730.000000           1           59.5589   
       592:     17760.000000           1           59.5597   
       593:     17790.000000           1           59.5569   
       594:     17820.000000           1           59.5496   
       595:     17850.000000           1           59.5456   
       596:     17880.000000           1           59.5537   
       597:     17910.000000           1           59.5604   
       598:     17940.000000           1           59.5601   
       599:     17970.000000           1           59.5779   
       600:     18000.000000           1           59.6056   
       601:     18030.000000           1           59.6129   
       602:     18060.000000           1           59.6223   
       603:     18090.000000           1           59.6271   
       604:     18120.000000           1           59.6260   
       605:     18150.000000           1           59.6328   
       606:     18180.000000           1           59.6325   
       607:     18210.000000           1           59.6333   
       608:     18240.000000           1           59.6264   
       609:     18270.000000           1           59.6289   
       610:     18300.000000           1           59.6318   
       611:     18330.000000           1           59.6252   
       612:     18360.000000           1           59.6234   
       613:     18390.000000           1           59.6194   
       614:     18420.000000           1           59.6177   
       615:     18450.000000           1           59.6161   
       616:     18480.000000           1           59.6278   
       617:     18510.000000           1           59.6308   
       618:     18540.000000           1           59.6151   
       619:     18570.000000           1           59.6257   
       620:     18600.000000           1           59.6336   
       621:     18630.000000           1           59.6434   
       622:     18660.000000           1           59.6393   
       623:     18690.000000           1           59.6471   
       624:     18720.000000           1           59.6524   
       625:     18750.000000           1           59.6780   
       626:     18780.000000           1           59.6991   
       627:     18810.000000           1           59.7098   
       628:     18840.000000           1           59.7179   
       629:     18870.000000           1         -440.0353   
       630:     18900.000000           1         -440.0356   
       631:     18930.000000           1         -440.0248   
       632:     18960.000000           1         -440.0654   
       633:     18990.000000           1         -440.0463   
       634:     19020.000000           1         -440.0021   
       635:     19050.000000           1         -439.9631   
       636:     19080.000000           1         -439.9238   
       637:     19110.000000           1         -439.8983   
       638:     19140.000000           1         -439.8660   
       639:     19170.000000           1         -439.8527   
       640:     19200.000000           1         -439.8419   
       641:     19230.000000           1         -439.8418   
       642:     19260.000000           1         -439.8468   
       643:     19290.000000           1         -439.8532   
       644:     19320.000000           1         -439.8605   
       645:     19350.000000           1         -439.8521   
       646:     19380.000000           1         -439.8663   
       647:     19410.000000           1         -439.8631   
       648:     19440.000000           1         -439.8677   
       649:     19470.000000           1          113.0800   
       650:     19500.000000           1         -439.9429   
       651:     19530.000000           1         -439.9694   
       652:     19560.000000           1         -440.0230   
       653:     19590.000000           1         -440.0163   
       654:     19620.000000           1         -439.9740   
       655:     19650.000000           1         -439.9163   
       656:     19680.000000           1          113.1205   
       657:     19710.000000           1         -439.5520   
       658:     19740.000000           1         -439.6553   
       659:     19770.000000           1         -439.6926   
       660:     19800.000000           1         -439.6878   
       661:     19830.000000           1         -439.6993   
       662:     19860.000000           1         -439.6522   
       663:     19890.000000           1         -439.6230   
       664:     19920.000000           1         -439.6060   
       665:     19950.000000           1         -439.5999   
       666:     19980.000000           1           59.9032   
       667:     20010.000000           1           59.9109   
       668:     20040.000000           1           59.9131   
       669:     20070.000000           1           59.9150   
       670:     20100.000000           1           59.9160   
       671:     20130.000000           1           59.9242   
       672:     20160.000000           1           59.9299   
       673:     20190.000000           1           59.9327   
       674:     20220.000000           1           59.9360   
       675:     20250.000000           1           59.9385   
       676:     20280.000000           1           59.9455   
       677:     20310.000000           1           59.9462   
       678:     20340.000000           1           59.9530   
       679:     20370.000000           1           59.9705   
       680:     20400.000000           1           59.9688   
       681:     20430.000000           1           59.9654   
       682:     20460.000000           1           59.9698   
       683:     20490.000000           1           59.9734   
       684:     20520.000000           1           59.9809   
       685:     20550.000000           1         -439.6101   
       686:     20580.000000           1         -439.6094   
       687:     20610.000000           1         -439.6088   
       688:     20640.000000           1         -439.6174   
       689:     20670.000000           1         -439.6173   
       690:     20700.000000           1         -439.6116   
       691:     20730.000000           1         -439.6155   
       692:     20760.000000           1         -439.6086   
       693:     20790.000000           1         -439.6155   
       694:     20820.000000           1         -439.6243   
       695:     20850.000000           1         -439.6364   
       696:     20880.000000           1          113.3634   
       697:     20910.000000           1         -439.6556   
       698:     20940.000000           1         -439.6483   
       699:     20970.000000           1         -439.6437   
       700:     21000.000000           1         -439.6413   
       701:     21030.000000           1         -439.6339   
       702:     21060.000000           1         -439.6240   
       703:     21090.000000           1          113.4422   
       704:     21120.000000           1         -439.5868   
       705:     21150.000000           1         -439.5759   
       706:     21180.000000           1         -439.5748   
       707:     21210.000000           1         -439.5624   
       708:     21240.000000           1         -439.5606   
       709:     21270.000000           1         -439.5505   
       710:     21300.000000           1         -439.5480   
       711:     21330.000000           1         -439.5529   
       712:     21360.000000           1         -439.5427   
       713:     21390.000000           1         -439.5403   
       714:     21420.000000           1         -439.5202   
       715:     21450.000000           1         -439.5097   
      2016:     60480.000000           1         -191.6592   
      2017:     60510.000000           1         -191.6636   
      2018:     60540.000000           1         -191.6642   
      2019:     60570.000000           1         -191.6655   
      2020:     60600.000000           1         -191.6653   
      2021:     60630.000000           1         -191.6660   
      2022:     60660.000000           1         -329.5075   
      2023:     60690.000000           1         -329.5065   
      2024:     60720.000000           1         -191.6679   
      2025:     60750.000000           1         -329.5003   
      2026:     60780.000000           1         -191.6696   
      2027:     60810.000000           1         -329.5097   
      2028:     60840.000000           1         -329.5118   
      2029:     60870.000000           1         -191.6777   
      2030:     60900.000000           1         -191.6776   
      2031:     60930.000000           1         -191.6771   
      2032:     60960.000000           1         -191.6742   
      2033:     60990.000000           1         -191.6713   
      2034:     61020.000000           1         -191.6698   
      2035:     61050.000000           1         -329.4993   
      2036:     61080.000000           1         -329.5010   
      2037:     61110.000000           1         -329.5007   
      2038:     61140.000000           1         -191.6750   
      2039:     61170.000000           1         -329.5092   
      2040:     61200.000000           1         -329.5139   
      2041:     61230.000000           1         -329.5163   
      2042:     61260.000000           1         -329.5162   
      2043:     61290.000000           1           64.5290   
      2044:     61320.000000           1           64.6198   
      2045:     61350.000000           1           64.6203   
      2046:     61380.000000           1         -329.5244   
      2047:     61410.000000           1           64.6768   
      2048:     61440.000000           1           64.7155   
      2049:     61470.000000           1         -329.5077   
      2050:     61500.000000           1           64.7708   
      2051:     61530.000000           1           64.7924   
      2052:     61560.000000           1         -329.5154   
      2053:     61590.000000           1           64.8417   
      2054:     61620.000000           1         -329.5220   
      2055:     61650.000000           1           65.0909   
      2056:     61680.000000           1           65.1734   
      2057:     61710.000000           1           65.2518   
      2058:     61740.000000           1           65.2728   
      2059:     61770.000000           1           65.2910   
      2060:     61800.000000           1           65.3537   
      2061:     61830.000000           1           65.3488   
      2062:     61860.000000           1           65.3578   
      2063:     61890.000000           1           65.3607   
      2064:     61920.000000           1           65.3677   
      2065:     61950.000000           1           65.3675   
      2066:     61980.000000           1           65.3941   
      2067:     62010.000000           1           65.3947   
      2068:     62040.000000           1           65.4160   
      2069:     62070.000000           1           65.4200   
      2070:     62100.000000           1           65.4309   
      2071:     62130.000000           1         -329.4959   
      2072:     62160.000000           1           65.4263   
      2073:     62190.000000           1           65.4235   
      2074:     62220.000000           1           65.4132   
      2075:     62250.000000           1           65.4035   
      2076:     62280.000000           1         -329.4935   
      2077:     62310.000000           1           65.3857   
      2078:     62340.000000           1           65.3778   
      2079:     62370.000000           1         -329.4946   
      2080:     62400.000000           1           65.3465   
      2081:     62430.000000           1           65.3370   
      2082:     62460.000000           1           65.3302   
      2083:     62490.000000           1           65.3212   
      2084:     62520.000000           1           65.3160   
      2085:     62550.000000           1           65.3112   
      2086:     62580.000000           1           65.3048   
      2087:     62610.000000           1           65.3002   
      2088:     62640.000000           1           65.2974   
      2089:     62670.000000           1           65.2932   
      2090:     62700.000000           1           65.2912   
      2091:     62730.000000           1           65.2778   
      2092:     62760.000000           1           65.2629   
      2093:     62790.000000           1         -329.5012   
      2094:     62820.000000           1         -329.5011   
      2095:     62850.000000           1         -329.5024   
      2096:     62880.000000           1         -329.5039   
      2097:     62910.000000           1         -329.5028   
      2098:     62940.000000           1         -329.5038   
      2099:     62970.000000           1         -329.5006   
      2100:     63000.000000           1         -329.4991   
      2101:     63030.000000           1         -329.4968   
      2102:     63060.000000           1         -191.6666   
      2103:     63090.000000           1         -329.4917   
      2104:     63120.000000           1         -329.4871   
      2105:     63150.000000           1         -329.4874   
      2106:     63180.000000           1         -329.4858   
      2107:     63210.000000           1         -329.4846   
      2108:     63240.000000           1         -329.4831   
      2109:     63270.000000           1         -329.4817   
      2110:     63300.000000           1         -329.4810   
      2111:     63330.000000           1         -329.4783   
      2112:     63360.000000           1         -329.4750   
      2113:     63390.000000           1         -329.4748   
      2114:     63420.000000           1         -329.4720   
      2115:     63450.000000           1         -329.4709   
      2116:     63480.000000           1         -329.4690   
      2117:     63510.000000           1         -329.4657   
      2118:     63540.000000           1         -329.4631   
      2119:     63570.000000           1           65.1269   
      2120:     63600.000000           1           65.1303   
      2121:     63630.000000           1           65.1453   
      2122:     63660.000000           1           65.1585   
      2123:     63690.000000           1           65.1695   
      2124:     63720.000000           1           65.1741   
      2125:     63750.000000           1           65.1796   
      2126:     63780.000000           1           65.1852   
      2127:     63810.000000           1           65.1870   
      2128:     63840.000000           1           65.1872   
      2129:     63870.000000           1           65.1883   
      2130:     63900.000000           1           65.1905   
      2131:     63930.000000           1           65.1896   
      2132:     63960.000000           1           65.1933   
      2133:     63990.000000           1           65.1922   
      2134:     64020.000000           1           65.1908   
      2135:     64050.000000           1           65.1928   
      2136:     64080.000000           1           65.1914   
      2137:     64110.000000           1           65.1922   
      2138:     64140.000000           1           65.1906   
      2139:     64170.000000           1           65.1887   
      2140:     64200.000000           1           65.1849   
      2141:     64230.000000           1           65.1777   
      2142:     64260.000000           1           65.1747   
      2143:     64290.000000           1           65.1716   
      2144:     64320.000000           1           65.1661   
      2145:     64350.000000           1           65.1619   
      2146:     64380.000000           1           65.1547   
      2147:     64410.000000           1           65.1498   
      2148:     64440.000000           1           65.1451   
      2149:     64470.000000           1           65.1443   
      2150:     64500.000000           1           65.1472   
      2151:     64530.000000           1           65.1504   
      2152:     64560.000000           1           65.1537   
      2153:     64590.000000           1           65.1556   
      2154:     64620.000000           1           65.1589   
      2155:     64650.000000           1           65.1576   
      2156:     64680.000000           1           65.1600   
      2157:     64710.000000           1           65.1606   
      2158:     64740.000000           1           65.1636   
      2159:     64770.000000           1           65.1699   
      2160:     64800.000000           1           65.1729   
      2161:     64830.000000           1           65.1757   
      2162:     64860.000000           1           65.1834   
      2163:     64890.000000           1           65.1853   
      2164:     64920.000000           1           65.1846   
      2165:     64950.000000           1           65.1864   
      2166:     64980.000000           1           65.1850   
      2167:     65010.000000           1           65.1860   
      2168:     65040.000000           1           65.1820   
      2169:     65070.000000           1         -254.7329   
      2170:     65100.000000           1         -254.7138   
      2171:     65130.000000           1           65.1875   
      2172:     65160.000000           1         -254.6688   
      2173:     65190.000000           1         -254.6464   
      2174:     65220.000000           1         -254.6257   
      2175:     65250.000000           1         -254.6184   
      2176:     65280.000000           1         -254.6175   
      2177:     65310.000000           1         -254.6107   
      2178:     65340.000000           1         -254.6055   
      2179:     65370.000000           1         -254.6047   
      2180:     65400.000000           1         -254.5978   
      2181:     65430.000000           1         -254.5935   
      2182:     65460.000000           1         -254.5823   
      2183:     65490.000000           1         -254.5684   
      2184:     65520.000000           1         -254.5561   
      2185:     65550.000000           1         -329.4245   
      2186:     65580.000000           1         -329.4237   
      2187:     65610.000000           1         -296.4968   
      2188:     65640.000000           1         -296.5420   
      2189:     65670.000000           1         -329.4110   
      2190:     65700.000000           1         -296.3978   
      2191:     65730.000000           1         -296.3493   
      2192:     65760.000000           1         -296.3501   
      2193:     65790.000000           1         -296.3511   
      2194:     65820.000000           1         -296.3653   
      2195:     65850.000000           1         -296.3721   
      2196:     65880.000000           1         -296.3838   
      2197:     65910.000000           1         -296.3770   
      2198:     65940.000000           1         -296.3697   
      2199:     65970.000000           1         -296.3627   
      2200:     66000.000000           1         -296.3236   
      2201:     66030.000000           1         -296.2897   
      2202:     66060.000000           1         -296.2816   
      2203:     66090.000000           1         -296.2792   
      2204:     66120.000000           1         -296.2816   
      2205:     66150.000000           1         -329.3840   
      2206:     66180.000000           1         -296.3668   
      2207:     66210.000000           1         -296.3458   
      2208:     66240.000000           1         -296.3735   
      2209:     66270.000000           1         -296.3968   
      2210:     66300.000000           1         -296.3906   
      2211:     66330.000000           1         -296.3465   
      2212:     66360.000000           1         -296.3488   
      2213:     66390.000000           1         -296.3700   
      2214:     66420.000000           1         -296.3814   
      2215:     66450.000000           1         -296.3865   
      2216:     66480.000000           1         -296.3923   
      2217:     66510.000000           1         -296.3974   
      2218:     66540.000000           1         -296.4046   
      2219:     66570.000000           1         -329.3811   
      2220:     66600.000000           1          170.6827   
      2221:     66630.000000           1         -329.3747   
      2222:     66660.000000           1         -329.3725   
      2223:     66690.000000           1         -329.3702   
      2224:     66720.000000           1         -329.3704   
      2225:     66750.000000           1         -329.3706   
      2226:     66780.000000           1         -329.3740   
      2227:     66810.000000           1         -329.3724   
      2228:     66840.000000           1         -329.3752   
      2229:     66870.000000           1         -329.3747   
      2230:     66900.000000           1         -329.3741   
      2231:     66930.000000           1         -329.3742   
      2232:     66960.000000           1         -329.3753   
      2233:     66990.000000           1         -329.3727   
      2234:     67020.000000           1         -329.3739   
      2235:     67050.000000           1          170.6138   
      2236:     67080.000000           1          170.6106   
      2237:     67110.000000           1          170.6073   
      2238:     67140.000000           1          170.6051   
      2239:     67170.000000           1          170.6025   
      2240:     67200.000000           1          170.6036   
      2241:     67230.000000           1          170.6055   
      2242:     67260.000000           1          170.6025   
      2243:     67290.000000           1          170.6024   
      2244:     67320.000000           1          170.6027   
      2245:     67350.000000           1         -329.3807   
      2246:     67380.000000           1         -329.3796   
      2247:     67410.000000           1         -329.3793   
      2248:     67440.000000           1         -329.3816   
      2249:     67470.000000           1         -329.3822   
      2250:     67500.000000           1         -329.3811   
      2251:     67530.000000           1         -329.3818   
      2252:     67560.000000           1         -329.3794   
      2253:     67590.000000           1         -329.3809   
      2254:     67620.000000           1         -329.3813   
      2255:     67650.000000           1         -329.3780   
      2256:     67680.000000           1         -329.3779   
      2257:     67710.000000           1         -329.3763   
      2258:     67740.000000           1         -329.3749   
      2259:     67770.000000           1         -329.3750   
      2260:     67800.000000           1         -329.3738   
      2261:     67830.000000           1           65.2852   
      2262:     67860.000000           1           65.2865   
      2263:     67890.000000           1           65.2909   
      2264:     67920.000000           1           65.2866   
      2265:     67950.000000           1           65.2854   
      2266:     67980.000000           1           65.2859   
      2267:     68010.000000           1           65.2829   
      2268:     68040.000000           1           65.2854   
      2269:     68070.000000           1           65.2855   
      2270:     68100.000000           1           65.2838   
      2271:     68130.000000           1           65.2845   
      2272:     68160.000000           1           65.2870   
      2273:     68190.000000           1           65.2847   
      2274:     68220.000000           1           65.2873   
      2275:     68250.000000           1           65.2864   
      2276:     68280.000000           1           65.2867   
      2277:     68310.000000           1           65.2839   
      2278:     68340.000000           1           65.2851   
      2279:     68370.000000           1           65.2861   
      2280:     68400.000000           1           65.2841   
      2281:     68430.000000           1           65.2856   
      2282:     68460.000000           1           65.2857   
      2283:     68490.000000           1           65.2848   
      2284:     68520.000000           1           65.2825   
      2285:     68550.000000           1           65.2819   
      2286:     68580.000000           1           65.2814   
      2287:     68610.000000           1         -329.3763   
      2288:     68640.000000           1         -329.3731   
      2289:     68670.000000           1         -329.3744   
      2290:     68700.000000           1         -329.3777   
      2291:     68730.000000           1         -329.3821   
      2292:     68760.000000           1         -329.3834   
      2293:     68790.000000           1         -329.3839   
      2294:     68820.000000           1         -329.3840   
      2295:     68850.000000           1         -329.3829   
      2296:     68880.000000           1         -329.3828   
      2297:     68910.000000           1         -329.3817   
      2298:     68940.000000           1         -329.3827   
      2299:     68970.000000           1         -329.3824   
      2300:     69000.000000           1         -329.3812   
      2301:     69030.000000           1         -329.3779   
      2302:     69060.000000           1         -329.3749   
      2303:     69090.000000           1         -329.3716   
      2304:     69120.000000           1         -329.3714   
      2305:     69150.000000           1         -329.3744   
      2306:     69180.000000           1         -329.3785   
      2307:     69210.000000           1         -329.3808   
      2308:     69240.000000           1         -329.3809   
      2309:     69270.000000           1         -329.3812   
      2310:     69300.000000           1         -329.3813   
      2311:     69330.000000           1         -329.3805   
      2312:     69360.000000           1         -329.3805   
      2313:     69390.000000           1         -329.3808   
      2314:     69420.000000           1         -329.3824   
      2315:     69450.000000           1         -329.3854   
      2316:     69480.000000           1         -329.3869   
      2317:     69510.000000           1         -329.3860   
      2318:     69540.000000           1         -329.3861   
      2319:     69570.000000           1         -329.3880   
      2320:     69600.000000           1         -329.3886   
      2321:     69630.000000           1           65.2600   
      2322:     69660.000000           1           65.2646   
      2323:     69690.000000           1           65.2620   
      2324:     69720.000000           1           65.2634   
      2325:     69750.000000           1           65.2628   
      2326:     69780.000000           1           65.2628   
      2327:     69810.000000           1           65.2614   
      2328:     69840.000000           1           65.2614   
      2329:     69870.000000           1           65.2575   
      2330:     69900.000000           1           65.2554   
      2331:     69930.000000           1           65.2556   
      2332:     69960.000000           1           65.2525   
      2333:     69990.000000           1           65.2550   
      2334:     70020.000000           1           65.2559   
      2335:     70050.000000           1           65.2568   
      2336:     70080.000000           1           65.2581   
      2337:     70110.000000           1           65.2601   
      2338:     70140.000000           1          170.5015   
      2339:     70170.000000           1           65.2569   
      2340:     70200.000000           1           65.2558   
      2341:     70230.000000           1           65.2558   
      2342:     70260.000000           1           65.2580   
      2343:     70290.000000           1           65.2557   
      2344:     70320.000000           1           65.2579   
      2345:     70350.000000           1           65.2579   
      2346:     70380.000000           1           65.2563   
      2347:     70410.000000           1           65.2534   
      2348:     70440.000000           1           65.2513   
      2349:     70470.000000           1           65.2475   
      2350:     70500.000000           1           65.2466   
      2351:     70530.000000           1           65.2438   
      2352:     70560.000000           1         -330.4982   
      2353:     70590.000000           1         -330.4925   
      2354:     70620.000000           1         -330.4891   
      2355:     70650.000000           1         -330.4806   
      2356:     70680.000000           1         -330.4676   
      2357:     70710.000000           1         -330.4536   
      2358:     70740.000000           1         -330.4493   
      2359:     70770.000000           1         -330.4436   
      2360:     70800.000000           1         -330.4482   
      2361:     70830.000000           1         -330.4482   
      2362:     70860.000000           1         -330.4523   
      2363:     70890.000000           1         -330.4545   
      2364:     70920.000000           1         -330.4597   
      2365:     70950.000000           1         -330.4585   
      2366:     70980.000000           1         -330.4570   
      2367:     71010.000000           1         -330.4543   
      2368:     71040.000000           1         -330.4531   
      2369:     71070.000000           1         -330.4540   
      2370:     71100.000000           1         -330.4529   
      2371:     71130.000000           1         -330.4500   
      2372:     71160.000000           1         -330.4470   
      2373:     71190.000000           1         -330.4445   
      2374:     71220.000000           1         -330.4419   
      2375:     71250.000000           1         -330.4392   
      2376:     71280.000000           1         -330.4389   
      2377:     71310.000000           1         -330.4428   
      2378:     71340.000000           1         -330.4433   
      2379:     71370.000000           1         -330.4460   
      2380:     71400.000000           1         -330.4509   
      2381:     71430.000000           1         -330.4563   
      2382:     71460.000000           1         -330.4574   
      2383:     71490.000000           1         -330.4599   
      2384:     71520.000000           1         -330.4613   
      2385:     71550.000000           1         -330.4619   
      2386:     71580.000000           1         -330.4647   
      2387:     71610.000000           1         -330.4626   
      2388:     71640.000000           1         -330.4653   
      2389:     71670.000000           1         -330.4642   
      2390:     71700.000000           1         -330.4636   
      2391:     71730.000000           1         -330.4646   
      2392:     71760.000000           1         -330.4649   
      2393:     71790.000000           1         -330.4659   
      2394:     71820.000000           1         -330.4648   
      2395:     71850.000000           1         -330.4636   
      2396:     71880.000000           1         -330.4602   
      2397:     71910.000000           1         -330.4592   
      2398:     71940.000000           1         -330.4593   
      2399:     71970.000000           1         -330.4572   
      2400:     72000.000000           1         -330.4571   
      2401:     72030.000000           1          170.5031   
      2402:     72060.000000           1          170.5024   
      2403:     72090.000000           1          170.5009   
      2404:     72120.000000           1          170.4995   
      2405:     72150.000000           1          170.4975   
      2406:     72180.000000           1          170.4973   
      2407:     72210.000000           1          170.4958   
      2408:     72240.000000           1          170.4936   
      2409:     72270.000000           1          170.4926   
      2410:     72300.000000           1          170.4912   
      2411:     72330.000000           1          170.4930   
      2412:     72360.000000           1         -191.5748   
      2413:     72390.000000           1          170.4920   
      2414:     72420.000000           1         -191.5744   
      2415:     72450.000000           1         -191.5727   
      2416:     72480.000000           1         -191.5719   
      2417:     72510.000000           1         -191.5734   
      2418:     72540.000000           1         -191.5741   
      2419:     72570.000000           1         -191.5787   
      2420:     72600.000000           1         -191.5805   
      2421:     72630.000000           1         -191.5815   
      2422:     72660.000000           1          170.4747   
      2423:     72690.000000           1          170.4750   
      2424:     72720.000000           1          170.4733   
      2425:     72750.000000           1          170.4728   
      2426:     72780.000000           1          170.4711   
      2427:     72810.000000           1          170.4723   
      2428:     72840.000000           1          170.4702   
      2429:     72870.000000           1          170.4682   
      2430:     72900.000000           1          170.4684   
      2431:     72930.000000           1          170.4670   
      2432:     72960.000000           1          170.4664   
      2433:     72990.000000           1          170.4702   
      2434:     73020.000000           1          170.4661   
      2435:     73050.000000           1          170.4618   
      2436:     73080.000000           1          170.4623   
      2437:     73110.000000           1          170.4624   
      2438:     73140.000000           1          170.4635   
      2439:     73170.000000           1          170.4613   
      2440:     73200.000000           1          170.4587   
      2441:     73230.000000           1          170.4576   
      2442:     73260.000000           1          170.4552   
      2443:     73290.000000           1          170.4543   
      2444:     73320.000000           1          170.4501   
      2445:     73350.000000           1          170.4463   
      2446:     73380.000000           1          170.4425   
      2447:     73410.000000           1          170.4399   
      2448:     73440.000000           1          170.4382   
      2449:     73470.000000           1          170.4379   
      2450:     73500.000000           1          170.4402   
      2451:     73530.000000           1           65.2076   
      2452:     73560.000000           1           65.2062   
      2453:     73590.000000           1           65.2019   
      2454:     73620.000000           1           65.1995   
      2455:     73650.000000           1           65.1997   
      2456:     73680.000000           1           65.1985   
      2457:     73710.000000           1           65.1984   
      2458:     73740.000000           1           65.1980   
      2459:     73770.000000           1           65.1965   
      2460:     73800.000000           1           65.1977   
      2461:     73830.000000           1           65.1974   
      2462:     73860.000000           1           65.1950   
      2463:     73890.000000           1           65.1933   
      2464:     73920.000000           1           65.1895   
      2465:     73950.000000           1           65.1859   
      2466:     73980.000000           1           65.1832   
      2467:     74010.000000           1           65.1826   
      2468:     74040.000000           1           65.1838   
      2469:     74070.000000           1           65.1848   
      2470:     74100.000000           1           65.1840   
      2471:     74130.000000           1           65.1819   
      2472:     74160.000000           1           65.1799   
      2473:     74190.000000           1           65.1776   
      2474:     74220.000000           1           65.1763   
      2475:     74250.000000           1           65.1768   
      2476:     74280.000000           1           65.1742   
      2477:     74310.000000           1           65.1743   
      2478:     74340.000000           1           65.1714   
      2479:     74370.000000           1           65.1706   
      2480:     74400.000000           1           65.1650   
      2481:     74430.000000           1           65.1616   
      2482:     74460.000000           1           65.1584   
      2483:     74490.000000           1           65.1569   
      2484:     74520.000000           1           65.1553   
      2485:     74550.000000           1           65.1551   
      2486:     74580.000000           1           65.1511   
      2487:     74610.000000           1           65.1478   
      2488:     74640.000000           1           65.1428   
      2489:     74670.000000           1           65.1408   
      2490:     74700.000000           1           65.1385   
      2491:     74730.000000           1           65.1374   
      2492:     74760.000000           1           65.1348   
      2493:     74790.000000           1           65.1330   
      2494:     74820.000000           1           65.1315   
      2495:     74850.000000           1           65.1307   
      2496:     74880.000000           1           65.1294   
      2497:     74910.000000           1           65.1267   
      2498:     74940.000000           1           65.1239   
      2499:     74970.000000           1           65.1231   
      2500:     75000.000000           1           65.1225   
      2501:     75030.000000           1           65.1199   
      2502:     75060.000000           1           65.1173   
      2503:     75090.000000           1           65.1139   
      2504:     75120.000000           1           65.1096   
      2505:     75150.000000           1           65.1074   
      2506:     75180.000000           1           65.1038   
      2507:     75210.000000           1           65.1020   
      2508:     75240.000000           1           65.1031   
      2509:     75270.000000           1           65.0999   
      2510:     75300.000000           1           65.0934   
      2511:     75330.000000           1           65.0905   
      2512:     75360.000000           1           65.0887   
      2513:     75390.000000           1          170.3211   
      2514:     75420.000000           1           65.0809   
      2515:     75450.000000           1           65.0785   
      2516:     75480.000000           1           65.0759   
      2517:     75510.000000           1           65.0750   
      2518:     75540.000000           1           65.0758   
      2519:     75570.000000           1           65.0729   
      2520:     75600.000000           1           65.0706   
      2521:     75630.000000           1           65.0702   
      2522:     75660.000000           1           65.0693   
      2523:     75690.000000           1           65.0671   
      2524:     75720.000000           1           65.0651   
      2525:     75750.000000           1           65.0621   
      2526:     75780.000000           1           65.0598   
      2527:     75810.000000           1           65.0587   
      2528:     75840.000000           1           65.0570   
      2529:     75870.000000           1           65.0535   
      2530:     75900.000000           1           65.0532   
      2531:     75930.000000           1           65.0494   
      2532:     75960.000000           1           65.0494   
      2533:     75990.000000           1           65.0488   
      2534:     76020.000000           1           65.0444   
      2535:     76050.000000           1           65.0432   
      2536:     76080.000000           1           65.0406   
      2537:     76110.000000           1           65.0393   
      2538:     76140.000000           1           65.0366   
      2539:     76170.000000           1           65.0375   
      2540:     76200.000000           1           65.0353   
      2541:     76230.000000           1           65.0287   
      2542:     76260.000000           1           65.0268   
      2543:     76290.000000           1           65.0240   
      2544:     76320.000000           1           65.0233   
      2545:     76350.000000           1           65.0211   
      2546:     76380.000000           1           65.0192   
      2547:     76410.000000           1           65.0183   
      2548:     76440.000000           1           65.0179   
      2549:     76470.000000           1           65.0145   
      2550:     76500.000000           1           65.0111   
      2551:     76530.000000           1           65.0107   
      2552:     76560.000000           1           65.0110   
      2553:     76590.000000           1           65.0097   
      2554:     76620.000000           1           65.0075   
      2555:     76650.000000           1           65.0056   
      2556:     76680.000000           1           65.0036   
      2557:     76710.000000           1           65.0040   
      2558:     76740.000000           1           65.0025   
      2559:     76770.000000           1           65.0016   
      2560:     76800.000000           1           64.9991   
      2561:     76830.000000           1           64.9961   
      2562:     76860.000000           1           64.9928   
      2563:     76890.000000           1           64.9929   
      2564:     76920.000000           1           64.9895   
      2565:     76950.000000           1           64.9868   
      2566:     76980.000000           1           64.9807   
      2567:     77010.000000           1           64.9767   
      2568:     77040.000000           1           64.9693   
      2569:     77070.000000           1           64.9660   
      2570:     77100.000000           1           64.9632   
      2571:     77130.000000           1           64.9588   
      2572:     77160.000000           1           64.9561   
      2573:     77190.000000           1           64.9511   
      2574:     77220.000000           1           64.9488   
      2575:     77250.000000           1           64.9467   
      2576:     77280.000000           1           64.9443   
      2577:     77310.000000           1           64.9411   
      2578:     77340.000000           1           64.9359   
      2579:     77370.000000           1           64.9307   
      2580:     77400.000000           1           64.9268   
      2581:     77430.000000           1           64.9242   
      2582:     77460.000000           1           64.9205   
      2583:     77490.000000           1           64.9161   
      2584:     77520.000000           1           64.9105   
      2585:     77550.000000           1           64.9094   
      2586:     77580.000000           1           64.9075   
      2587:     77610.000000           1           64.9064   
      2588:     77640.000000           1           64.9055   
      2589:     77670.000000           1           64.9024   
      2590:     77700.000000           1           64.9023   
      2591:     77730.000000           1           64.9017   
      2592:     77760.000000           1           64.8988   
      2593:     77790.000000           1           64.8956   
      2594:     77820.000000           1           64.8941   
      2595:     77850.000000           1           64.8929   
      2596:     77880.000000           1           64.8935   
      2597:     77910.000000           1           64.8912   
      2598:     77940.000000           1           64.8889   
      2599:     77970.000000           1           64.8859   
      2600:     78000.000000           1           64.8838   
      2601:     78030.000000           1           64.8806   
      2602:     78060.000000           1           64.8786   
      2603:     78090.000000           1           64.8754   
      2604:     78120.000000           1           64.8732   
      2605:     78150.000000           1           64.8680   
      2606:     78180.000000           1           64.8632   
      2607:     78210.000000           1           64.8580   
      2608:     78240.000000           1           64.8553   
      2609:     78270.000000           1           64.8534   
      2610:     78300.000000           1           64.8499   
      2611:     78330.000000           1           64.8465   
      2612:     78360.000000           1           64.8439   
      2613:     78390.000000           1           64.8434   
      2614:     78420.000000           1           64.8436   
      2615:     78450.000000           1           64.8440   
      2616:     78480.000000           1           64.8425   
      2617:     78510.000000           1           64.8415   
      2618:     78540.000000           1           64.8404   
      2619:     78570.000000           1           64.8392   
      2620:     78600.000000           1           64.8349   
      2621:     78630.000000           1           64.8310   
      2622:     78660.000000           1           64.8266   
      2623:     78690.000000           1           64.8231   
      2624:     78720.000000           1           64.8176   
      2625:     78750.000000           1           64.8122   
      2626:     78780.000000           1           64.8074   
      2627:     78810.000000           1           64.8027   
      2628:     78840.000000           1           64.7997   
      2629:     78870.000000           1           64.7955   
      2630:     78900.000000           1           64.7914   
      2631:     78930.000000           1           64.7888   
      2632:     78960.000000           1           64.7871   
      2633:     78990.000000           1           64.7862   
      2634:     79020.000000           1           64.7859   
      2635:     79050.000000           1           64.7841   
      2636:     79080.000000           1           64.7831   
      2637:     79110.000000           1           64.7813   
      2638:     79140.000000           1           64.7804   
      2639:     79170.000000           1           64.7776   
      2640:     79200.000000           1           64.7728   
      2641:     79230.000000           1           64.7703   
      2642:     79260.000000           1           64.7659   
      2643:     79290.000000           1           64.7608   
      2644:     79320.000000           1           64.7578   
      2645:     79350.000000           1           64.7542   
      2646:     79380.000000           1           64.7510   
      2647:     79410.000000           1           64.7485   
      2648:     79440.000000           1           64.7456   
      2649:     79470.000000           1           64.7418   
      2650:     79500.000000           1           64.7398   
      2651:     79530.000000           1           64.7369   
      2652:     79560.000000           1           64.7340   
      2653:     79590.000000           1           64.7311   
      2654:     79620.000000           1           64.7242   
      2655:     79650.000000           1           64.7200   
      2656:     79680.000000           1           64.7164   
      2657:     79710.000000           1           64.7108   
      2658:     79740.000000           1           64.7099   
      2659:     79770.000000           1          169.9352   
      2660:     79800.000000           1          169.9338   
      2661:     79830.000000           1          169.9256   
      2662:     79860.000000           1          169.9206   
      2663:     79890.000000           1          169.9153   
      2664:     79920.000000           1          169.9122   
      2665:     79950.000000           1          169.9095   
      2666:     79980.000000           1          169.9067   
      2667:     80010.000000           1          169.8988   
      2668:     80040.000000           1          169.8944   
      2669:     80070.000000           1          169.8901   
      2670:     80100.000000           1          169.8884   
      2671:     80130.000000           1          169.8862   
      2672:     80160.000000           1          169.8849   
      2673:     80190.000000           1          169.8813   
      2674:     80220.000000           1          169.8797   
      2675:     80250.000000           1          169.8750   
      2676:     80280.000000           1          169.8728   
      2677:     80310.000000           1          169.8691   
      2678:     80340.000000           1          169.8677   
      2679:     80370.000000           1          169.8649   
      2680:     80400.000000           1          169.8620   
      2681:     80430.000000           1          169.8595   
      2682:     80460.000000           1          169.8556   
      2683:     80490.000000           1          169.8544   
      2684:     80520.000000           1          169.8521   
      2685:     80550.000000           1          169.8497   
      2686:     80580.000000           1          169.8471   
      2687:     80610.000000           1          169.8430   
      2688:     80640.000000           1          169.8406   
      2689:     80670.000000           1          169.8387   
      2690:     80700.000000           1          169.8360   
      2691:     80730.000000           1          169.8340   
      2692:     80760.000000           1          169.8294   
      2693:     80790.000000           1          169.8217   
      2694:     80820.000000           1          169.8182   
      2695:     80850.000000           1          169.8096   
      2696:     80880.000000           1          169.8055   
      2697:     80910.000000           1          169.8036   
