      1654:     49620.000000           1          -86.9325   
      1655:     49650.000000           1          -86.9357   
      1656:     49680.000000           1          -86.9390   
      1657:     49710.000000           1          -86.9400   
      1658:     49740.000000           1          -86.9427   
      1659:     49770.000000           1          -86.9449   
      1660:     49800.000000           1          -86.9450   
      1661:     49830.000000           1          -86.9472   
      1662:     49860.000000           1          -86.9461   
      1663:     49890.000000           1          -86.9455   
      1664:     49920.000000           1          -86.9470   
      1665:     49950.000000           1          -86.9522   
      1666:     49980.000000           1          -86.9556   
      1667:     50010.000000           1          -86.9587   
      1668:     50040.000000           1          -86.9594   
      1669:     50070.000000           1          -86.9579   
      1670:     50100.000000           1          -86.9545   
      1671:     50130.000000           1          -86.9485   
      1672:     50160.000000           1          -86.9440   
      1673:     50190.000000           1          -86.9407   
      1674:     50220.000000           1          -86.9424   
      1675:     50250.000000           1          -86.9405   
      1676:     50280.000000           1          -86.9423   
      1677:     50310.000000           1          -86.9381   
      1678:     50340.000000           1          -86.9413   
      1679:     50370.000000           1          -86.9427   
      1680:     50400.000000           1         -191.1390   
      1681:     50430.000000           1          -86.9348   
      1682:     50460.000000           1         -191.0764   
      1683:     50490.000000           1         -191.1780   
      1684:     50520.000000           1         -191.3063   
      1685:     50550.000000           1         -191.3930   
      1686:     50580.000000           1         -191.4220   
      1687:     50610.000000           1         -191.4396   
      1688:     50640.000000           1         -191.4780   
      1689:     50670.000000           1         -191.4947   
      1690:     50700.000000           1         -191.5126   
      1691:     50730.000000           1         -191.5156   
      1692:     50760.000000           1         -191.5173   
      1693:     50790.000000           1         -191.5289   
      1694:     50820.000000           1         -191.5390   
      1695:     50850.000000           1         -191.5615   
      1696:     50880.000000           1         -191.5571   
      1697:     50910.000000           1          -86.9282   
      1698:     50940.000000           1         -191.5777   
      1699:     50970.000000           1         -191.5755   
      1700:     51000.000000           1         -191.5750   
      1701:     51030.000000           1         -191.5587   
      1702:     51060.000000           1         -191.5518   
      1703:     51090.000000           1         -191.5493   
      1704:     51120.000000           1         -191.5428   
      1705:     51150.000000           1         -191.5398   
      1706:     51180.000000           1         -191.5227   
      1707:     51210.000000           1         -191.5047   
      1708:     51240.000000           1         -191.4986   
      1709:     51270.000000           1         -191.4867   
      1710:     51300.000000           1         -191.4791   
      1711:     51330.000000           1         -191.4755   
      1712:     51360.000000           1         -191.4754   
      1713:     51390.000000           1         -191.4634   
      1714:     51420.000000           1         -191.4479   
      1715:     51450.000000           1         -191.4373   
      1716:     51480.000000           1         -191.4301   
      1717:     51510.000000           1         -191.4314   
      1718:     51540.000000           1         -191.4251   
      1719:     51570.000000           1         -191.4202   
      1720:     51600.000000           1         -191.4174   
      1721:     51630.000000           1         -191.4156   
      1722:     51660.000000           1         -191.4105   
      1723:     51690.000000           1          181.3962   
      1724:     51720.000000           1         -191.4136   
      1725:     51750.000000           1         -191.4263   
      1726:     51780.000000           1         -191.4173   
      1727:     51810.000000           1         -191.4292   
      1728:     51840.000000           1         -191.4304   
      1729:     51870.000000           1         -191.4176   
      1730:     51900.000000           1         -191.4113   
      1731:     51930.000000           1         -191.4101   
      1732:     51960.000000           1         -191.4092   
      1733:     51990.000000           1         -191.4169   
      1734:     52020.000000           1         -191.4290   
      1735:     52050.000000           1         -191.4481   
      1736:     52080.000000           1         -191.4534   
      1737:     52110.000000           1         -191.4539   
      1738:     52140.000000           1         -191.4515   
      1739:     52170.000000           1         -191.4561   
      1740:     52200.000000           1         -191.4640   
      1741:     52230.000000           1         -191.4658   
      1742:     52260.000000           1         -191.4671   
      1743:     52290.000000           1         -191.4700   
      1744:     52320.000000           1         -191.4731   
      1745:     52350.000000           1         -191.4783   
      1746:     52380.000000           1         -191.4818   
      1747:     52410.000000           1         -191.4741   
      1748:     52440.000000           1         -191.4758   
      1749:     52470.000000           1         -191.4798   
      1750:     52500.000000           1         -191.4716   
      1751:     52530.000000           1         -191.4681   
      1752:     52560.000000           1         -191.4655   
      1753:     52590.000000           1         -191.4607   
      1754:     52620.000000           1         -191.4622   
      1755:     52650.000000           1         -191.4612   
      1756:     52680.000000           1         -191.4588   
      1757:     52710.000000           1         -191.4581   
      1758:     52740.000000           1         -191.4598   
      1759:     52770.000000           1         -191.4589   
      1760:     52800.000000           1         -191.4577   
      1761:     52830.000000           1         -191.4576   
      1762:     52860.000000           1         -191.4505   
      1763:     52890.000000           1         -191.4523   
      1764:     52920.000000           1         -191.4533   
      1765:     52950.000000           1         -191.4504   
      1766:     52980.000000           1         -191.4473   
      1767:     53010.000000           1         -191.4480   
      1768:     53040.000000           1         -191.4544   
      1769:     53070.000000           1         -191.4605   
      1770:     53100.000000           1         -191.4612   
      1771:     53130.000000           1         -191.4578   
      1772:     53160.000000           1         -191.4577   
      1773:     53190.000000           1         -191.4563   
      1774:     53220.000000           1          181.8691   
      1775:     53250.000000           1         -191.4558   
      1776:     53280.000000           1         -191.4526   
      1777:     53310.000000           1         -191.4525   
      1778:     53340.000000           1          -86.9883   
      1779:     53370.000000           1          181.9033   
      1780:     53400.000000           1          181.9012   
      1781:     53430.000000           1          181.9036   
      1782:     53460.000000           1          181.9085   
      1783:     53490.000000           1          181.9106   
      1784:     53520.000000           1          181.9102   
      1785:     53550.000000           1          181.9063   
      1786:     53580.000000           1          181.9023   
      1787:     53610.000000           1          181.9015   
      1788:     53640.000000           1          181.9030   
      1789:     53670.000000           1          181.9060   
      1790:     53700.000000           1          181.9080   
      1791:     53730.000000           1          181.9090   
      1792:     53760.000000           1          181.9099   
      1793:     53790.000000           1          181.9172   
      1794:     53820.000000           1          181.9221   
      1795:     53850.000000           1          181.9191   
      1796:     53880.000000           1          181.9212   
      1797:     53910.000000           1          181.9227   
      1798:     53940.000000           1          181.9232   
      1799:     53970.000000           1          181.9228   
      1800:     54000.000000           1          -87.0052   
      1801:     54030.000000           1         -191.4607   
      1802:     54060.000000           1          181.9144   
      1803:     54090.000000           1          181.9132   
      1804:     54120.000000           1          181.9149   
      1805:     54150.000000           1          181.9178   
      1806:     54180.000000           1          -87.0167   
      1807:     54210.000000           1          181.9210   
      1808:     54240.000000           1          181.9191   
      1809:     54270.000000           1          181.9182   
      1810:     54300.000000           1          -87.0160   
      1811:     54330.000000           1          -87.0165   
      1812:     54360.000000           1          -87.0163   
      1813:     54390.000000           1          -87.0166   
      1814:     54420.000000           1          -87.0242   
      1815:     54450.000000           1          -87.0310   
      1816:     54480.000000           1          -87.0343   
      1817:     54510.000000           1          -87.0385   
      1818:     54540.000000           1          -87.0444   
      1819:     54570.000000           1          -87.0450   
      1820:     54600.000000           1          -87.0454   
      1821:     54630.000000           1          -87.0442   
      1822:     54660.000000           1          -87.0418   
      1823:     54690.000000           1            5.8125   
      1824:     54720.000000           1            5.8150   
      1825:     54750.000000           1            5.8146   
      1826:     54780.000000           1            5.8129   
      1827:     54810.000000           1            5.8117   
      1828:     54840.000000           1            5.8132   
      1829:     54870.000000           1            5.8053   
      1830:     54900.000000           1          -87.0554   
      1831:     54930.000000           1          -87.0549   
      1832:     54960.000000           1          181.9252   
      1833:     54990.000000           1          181.9240   
      1834:     55020.000000           1          181.9276   
      1835:     55050.000000           1          181.9268   
      1836:     55080.000000           1          181.9276   
      1837:     55110.000000           1          181.9272   
      1838:     55140.000000           1          181.9244   
      1839:     55170.000000           1          181.9238   
      1840:     55200.000000           1          181.9184   
      1841:     55230.000000           1          181.9144   
      1842:     55260.000000           1          181.9096   
      1843:     55290.000000           1          181.9099   
      1844:     55320.000000           1          181.9081   
      1845:     55350.000000           1          181.9061   
      1846:     55380.000000           1          181.9022   
      1847:     55410.000000           1          181.8934   
      1848:     55440.000000           1          181.8908   
      1849:     55470.000000           1          181.8905   
      1850:     55500.000000           1          181.8905   
      1851:     55530.000000           1          181.8882   
      1852:     55560.000000           1          181.8843   
      1853:     55590.000000           1          181.8810   
      1854:     55620.000000           1          181.8772   
      1855:     55650.000000           1          181.8765   
      1856:     55680.000000           1          181.8733   
      1857:     55710.000000           1          181.8713   
      1858:     55740.000000           1          181.8745   
      1859:     55770.000000           1          -87.1088   
      1860:     55800.000000           1          181.8812   
      1861:     55830.000000           1          181.8835   
      1862:     55860.000000           1          181.8834   
      1863:     55890.000000           1          181.8852   
      1864:     55920.000000           1          181.8889   
      1865:     55950.000000           1          181.8894   
      1866:     55980.000000           1          181.8902   
      1867:     56010.000000           1         -191.4603   
      1868:     56040.000000           1         -191.4644   
      1869:     56070.000000           1         -191.4673   
      1870:     56100.000000           1         -191.4696   
      1871:     56130.000000           1         -191.4718   
      1872:     56160.000000           1         -191.4726   
      1873:     56190.000000           1         -191.4700   
      1874:     56220.000000           1         -191.4694   
      1875:     56250.000000           1         -191.4755   
      1876:     56280.000000           1         -191.4776   
      1877:     56310.000000           1         -191.4754   
      1878:     56340.000000           1         -191.4720   
      1879:     56370.000000           1         -191.4705   
      1880:     56400.000000           1         -191.4702   
      1881:     56430.000000           1         -191.4676   
      1882:     56460.000000           1         -191.4700   
      1883:     56490.000000           1         -191.4721   
      1884:     56520.000000           1         -191.4727   
      1885:     56550.000000           1         -191.4769   
      1886:     56580.000000           1         -191.4793   
      1887:     56610.000000           1         -191.4792   
      1888:     56640.000000           1         -191.4806   
      1889:     56670.000000           1         -191.4858   
      1890:     56700.000000           1         -191.4874   
      1891:     56730.000000           1          181.8931   
      1892:     56760.000000           1         -191.4978   
      1893:     56790.000000           1         -191.5010   
      1894:     56820.000000           1         -191.5024   
      1895:     56850.000000           1         -191.5051   
      1896:     56880.000000           1         -191.5059   
      1897:     56910.000000           1         -191.5063   
      1898:     56940.000000           1         -191.5087   
      1899:     56970.000000           1          181.8754   
      1900:     57000.000000           1          181.8734   
      1901:     57030.000000           1          181.8735   
      1902:     57060.000000           1          181.8727   
      1903:     57090.000000           1          -87.1808   
      1904:     57120.000000           1          -87.1828   
      1905:     57150.000000           1          -87.1870   
      1906:     57180.000000           1          -87.1845   
      1907:     57210.000000           1          -87.1905   
      1908:     57240.000000           1          -87.1941   
      1909:     57270.000000           1          -87.1962   
      1910:     57300.000000           1          -87.1980   
      1911:     57330.000000           1          -87.2016   
      1912:     57360.000000           1          -87.2012   
      1913:     57390.000000           1          -87.2022   
      1914:     57420.000000           1          -87.2023   
      1915:     57450.000000           1          -87.2009   
      1916:     57480.000000           1          -87.2038   
      1917:     57510.000000           1          -87.1997   
      1918:     57540.000000           1          -87.2009   
      1919:     57570.000000           1          -87.1998   
      1920:     57600.000000           1          -87.2016   
      1921:     57630.000000           1          -87.2028   
      1922:     57660.000000           1          -87.2021   
      1923:     57690.000000           1          181.8424   
      1924:     57720.000000           1          -87.2100   
      1925:     57750.000000           1          -87.2115   
      1926:     57780.000000           1          181.8399   
      1927:     57810.000000           1          -87.2098   
      1928:     57840.000000           1          181.8386   
      1929:     57870.000000           1         -191.5294   
      1930:     57900.000000           1         -191.5328   
      1931:     57930.000000           1         -191.5330   
      1932:     57960.000000           1         -191.5343   
      1933:     57990.000000           1         -191.5374   
      1934:     58020.000000           1         -191.5406   
      1935:     58050.000000           1         -191.5403   
      1936:     58080.000000           1         -191.5384   
      1937:     58110.000000           1         -191.5402   
      1938:     58140.000000           1         -191.5418   
      1939:     58170.000000           1         -191.5443   
      1940:     58200.000000           1         -191.5451   
      1941:     58230.000000           1         -191.5469   
      1942:     58260.000000           1         -191.5476   
      1943:     58290.000000           1         -191.5505   
      1944:     58320.000000           1         -191.5544   
      1945:     58350.000000           1         -191.5553   
      1946:     58380.000000           1         -191.5554   
      1947:     58410.000000           1         -191.5548   
      1948:     58440.000000           1         -191.5558   
      1949:     58470.000000           1         -191.5598   
      1950:     58500.000000           1         -191.5587   
      1951:     58530.000000           1         -191.5601   
      1952:     58560.000000           1         -191.5656   
      1953:     58590.000000           1         -191.5656   
      1954:     58620.000000           1         -191.5675   
      1955:     58650.000000           1         -191.5694   
      1956:     58680.000000           1         -191.5753   
      1957:     58710.000000           1         -191.5814   
      1958:     58740.000000           1         -191.5862   
      1959:     58770.000000           1         -191.5892   
      1960:     58800.000000           1         -191.5907   
      1961:     58830.000000           1         -191.5922   
      1962:     58860.000000           1         -191.5962   
      1963:     58890.000000           1         -191.6010   
      1964:     58920.000000           1         -191.6050   
      1965:     58950.000000           1         -191.6076   
      1966:     58980.000000           1         -191.6112   
      1967:     59010.000000           1         -191.6133   
      1968:     59040.000000           1         -191.6188   
      1969:     59070.000000           1         -191.6229   
      1970:     59100.000000           1         -191.6232   
      1971:     59130.000000           1         -191.6275   
      1972:     59160.000000           1         -191.6342   
      1973:     59190.000000           1         -191.6369   
      1974:     59220.000000           1         -191.6367   
      1975:     59250.000000           1         -191.6376   
      1976:     59280.000000           1         -191.6385   
      1977:     59310.000000           1         -191.6383   
      1978:     59340.000000           1         -191.6370   
      1979:     59370.000000           1         -191.6378   
      1980:     59400.000000           1         -191.6384   
      1981:     59430.000000           1         -191.6378   
      1982:     59460.000000           1         -191.6385   
      1983:     59490.000000           1         -191.6378   
      1984:     59520.000000           1         -191.6421   
      1985:     59550.000000           1         -191.6435   
      1986:     59580.000000           1         -191.6489   
      1987:     59610.000000           1         -191.6508   
      1988:     59640.000000           1         -191.6496   
      1989:     59670.000000           1         -191.6505   
      1990:     59700.000000           1         -191.6511   
      1991:     59730.000000           1         -191.6517   
      1992:     59760.000000           1         -191.6558   
      1993:     59790.000000           1         -191.6571   
      1994:     59820.000000           1          181.7404   
      1995:     59850.000000           1         -191.6582   
      1996:     59880.000000           1         -191.6615   
      1997:     59910.000000           1         -191.6661   
      1998:     59940.000000           1          181.7352   
      1999:     59970.000000           1          181.7347   
      2000:     60000.000000           1          181.7351   
      2001:     60030.000000           1          181.7345   
      2002:     60060.000000           1          181.7364   
      2003:     60090.000000           1          181.7398   
      2004:     60120.000000           1          181.7391   
      2005:     60150.000000           1          181.7433   
      2006:     60180.000000           1          181.7445   
      2007:     60210.000000           1          181.7444   
      2008:     60240.000000           1          181.7458   
      2009:     60270.000000           1          181.7458   
      2010:     60300.000000           1          181.7455   
      2011:     60330.000000           1          181.7465   
      2012:     60360.000000           1          181.7513   
      2013:     60390.000000           1          181.7511   
      2014:     60420.000000           1          181.7510   
      2015:     60450.000000           1          181.7486   
      2016:     60480.000000           1          -87.3375   
      2017:     60510.000000           1          -87.3414   
      2018:     60540.000000           1          -87.3421   
      2019:     60570.000000           1          -87.3434   
      2020:     60600.000000           1          -87.3432   
      2021:     60630.000000           1          -87.3439   
      2022:     60660.000000           1          181.7379   
      2023:     60690.000000           1          181.7399   
      2024:     60720.000000           1          -87.3446   
      2025:     60750.000000           1          181.7474   
      2026:     60780.000000           1          -87.3454   
      2027:     60810.000000           1          181.7398   
      2028:     60840.000000           1          181.7387   
      2029:     60870.000000           1          -87.3512   
      2030:     60900.000000           1          -87.3508   
      2031:     60930.000000           1          -87.3502   
      2032:     60960.000000           1          -87.3473   
      2033:     60990.000000           1          -87.3444   
      2034:     61020.000000           1          -87.3429   
      2035:     61050.000000           1          181.7573   
      2036:     61080.000000           1          181.7559   
      2037:     61110.000000           1          181.7568   
      2038:     61140.000000           1          -87.3483   
      2039:     61170.000000           1          181.7486   
      2040:     61200.000000           1          181.7443   
      2041:     61230.000000           1          181.7422   
      2042:     61260.000000           1          181.7431   
      2043:     61290.000000           1         -191.6869   
      2044:     61320.000000           1         -191.6894   
      2045:     61350.000000           1         -191.6914   
      2046:     61380.000000           1          181.7405   
      2047:     61410.000000           1         -191.6853   
      2048:     61440.000000           1         -191.6821   
      2049:     61470.000000           1          181.7614   
      2050:     61500.000000           1         -191.6772   
      2051:     61530.000000           1         -191.6756   
      2052:     61560.000000           1          181.7577   
      2053:     61590.000000           1         -191.6824   
      2054:     61620.000000           1          181.7544   
      2055:     61650.000000           1         -191.6914   
      2056:     61680.000000           1         -191.6909   
      2057:     61710.000000           1         -191.6879   
      2058:     61740.000000           1         -191.6861   
      2059:     61770.000000           1         -191.6860   
      2060:     61800.000000           1         -191.6833   
      2061:     61830.000000           1         -191.6823   
      2062:     61860.000000           1          181.7637   
      2063:     61890.000000           1          181.7660   
      2064:     61920.000000           1          181.7678   
      2065:     61950.000000           1          181.7691   
      2066:     61980.000000           1          181.7714   
      2067:     62010.000000           1         -191.6749   
      2068:     62040.000000           1         -191.6719   
      2069:     62070.000000           1          181.7793   
      2070:     62100.000000           1          -87.3357   
      2071:     62130.000000           1            5.5559   
      2072:     62160.000000           1          -87.3283   
      2073:     62190.000000           1          -87.3262   
      2074:     62220.000000           1          -87.3244   
      2075:     62250.000000           1          181.7911   
      2076:     62280.000000           1          -87.3321   
      2077:     62310.000000           1          -87.3345   
      2078:     62340.000000           1          181.7837   
      2079:     62370.000000           1            5.5552   
      2080:     62400.000000           1          -87.3351   
      2081:     62430.000000           1          -87.3382   
      2082:     62460.000000           1          -87.3381   
      2083:     62490.000000           1          -87.3376   
      2084:     62520.000000           1          -87.3375   
      2085:     62550.000000           1          -87.3413   
      2086:     62580.000000           1          -87.3431   
      2087:     62610.000000           1          -87.3437   
      2088:     62640.000000           1          -87.3434   
      2089:     62670.000000           1          -87.3441   
      2090:     62700.000000           1          -87.3411   
      2091:     62730.000000           1          181.7721   
      2092:     62760.000000           1          -87.3410   
      2093:     62790.000000           1            5.5464   
      2094:     62820.000000           1          -87.3400   
      2095:     62850.000000           1            5.5446   
      2096:     62880.000000           1            5.5429   
      2097:     62910.000000           1            5.5440   
      2098:     62940.000000           1            5.5427   
      2099:     62970.000000           1            5.5458   
      2100:     63000.000000           1            5.5472   
      2101:     63030.000000           1            5.5497   
      2102:     63060.000000           1         -370.5715   
      2103:     63090.000000           1            5.5549   
      2104:     63120.000000           1            5.5597   
      2105:     63150.000000           1            5.5594   
      2106:     63180.000000           1            5.5611   
      2107:     63210.000000           1            5.5623   
      2108:     63240.000000           1            5.5636   
      2109:     63270.000000           1            5.5649   
      2110:     63300.000000           1            5.5656   
      2111:     63330.000000           1            5.5681   
      2112:     63360.000000           1            5.5714   
      2113:     63390.000000           1            5.5713   
      2114:     63420.000000           1          -87.3136   
      2115:     63450.000000           1          -87.3126   
      2116:     63480.000000           1          -87.3107   
      2117:     63510.000000           1          -87.3077   
      2118:     63540.000000           1          -87.3052   
      2119:     63570.000000           1          181.8109   
      2120:     63600.000000           1          181.8121   
      2121:     63630.000000           1          -87.2987   
      2122:     63660.000000           1          -87.2949   
      2123:     63690.000000           1          -87.2912   
      2124:     63720.000000           1          -87.2934   
      2125:     63750.000000           1          -87.2927   
      2126:     63780.000000           1          -87.2921   
      2127:     63810.000000           1          -87.2928   
      2128:     63840.000000           1          -87.2936   
      2129:     63870.000000           1          -87.2953   
      2130:     63900.000000           1          -87.2958   
      2131:     63930.000000           1          -87.2983   
      2132:     63960.000000           1          -87.2985   
      2133:     63990.000000           1          -87.2993   
      2134:     64020.000000           1          -87.3010   
      2135:     64050.000000           1          -87.2994   
      2136:     64080.000000           1          -87.2996   
      2137:     64110.000000           1          -87.2991   
      2138:     64140.000000           1          -87.2983   
      2139:     64170.000000           1          -87.2987   
      2140:     64200.000000           1          -87.2965   
      2141:     64230.000000           1          -87.2952   
      2142:     64260.000000           1          -87.2925   
      2143:     64290.000000           1            5.6030   
      2144:     64320.000000           1          -87.2886   
      2145:     64350.000000           1          -87.2896   
      2146:     64380.000000           1         -191.6267   
      2147:     64410.000000           1          -87.2951   
      2148:     64440.000000           1         -191.6315   
      2149:     64470.000000           1         -191.6312   
      2150:     64500.000000           1         -191.6296   
      2151:     64530.000000           1         -191.6315   
      2152:     64560.000000           1         -191.6310   
      2153:     64590.000000           1         -191.6307   
      2154:     64620.000000           1         -191.6313   
      2155:     64650.000000           1         -191.6355   
      2156:     64680.000000           1         -191.6364   
      2157:     64710.000000           1         -191.6384   
      2158:     64740.000000           1         -191.6356   
      2159:     64770.000000           1         -191.6310   
      2160:     64800.000000           1         -191.6294   
      2161:     64830.000000           1         -191.6270   
      2162:     64860.000000           1         -191.6210   
      2163:     64890.000000           1         -191.6184   
      2164:     64920.000000           1         -191.6183   
      2165:     64950.000000           1         -191.6157   
      2166:     64980.000000           1         -191.6178   
      2167:     65010.000000           1         -191.6179   
      2168:     65040.000000           1         -191.6219   
      2169:     65070.000000           1          -87.2869   
      2170:     65100.000000           1          -87.2840   
      2171:     65130.000000           1         -191.6173   
      2172:     65160.000000           1          -87.2801   
      2173:     65190.000000           1          -87.2812   
      2174:     65220.000000           1          -87.2802   
      2175:     65250.000000           1          -87.2818   
      2176:     65280.000000           1          -87.2847   
      2177:     65310.000000           1          -87.2852   
      2178:     65340.000000           1          -87.2862   
      2179:     65370.000000           1          -87.2879   
      2180:     65400.000000           1          -87.2858   
      2181:     65430.000000           1          -87.2840   
      2182:     65460.000000           1          -87.2796   
      2183:     65490.000000           1          -87.2783   
      2184:     65520.000000           1          -87.2740   
      2185:     65550.000000           1            5.6344   
      2186:     65580.000000           1            5.6352   
      2187:     65610.000000           1          -87.2673   
      2188:     65640.000000           1          -87.2645   
      2189:     65670.000000           1            5.6486   
      2190:     65700.000000           1            5.6566   
      2191:     65730.000000           1          -87.2461   
      2192:     65760.000000           1          -87.2448   
      2193:     65790.000000           1          -87.2468   
      2194:     65820.000000           1          -87.2487   
      2195:     65850.000000           1          -87.2504   
      2196:     65880.000000           1          -87.2494   
      2197:     65910.000000           1          -87.2465   
      2198:     65940.000000           1          -87.2447   
      2199:     65970.000000           1          -87.2429   
      2200:     66000.000000           1            5.6732   
      2201:     66030.000000           1         1224.8001   
      2202:     66060.000000           1         1224.8524   
      2203:     66090.000000           1         1224.8351   
      2204:     66120.000000           1         1224.7748   
      2205:     66150.000000           1            5.6790   
      2206:     66180.000000           1         1224.6912   
      2207:     66210.000000           1         1224.6745   
      2208:     66240.000000           1         1224.6507   
      2209:     66270.000000           1         1224.6281   
      2210:     66300.000000           1         1224.6161   
      2211:     66330.000000           1            5.6838   
      2212:     66360.000000           1            5.6861   
      2213:     66390.000000           1            5.6867   
      2214:     66420.000000           1            5.6858   
      2215:     66450.000000           1            5.6864   
      2216:     66480.000000           1            5.6865   
      2217:     66510.000000           1            5.6864   
      2218:     66540.000000           1            5.6871   
      2219:     66570.000000           1         -370.4888   
      2220:     66600.000000           1           91.5869   
      2221:     66630.000000           1         -370.4827   
      2222:     66660.000000           1         -370.4809   
      2223:     66690.000000           1         -370.4787   
      2224:     66720.000000           1         -370.4792   
      2225:     66750.000000           1         -370.4797   
      2226:     66780.000000           1         -370.4836   
      2227:     66810.000000           1         -370.4824   
      2228:     66840.000000           1         -370.4859   
      2229:     66870.000000           1         -370.4859   
      2230:     66900.000000           1         -370.4858   
      2231:     66930.000000           1         -370.4862   
      2232:     66960.000000           1         -370.4878   
      2233:     66990.000000           1         -370.4856   
      2234:     67020.000000           1         -370.4874   
      2235:     67050.000000           1           91.5821   
      2236:     67080.000000           1           91.5804   
      2237:     67110.000000           1           91.5779   
      2238:     67140.000000           1           91.5771   
      2239:     67170.000000           1           91.5762   
      2240:     67200.000000           1           91.5757   
      2241:     67230.000000           1           91.5780   
      2242:     67260.000000           1           91.5765   
      2243:     67290.000000           1           91.5770   
      2244:     67320.000000           1           91.5785   
      2245:     67350.000000           1         -370.4988   
      2246:     67380.000000           1         -370.4977   
      2247:     67410.000000           1         -370.4974   
      2248:     67440.000000           1         -370.4998   
      2249:     67470.000000           1         -370.5003   
      2250:     67500.000000           1         -370.4990   
      2251:     67530.000000           1         -370.4996   
      2252:     67560.000000           1         -370.4971   
      2253:     67590.000000           1         -370.4987   
      2254:     67620.000000           1         -370.4992   
      2255:     67650.000000           1         -370.4958   
      2256:     67680.000000           1         -370.4960   
      2257:     67710.000000           1         -370.4947   
      2258:     67740.000000           1         -370.4935   
      2259:     67770.000000           1         -370.4940   
      2260:     67800.000000           1         -370.4930   
      2261:     67830.000000           1            5.6917   
      2262:     67860.000000           1            5.6935   
      2263:     67890.000000           1            5.6978   
      2264:     67920.000000           1            5.6940   
      2265:     67950.000000           1            5.6931   
      2266:     67980.000000           1            5.6939   
      2267:     68010.000000           1            5.6911   
      2268:     68040.000000           1            5.6937   
      2269:     68070.000000           1            5.6937   
      2270:     68100.000000           1            5.6921   
      2271:     68130.000000           1            5.6929   
      2272:     68160.000000           1            5.6949   
      2273:     68190.000000           1            5.6928   
      2274:     68220.000000           1            5.6956   
      2275:     68250.000000           1            5.6947   
      2276:     68280.000000           1            5.6946   
      2277:     68310.000000           1            5.6921   
      2278:     68340.000000           1            5.6929   
      2279:     68370.000000           1            5.6933   
      2280:     68400.000000           1            5.6911   
      2281:     68430.000000           1            5.6924   
      2282:     68460.000000           1            5.6922   
      2283:     68490.000000           1            5.6912   
      2284:     68520.000000           1            5.6893   
      2285:     68550.000000           1            5.6889   
      2286:     68580.000000           1            5.6888   
      2287:     68610.000000           1         -370.4996   
      2288:     68640.000000           1         -370.4964   
      2289:     68670.000000           1         -370.4980   
      2290:     68700.000000           1         -370.5016   
      2291:     68730.000000           1         -370.5064   
      2292:     68760.000000           1         -370.5080   
      2293:     68790.000000           1         -370.5088   
      2294:     68820.000000           1         -370.5093   
      2295:     68850.000000           1         -370.5084   
      2296:     68880.000000           1         -370.5085   
      2297:     68910.000000           1         -370.5076   
      2298:     68940.000000           1         -370.5088   
      2299:     68970.000000           1         -370.5088   
      2300:     69000.000000           1         -370.5078   
      2301:     69030.000000           1         -370.5045   
      2302:     69060.000000           1         -370.5015   
      2303:     69090.000000           1         -370.4981   
      2304:     69120.000000           1         -370.4978   
      2305:     69150.000000           1         -370.5010   
      2306:     69180.000000           1         -370.5052   
      2307:     69210.000000           1         -370.5077   
      2308:     69240.000000           1         -370.5078   
      2309:     69270.000000           1         -370.5081   
      2310:     69300.000000           1         -370.5080   
      2311:     69330.000000           1         -370.5071   
      2312:     69360.000000           1         -370.5071   
      2313:     69390.000000           1         -370.5074   
      2314:     69420.000000           1         -370.5091   
      2315:     69450.000000           1            5.6793   
      2316:     69480.000000           1            5.6777   
      2317:     69510.000000           1            5.6786   
      2318:     69540.000000           1            5.6784   
      2319:     69570.000000           1            5.6763   
      2320:     69600.000000           1            5.6755   
      2321:     69630.000000           1            5.6761   
      2322:     69660.000000           1         -191.5606   
      2323:     69690.000000           1         -191.5628   
      2324:     69720.000000           1         -191.5613   
      2325:     69750.000000           1         -191.5616   
      2326:     69780.000000           1         -191.5616   
      2327:     69810.000000           1         -191.5629   
      2328:     69840.000000           1         -191.5631   
      2329:     69870.000000           1         -191.5668   
      2330:     69900.000000           1         -191.5689   
      2331:     69930.000000           1         -191.5690   
      2332:     69960.000000           1         -191.5719   
      2333:     69990.000000           1         -191.5698   
      2334:     70020.000000           1         -191.5687   
      2335:     70050.000000           1         -191.5679   
      2336:     70080.000000           1         -191.5667   
      2337:     70110.000000           1         -191.5650   
      2338:     70140.000000           1         -370.5224   
      2339:     70170.000000           1         -191.5681   
      2340:     70200.000000           1         -191.5694   
      2341:     70230.000000           1         -191.5695   
      2342:     70260.000000           1         -191.5674   
      2343:     70290.000000           1         -191.5697   
      2344:     70320.000000           1         -191.5678   
      2345:     70350.000000           1         -191.5678   
      2346:     70380.000000           1         -191.5692   
      2347:     70410.000000           1         -191.5719   
      2348:     70440.000000           1         -191.5737   
      2349:     70470.000000           1         -191.5769   
      2350:     70500.000000           1         -191.5774   
      2351:     70530.000000           1         -191.5798   
      2352:     70560.000000           1           13.6222   
      2353:     70590.000000           1           13.6260   
      2354:     70620.000000           1           13.6218   
      2355:     70650.000000           1           13.6093   
      2356:     70680.000000           1           13.6010   
      2357:     70710.000000           1           13.5871   
      2358:     70740.000000           1           13.5768   
      2359:     70770.000000           1           13.5609   
      2360:     70800.000000           1           13.5339   
      2361:     70830.000000           1           13.5057   
      2362:     70860.000000           1           13.4700   
      2363:     70890.000000           1           13.4482   
      2364:     70920.000000           1           13.4366   
      2365:     70950.000000           1           13.4230   
      2366:     70980.000000           1           13.4158   
      2367:     71010.000000           1           13.4098   
      2368:     71040.000000           1           13.3977   
      2369:     71070.000000           1           13.3894   
      2370:     71100.000000           1           13.3833   
      2371:     71130.000000           1           13.3834   
      2372:     71160.000000           1           13.3818   
      2373:     71190.000000           1           13.3784   
      2374:     71220.000000           1           13.3819   
      2375:     71250.000000           1           13.3770   
      2376:     71280.000000           1           13.3759   
      2377:     71310.000000           1           13.3637   
      2378:     71340.000000           1           13.3550   
      2379:     71370.000000           1           13.3413   
      2380:     71400.000000           1           13.3270   
      2381:     71430.000000           1           13.3151   
      2382:     71460.000000           1           13.3083   
      2383:     71490.000000           1           13.2960   
      2384:     71520.000000           1           13.2894   
      2385:     71550.000000           1           13.2826   
      2386:     71580.000000           1           13.2818   
      2387:     71610.000000           1           13.2801   
      2388:     71640.000000           1           13.2758   
      2389:     71670.000000           1           13.2730   
      2390:     71700.000000           1           13.2691   
      2391:     71730.000000           1           13.2650   
      2392:     71760.000000           1           13.2605   
      2393:     71790.000000           1           13.2577   
      2394:     71820.000000           1           13.2577   
      2395:     71850.000000           1           13.2582   
      2396:     71880.000000           1           13.2626   
      2397:     71910.000000           1           13.2586   
      2398:     71940.000000           1           13.2551   
      2399:     71970.000000           1           13.2566   
      2400:     72000.000000           1           13.2614   
      2401:     72030.000000           1            5.6690   
      2402:     72060.000000           1            5.6680   
      2403:     72090.000000           1            5.6667   
      2404:     72120.000000           1            5.6657   
      2405:     72150.000000           1            5.6639   
      2406:     72180.000000           1            5.6641   
      2407:     72210.000000           1            5.6631   
      2408:     72240.000000           1            5.6615   
      2409:     72270.000000           1            5.6615   
      2410:     72300.000000           1            5.6605   
      2411:     72330.000000           1            5.6630   
      2412:     72360.000000           1         -370.5281   
      2413:     72390.000000           1            5.6635   
      2414:     72420.000000           1         -370.5277   
      2415:     72450.000000           1         -370.5259   
      2416:     72480.000000           1         -370.5250   
      2417:     72510.000000           1         -370.5265   
      2418:     72540.000000           1         -370.5272   
      2419:     72570.000000           1         -370.5319   
      2420:     72600.000000           1         -370.5337   
      2421:     72630.000000           1         -370.5346   
      2422:     72660.000000           1            5.6516   
      2423:     72690.000000           1            5.6520   
      2424:     72720.000000           1            5.6504   
      2425:     72750.000000           1            5.6496   
      2426:     72780.000000           1            5.6481   
      2427:     72810.000000           1            5.6493   
      2428:     72840.000000           1            5.6473   
      2429:     72870.000000           1            5.6453   
      2430:     72900.000000           1            5.6451   
      2431:     72930.000000           1            5.6437   
      2432:     72960.000000           1           13.1529   
      2433:     72990.000000           1           13.1580   
      2434:     73020.000000           1           13.1524   
      2435:     73050.000000           1           13.1552   
      2436:     73080.000000           1           13.1557   
      2437:     73110.000000           1           13.1567   
      2438:     73140.000000           1           13.1565   
      2439:     73170.000000           1           13.1534   
      2440:     73200.000000           1           13.1496   
      2441:     73230.000000           1           13.1488   
      2442:     73260.000000           1           13.1442   
      2443:     73290.000000           1           13.1398   
      2444:     73320.000000           1           13.1332   
      2445:     73350.000000           1           13.1265   
      2446:     73380.000000           1           13.1196   
      2447:     73410.000000           1           13.1154   
      2448:     73440.000000           1           13.1122   
      2449:     73470.000000           1           13.1121   
      2450:     73500.000000           1           13.1164   
      2451:     73530.000000           1         -191.6107   
      2452:     73560.000000           1         -191.6119   
      2453:     73590.000000           1         -191.6157   
      2454:     73620.000000           1         -191.6178   
      2455:     73650.000000           1         -191.6177   
      2456:     73680.000000           1         -191.6187   
      2457:     73710.000000           1         -191.6187   
      2458:     73740.000000           1         -191.6191   
      2459:     73770.000000           1         -191.6205   
      2460:     73800.000000           1         -191.6192   
      2461:     73830.000000           1         -191.6194   
      2462:     73860.000000           1           13.1107   
      2463:     73890.000000           1         -192.6131   
      2464:     73920.000000           1         -192.6769   
      2465:     73950.000000           1         -192.6220   
      2466:     73980.000000           1         -192.6187   
      2467:     74010.000000           1         -192.6034   
      2468:     74040.000000           1         -192.5820   
      2469:     74070.000000           1         -192.5735   
      2470:     74100.000000           1         -192.5672   
      2471:     74130.000000           1         -192.5818   
      2472:     74160.000000           1         -192.5883   
      2473:     74190.000000           1         -192.5952   
      2474:     74220.000000           1         -192.5989   
      2475:     74250.000000           1         -192.6003   
      2476:     74280.000000           1         -192.6016   
      2477:     74310.000000           1         -192.6090   
      2478:     74340.000000           1         -192.6164   
      2479:     74370.000000           1         -192.6283   
      2480:     74400.000000           1         -192.6456   
      2481:     74430.000000           1         -192.6610   
      2482:     74460.000000           1         -192.6718   
      2483:     74490.000000           1         -192.6722   
      2484:     74520.000000           1         -192.6742   
      2485:     74550.000000           1         -192.6737   
      2486:     74580.000000           1         -192.6795   
      2487:     74610.000000           1         -192.6711   
      2488:     74640.000000           1         -192.6741   
      2489:     74670.000000           1         -192.6720   
      2490:     74700.000000           1         -192.6690   
      2491:     74730.000000           1         -192.6697   
      2492:     74760.000000           1         -192.6694   
      2493:     74790.000000           1         -192.6734   
      2494:     74820.000000           1         -192.6735   
      2495:     74850.000000           1         -192.6753   
      2496:     74880.000000           1         -192.6804   
      2497:     74910.000000           1         -192.6873   
      2498:     74940.000000           1         -192.6935   
      2499:     74970.000000           1         -192.6954   
      2500:     75000.000000           1         -192.7016   
      2501:     75030.000000           1         -192.7098   
      2502:     75060.000000           1         -192.7137   
      2503:     75090.000000           1         -192.7205   
      2504:     75120.000000           1         -192.7268   
      2505:     75150.000000           1         -192.7308   
      2506:     75180.000000           1         -192.7359   
      2507:     75210.000000           1         -192.7399   
      2508:     75240.000000           1         -192.7386   
      2509:     75270.000000           1         -192.7423   
      2510:     75300.000000           1         -192.7487   
      2511:     75330.000000           1         -192.7506   
      2512:     75360.000000           1           12.9706   
      2513:     75390.000000           1         -370.6704   
      2514:     75420.000000           1           12.9704   
      2515:     75450.000000           1           12.9687   
      2516:     75480.000000           1           12.9684   
      2517:     75510.000000           1           12.9693   
      2518:     75540.000000           1           12.9720   
      2519:     75570.000000           1           12.9705   
      2520:     75600.000000           1           12.9700   
      2521:     75630.000000           1           12.9706   
      2522:     75660.000000           1           12.9704   
      2523:     75690.000000           1           12.9688   
      2524:     75720.000000           1           12.9671   
      2525:     75750.000000           1           12.9641   
      2526:     75780.000000           1           12.9619   
      2527:     75810.000000           1           12.9612   
      2528:     75840.000000           1           12.9593   
      2529:     75870.000000           1           12.9549   
      2530:     75900.000000           1           12.9540   
      2531:     75930.000000           1           12.9493   
      2532:     75960.000000           1           12.9494   
      2533:     75990.000000           1           12.9489   
      2534:     76020.000000           1           12.9432   
      2535:     76050.000000           1           12.9419   
      2536:     76080.000000           1           12.9385   
      2537:     76110.000000           1           12.9371   
      2538:     76140.000000           1           12.9343   
      2539:     76170.000000           1           12.9358   
      2540:     76200.000000           1           12.9336   
      2541:     76230.000000           1           12.9270   
      2542:     76260.000000           1           12.9249   
      2543:     76290.000000           1           12.9228   
      2544:     76320.000000           1           12.9230   
      2545:     76350.000000           1           12.9217   
      2546:     76380.000000           1           12.9208   
      2547:     76410.000000           1           12.9211   
      2548:     76440.000000           1           12.9219   
      2549:     76470.000000           1           12.9199   
      2550:     76500.000000           1           12.9183   
