      1867:     56010.000000           1           91.1658   
      1868:     56040.000000           1           91.1816   
      1869:     56070.000000           1           91.1800   
      1870:     56100.000000           1           91.1822   
      1871:     56130.000000           1           91.1675   
      1872:     56160.000000           1           91.1726   
      1873:     56190.000000           1           91.1641   
      1874:     56220.000000           1           91.1682   
      1875:     56250.000000           1           91.1608   
      1876:     56280.000000           1           91.1649   
      1877:     56310.000000           1           91.1747   
      1878:     56340.000000           1           91.1806   
      1879:     56370.000000           1           91.1880   
      1880:     56400.000000           1           91.1833   
      1881:     56430.000000           1           91.1971   
      1882:     56460.000000           1           91.2027   
      1883:     56490.000000           1           91.2064   
      1884:     56520.000000           1           91.2085   
      1885:     56550.000000           1           91.2024   
      1886:     56580.000000           1           91.2063   
      1887:     56610.000000           1           91.2054   
      1888:     56640.000000           1           91.2075   
      1889:     56670.000000           1           91.2051   
      1890:     56700.000000           1           91.2129   
      1892:     56760.000000           1           91.2290   
      1893:     56790.000000           1           91.2267   
      1894:     56820.000000           1           91.2356   
      1895:     56850.000000           1           91.2365   
      1896:     56880.000000           1           91.2450   
      1897:     56910.000000           1           91.2516   
      1898:     56940.000000           1           91.2593   
      1929:     57870.000000           1           91.4901   
      1930:     57900.000000           1           91.4978   
      1931:     57930.000000           1           91.5058   
      1932:     57960.000000           1           91.5063   
      1933:     57990.000000           1           91.5044   
      1934:     58020.000000           1           91.5019   
      1935:     58050.000000           1           91.5034   
      1936:     58080.000000           1           91.5052   
      1937:     58110.000000           1           91.5085   
      1938:     58140.000000           1           91.5093   
      1939:     58170.000000           1           91.5087   
      1940:     58200.000000           1           91.5081   
      1941:     58230.000000           1           91.5085   
      1942:     58260.000000           1           91.5126   
      1943:     58290.000000           1           91.5128   
      1944:     58320.000000           1           91.5086   
      1945:     58350.000000           1           91.5108   
      1946:     58380.000000           1           91.5112   
      1947:     58410.000000           1           91.5141   
      1948:     58440.000000           1           91.5163   
      1949:     58470.000000           1           91.5138   
      1950:     58500.000000           1           91.5120   
      1951:     58530.000000           1           91.5102   
      1952:     58560.000000           1           91.5043   
      1953:     58590.000000           1           91.5048   
      1954:     58620.000000           1           91.5012   
      1955:     58650.000000           1           91.4973   
      1956:     58680.000000           1           91.4889   
      1957:     58710.000000           1           91.4805   
      1958:     58740.000000           1           91.4713   
      1959:     58770.000000           1           91.4652   
      1960:     58800.000000           1           91.4627   
      1961:     58830.000000           1           91.4606   
      1962:     58860.000000           1           91.4557   
      1963:     58890.000000           1           91.4454   
      1964:     58920.000000           1           91.4373   
      1965:     58950.000000           1           91.4301   
      1966:     58980.000000           1           91.4227   
      1967:     59010.000000           1           91.4160   
      1968:     59040.000000           1           91.4077   
      1969:     59070.000000           1           91.4001   
      1970:     59100.000000           1           91.3967   
      1971:     59130.000000           1           91.3898   
      1972:     59160.000000           1           91.3813   
      1973:     59190.000000           1           91.3779   
      1974:     59220.000000           1           91.3809   
      1975:     59250.000000           1           91.3804   
      1976:     59280.000000           1           91.3809   
      1977:     59310.000000           1           91.3825   
      1978:     59340.000000           1           91.3849   
      1979:     59370.000000           1           91.3851   
      1980:     59400.000000           1           91.3862   
      1981:     59430.000000           1           91.3902   
      1982:     59460.000000           1           91.3895   
      1983:     59490.000000           1           91.3900   
      1984:     59520.000000           1           91.3856   
      1985:     59550.000000           1           91.3826   
      1986:     59580.000000           1           91.3780   
      1987:     59610.000000           1           91.3758   
      1988:     59640.000000           1           91.3762   
      1989:     59670.000000           1           91.3743   
      1990:     59700.000000           1           91.3717   
      1991:     59730.000000           1           91.3697   
      1992:     59760.000000           1           91.3662   
      1993:     59790.000000           1           91.3659   
      1995:     59850.000000           1           91.3638   
      1996:     59880.000000           1           91.3595   
      1997:     59910.000000           1           91.3524   
      2043:     61290.000000           1           91.3834   
      2044:     61320.000000           1           91.3826   
      2045:     61350.000000           1           91.3821   
      2047:     61410.000000           1           91.3950   
      2048:     61440.000000           1           91.4015   
      2050:     61500.000000           1           91.4148   
      2051:     61530.000000           1           91.4190   
      2053:     61590.000000           1           91.4220   
      2055:     61650.000000           1           91.4192   
      2056:     61680.000000           1           91.4208   
      2057:     61710.000000           1           91.4239   
      2058:     61740.000000           1           91.4258   
      2059:     61770.000000           1           91.4261   
      2060:     61800.000000           1           91.4291   
      2061:     61830.000000           1           91.4306   
      2067:     62010.000000           1           91.4428   
      2068:     62040.000000           1           91.4474   
      2151:     64530.000000           1           91.4988   
      2152:     64560.000000           1           91.4998   
      2153:     64590.000000           1           91.5004   
      2154:     64620.000000           1           91.4999   
      2155:     64650.000000           1           91.4956   
      2156:     64680.000000           1           91.4945   
      2157:     64710.000000           1           91.4925   
      2158:     64740.000000           1           91.4957   
      2159:     64770.000000           1           91.5006   
      2160:     64800.000000           1           91.5022   
      2161:     64830.000000           1           91.5046   
      2162:     64860.000000           1           91.5107   
      2163:     64890.000000           1           91.5134   
      2164:     64920.000000           1           91.5134   
      2165:     64950.000000           1           91.5160   
      2166:     64980.000000           1           91.5143   
      2167:     65010.000000           1           91.5148   
      2168:     65040.000000           1           91.5114   
      2171:     65130.000000           1           91.5177   
