      1806:     54180.000000           1           34.0559   
      1810:     54300.000000           1           34.0577   
      1811:     54330.000000           1           34.0574   
      1812:     54360.000000           1           34.0578   
      1813:     54390.000000           1           34.0577   
      1814:     54420.000000           1           34.0503   
      1815:     54450.000000           1           34.0437   
      1816:     54480.000000           1           34.0407   
      1817:     54510.000000           1           34.0368   
      1818:     54540.000000           1           34.0315   
      1819:     54570.000000           1           34.0313   
      1820:     54600.000000           1           34.0315   
      1821:     54630.000000           1           34.0331   
      1822:     54660.000000           1           34.0358   
      1823:     54690.000000           1           34.0400   
      1824:     54720.000000           1           34.0403   
      1825:     54750.000000           1           34.0411   
      1826:     54780.000000           1           34.0376   
      1827:     54810.000000           1           34.0349   
      1828:     54840.000000           1           34.0336   
      1829:     54870.000000           1           34.0277   
      1830:     54900.000000           1           71.0134   
      1831:     54930.000000           1           71.0509   
      1832:     54960.000000           1           71.0605   
      1833:     54990.000000           1           71.0913   
      1834:     55020.000000           1           71.1360   
      1835:     55050.000000           1           71.1392   
      1836:     55080.000000           1           71.1826   
      1837:     55110.000000           1           71.1758   
      1838:     55140.000000           1           71.1784   
      1839:     55170.000000           1           71.1881   
      1840:     55200.000000           1           71.1750   
      1841:     55230.000000           1           71.1800   
      1842:     55260.000000           1           71.1738   
      1843:     55290.000000           1           71.1873   
      1844:     55320.000000           1           71.1849   
      1845:     55350.000000           1           71.1751   
      1846:     55380.000000           1           71.1619   
      1847:     55410.000000           1           71.1494   
      1848:     55440.000000           1           71.1428   
      1849:     55470.000000           1           71.1340   
      1850:     55500.000000           1           71.1389   
      1851:     55530.000000           1           71.1313   
      1852:     55560.000000           1           71.1220   
      1853:     55590.000000           1           71.1268   
      1854:     55620.000000           1           71.1209   
      1855:     55650.000000           1           71.1189   
      1856:     55680.000000           1           71.1149   
      1857:     55710.000000           1           71.1062   
      1858:     55740.000000           1           71.1000   
      1859:     55770.000000           1           33.9744   
      1860:     55800.000000           1           71.0882   
      1861:     55830.000000           1           71.0801   
      1862:     55860.000000           1           71.0791   
      1863:     55890.000000           1           71.0848   
      1864:     55920.000000           1           71.0942   
      1865:     55950.000000           1           71.0932   
      1866:     55980.000000           1           71.0903   
      1867:     56010.000000           1           71.0884   
      1868:     56040.000000           1           71.0872   
      1869:     56070.000000           1           71.0908   
      1870:     56100.000000           1           71.0900   
      1871:     56130.000000           1           71.0850   
      1872:     56160.000000           1           71.0805   
      1873:     56190.000000           1           71.0864   
      1874:     56220.000000           1           71.0876   
      1875:     56250.000000           1           71.0741   
      1876:     56280.000000           1           71.0689   
      1877:     56310.000000           1           71.0679   
      1878:     56340.000000           1           71.0674   
      1879:     56370.000000           1           71.0662   
      1880:     56400.000000           1           71.0581   
      1881:     56430.000000           1           71.0608   
      1882:     56460.000000           1           71.0578   
      1883:     56490.000000           1           71.0528   
      1884:     56520.000000           1           71.0466   
      1885:     56550.000000           1           71.0387   
      1886:     56580.000000           1           71.0293   
      1887:     56610.000000           1           71.0261   
      1888:     56640.000000           1           71.0219   
      1889:     56670.000000           1           71.0141   
      1890:     56700.000000           1           71.0143   
      1891:     56730.000000           1           71.0096   
      1892:     56760.000000           1           70.9963   
      1893:     56790.000000           1           70.9908   
      1894:     56820.000000           1           70.9851   
      1895:     56850.000000           1           70.9799   
      1896:     56880.000000           1           70.9748   
      1897:     56910.000000           1           70.9740   
      1898:     56940.000000           1           70.9705   
      1899:     56970.000000           1           33.9128   
      1900:     57000.000000           1           33.9104   
      1901:     57030.000000           1           33.9099   
      1902:     57060.000000           1           33.9087   
      1903:     57090.000000           1           33.9080   
      1904:     57120.000000           1           33.9060   
      1905:     57150.000000           1           33.9019   
      1906:     57180.000000           1           33.9044   
      1907:     57210.000000           1           33.8985   
      1908:     57240.000000           1           33.8950   
      1909:     57270.000000           1           33.8928   
      1910:     57300.000000           1           33.8910   
      1911:     57330.000000           1           33.8872   
      1912:     57360.000000           1           33.8875   
      1913:     57390.000000           1           33.8863   
      1914:     57420.000000           1           33.8861   
      1915:     57450.000000           1           33.8873   
      1916:     57480.000000           1           33.8845   
      1917:     57510.000000           1           33.8883   
      1918:     57540.000000           1           33.8871   
      1919:     57570.000000           1           33.8880   
      1920:     57600.000000           1           33.8860   
      1921:     57630.000000           1           33.8847   
      1922:     57660.000000           1           33.8853   
      1923:     57690.000000           1           70.8535   
      1924:     57720.000000           1           33.8774   
      1925:     57750.000000           1           33.8758   
      1926:     57780.000000           1           70.8482   
      1927:     57810.000000           1           33.8775   
      1928:     57840.000000           1           70.8501   
      1929:     57870.000000           1           70.8540   
      1930:     57900.000000           1           70.8522   
      1931:     57930.000000           1           70.8543   
      1932:     57960.000000           1           70.8544   
      1933:     57990.000000           1           70.8523   
      1934:     58020.000000           1           70.8484   
      1935:     58050.000000           1           70.8472   
      1936:     58080.000000           1           70.8477   
      1937:     58110.000000           1           70.8465   
      1938:     58140.000000           1           70.8477   
      1939:     58170.000000           1           70.8460   
      1940:     58200.000000           1           70.8441   
      1941:     58230.000000           1           70.8421   
      1942:     58260.000000           1           70.8424   
      1943:     58290.000000           1           70.8389   
      1944:     58320.000000           1           70.8337   
      1945:     58350.000000           1           70.8315   
      1946:     58380.000000           1           70.8293   
      1947:     58410.000000           1           70.8276   
      1948:     58440.000000           1           70.8238   
      1949:     58470.000000           1           70.8177   
      1950:     58500.000000           1           70.8160   
      1951:     58530.000000           1           70.8130   
      1952:     58560.000000           1           70.8077   
      1953:     58590.000000           1           70.8097   
      1954:     58620.000000           1           70.8085   
      1955:     58650.000000           1           70.8063   
      1956:     58680.000000           1           70.7995   
      1957:     58710.000000           1           70.7913   
      1958:     58740.000000           1           70.7852   
      1959:     58770.000000           1           70.7823   
      1960:     58800.000000           1           70.7817   
      1961:     58830.000000           1           70.7808   
      1962:     58860.000000           1           70.7777   
      1963:     58890.000000           1           70.7728   
      1964:     58920.000000           1           70.7703   
      1965:     58950.000000           1           70.7670   
      1966:     58980.000000           1           70.7632   
      1967:     59010.000000           1           70.7609   
      1968:     59040.000000           1           70.7548   
      1969:     59070.000000           1           70.7496   
      1970:     59100.000000           1           70.7497   
      1971:     59130.000000           1           70.7451   
      1972:     59160.000000           1           70.7370   
      1973:     59190.000000           1           70.7328   
      1974:     59220.000000           1           70.7332   
      1975:     59250.000000           1           70.7316   
      1976:     59280.000000           1           70.7307   
      1977:     59310.000000           1           70.7307   
      1978:     59340.000000           1           70.7318   
      1979:     59370.000000           1           70.7307   
      1980:     59400.000000           1           70.7290   
      1981:     59430.000000           1           70.7298   
      1982:     59460.000000           1           70.7285   
      1983:     59490.000000           1           70.7285   
      1984:     59520.000000           1           70.7244   
      1985:     59550.000000           1           70.7230   
      1986:     59580.000000           1           70.7170   
      1987:     59610.000000           1           70.7154   
      1988:     59640.000000           1           70.7169   
      1989:     59670.000000           1           70.7155   
      1990:     59700.000000           1           70.7137   
      1991:     59730.000000           1           70.7119   
      1992:     59760.000000           1           70.7088   
      1993:     59790.000000           1           70.7086   
      1994:     59820.000000           1           70.7070   
      1995:     59850.000000           1           70.7082   
      1996:     59880.000000           1           70.7058   
      1997:     59910.000000           1           70.7007   
      1998:     59940.000000           1           70.7026   
      1999:     59970.000000           1           70.7020   
      2000:     60000.000000           1           70.7030   
      2001:     60030.000000           1           70.7021   
      2002:     60060.000000           1           70.7042   
      2003:     60090.000000           1           70.7071   
      2004:     60120.000000           1           70.7059   
      2005:     60150.000000           1           70.7103   
      2006:     60180.000000           1           70.7120   
      2007:     60210.000000           1           70.7116   
      2008:     60240.000000           1           70.7131   
      2009:     60270.000000           1           70.7127   
      2010:     60300.000000           1           70.7116   
      2011:     60330.000000           1           70.7121   
      2012:     60360.000000           1           70.7170   
      2013:     60390.000000           1           70.7166   
      2014:     60420.000000           1           70.7163   
      2015:     60450.000000           1           70.7138   
      2016:     60480.000000           1           70.7108   
      2017:     60510.000000           1           70.7072   
      2018:     60540.000000           1           70.7070   
      2019:     60570.000000           1           70.7062   
      2020:     60600.000000           1           70.7065   
      2021:     60630.000000           1           70.7059   
      2022:     60660.000000           1           70.7009   
      2023:     60690.000000           1           70.7026   
      2024:     60720.000000           1           70.7085   
      2025:     60750.000000           1           70.7128   
      2026:     60780.000000           1           70.7101   
      2027:     60810.000000           1           70.7059   
      2028:     60840.000000           1           70.7046   
      2029:     60870.000000           1           70.7062   
      2030:     60900.000000           1           70.7075   
      2031:     60930.000000           1           70.7092   
      2032:     60960.000000           1           70.7133   
      2033:     60990.000000           1           70.7170   
      2034:     61020.000000           1           70.7187   
      2035:     61050.000000           1           70.7234   
      2036:     61080.000000           1           70.7210   
      2037:     61110.000000           1           70.7210   
      2038:     61140.000000           1           70.7111   
      2039:     61170.000000           1           70.7098   
      2040:     61200.000000           1           70.7049   
      2041:     61230.000000           1           70.7024   
      2042:     61260.000000           1           70.7030   
      2043:     61290.000000           1           70.6990   
      2044:     61320.000000           1           70.6971   
      2045:     61350.000000           1           70.6957   
      2046:     61380.000000           1           70.6966   
      2047:     61410.000000           1           70.7023   
      2048:     61440.000000           1           70.7061   
      2049:     61470.000000           1           70.7152   
      2050:     61500.000000           1           70.7121   
      2051:     61530.000000           1           70.7146   
      2052:     61560.000000           1           70.7091   
      2053:     61590.000000           1           70.7098   
      2054:     61620.000000           1           70.7037   
      2055:     61650.000000           1           70.7021   
      2056:     61680.000000           1           70.7032   
      2057:     61710.000000           1           70.7063   
      2058:     61740.000000           1           70.7083   
      2059:     61770.000000           1           70.7083   
      2060:     61800.000000           1           70.7113   
      2061:     61830.000000           1           70.7126   
      2062:     61860.000000           1           70.7124   
      2063:     61890.000000           1           70.7144   
      2064:     61920.000000           1           70.7158   
      2065:     61950.000000           1           70.7171   
      2066:     61980.000000           1           70.7190   
      2067:     62010.000000           1           70.7200   
      2068:     62040.000000           1           70.7234   
      2069:     62070.000000           1           70.7265   
      2070:     62100.000000           1           70.7285   
      2071:     62130.000000           1           70.7309   
      2072:     62160.000000           1           70.7366   
      2073:     62190.000000           1           70.7387   
      2074:     62220.000000           1           70.7409   
      2075:     62250.000000           1           70.7389   
      2076:     62280.000000           1           70.7329   
      2077:     62310.000000           1           70.7304   
      2078:     62340.000000           1           70.7324   
      2079:     62370.000000           1           70.7316   
      2080:     62400.000000           1           70.7304   
      2081:     62430.000000           1           70.7273   
      2082:     62460.000000           1           70.7274   
      2083:     62490.000000           1           70.7279   
      2084:     62520.000000           1           70.7279   
      2085:     62550.000000           1           70.7237   
      2086:     62580.000000           1           70.7215   
      2087:     62610.000000           1           70.7207   
      2088:     62640.000000           1           70.7209   
      2089:     62670.000000           1           70.7200   
      2090:     62700.000000           1           70.7236   
      2091:     62730.000000           1           70.7219   
      2092:     62760.000000           1           70.7242   
      2093:     62790.000000           1           70.7257   
      2094:     62820.000000           1           70.7260   
      2095:     62850.000000           1           70.7246   
      2096:     62880.000000           1           70.7232   
      2097:     62910.000000           1           70.7247   
      2098:     62940.000000           1           70.7236   
      2099:     62970.000000           1           70.7272   
      2100:     63000.000000           1           70.7290   
      2101:     63030.000000           1           70.7317   
      2102:     63060.000000           1           70.7353   
      2103:     63090.000000           1           70.7381   
      2104:     63120.000000           1           70.7431   
      2105:     63150.000000           1           70.7428   
      2106:     63180.000000           1           70.7443   
      2107:     63210.000000           1           70.7455   
      2108:     63240.000000           1           70.7468   
      2109:     63270.000000           1           70.7482   
      2110:     63300.000000           1           70.7490   
      2111:     63330.000000           1           70.7517   
      2112:     63360.000000           1           70.7551   
      2113:     63390.000000           1           70.7553   
      2114:     63420.000000           1           70.7586   
      2115:     63450.000000           1           70.7600   
      2116:     63480.000000           1           70.7622   
      2117:     63510.000000           1           70.7657   
      2118:     63540.000000           1           70.7688   
      2119:     63570.000000           1           70.7713   
      2120:     63600.000000           1           70.7727   
      2121:     63630.000000           1           70.7768   
      2122:     63660.000000           1           70.7808   
      2123:     63690.000000           1           70.7850   
      2124:     63720.000000           1           70.7827   
      2125:     63750.000000           1           70.7837   
      2126:     63780.000000           1           70.7844   
      2127:     63810.000000           1           70.7838   
      2128:     63840.000000           1           70.7833   
      2129:     63870.000000           1           70.7816   
      2130:     63900.000000           1           70.7813   
      2131:     63930.000000           1           70.7788   
      2132:     63960.000000           1           70.7786   
      2133:     63990.000000           1           70.7777   
      2134:     64020.000000           1           70.7756   
      2135:     64050.000000           1           70.7772   
      2136:     64080.000000           1           70.7768   
      2137:     64110.000000           1           70.7774   
      2138:     64140.000000           1           70.7780   
      2139:     64170.000000           1           70.7773   
      2140:     64200.000000           1           70.7797   
      2141:     64230.000000           1           70.7809   
      2142:     64260.000000           1           70.7836   
      2143:     64290.000000           1           70.7862   
      2144:     64320.000000           1           70.7876   
      2145:     64350.000000           1           70.7866   
      2146:     64380.000000           1           70.7819   
      2147:     64410.000000           1           70.7800   
      2148:     64440.000000           1           70.7773   
      2149:     64470.000000           1           70.7779   
      2150:     64500.000000           1           70.7797   
      2151:     64530.000000           1           70.7778   
      2152:     64560.000000           1           70.7781   
      2153:     64590.000000           1           70.7784   
      2154:     64620.000000           1           70.7776   
      2155:     64650.000000           1           70.7730   
      2156:     64680.000000           1           70.7718   
      2157:     64710.000000           1           70.7697   
      2158:     64740.000000           1           70.7726   
      2159:     64770.000000           1           70.7773   
      2160:     64800.000000           1           70.7788   
      2161:     64830.000000           1           70.7810   
      2162:     64860.000000           1           70.7869   
      2163:     64890.000000           1           70.7892   
      2164:     64920.000000           1           70.7890   
      2165:     64950.000000           1           70.7912   
      2166:     64980.000000           1           70.7888   
      2167:     65010.000000           1           70.7887   
      2168:     65040.000000           1           70.7846   
      2169:     65070.000000           1           70.7859   
      2170:     65100.000000           1           70.7888   
      2171:     65130.000000           1           70.7894   
      2172:     65160.000000           1           70.7928   
      2173:     65190.000000           1           70.7913   
      2174:     65220.000000           1           70.7920   
      2175:     65250.000000           1           70.7900   
      2176:     65280.000000           1           70.7865   
      2177:     65310.000000           1           70.7856   
      2178:     65340.000000           1           70.7844   
      2179:     65370.000000           1           70.7823   
      2180:     65400.000000           1           70.7844   
      2181:     65430.000000           1           70.7862   
      2182:     65460.000000           1           70.7908   
      2183:     65490.000000           1           70.7922   
      2184:     65520.000000           1           70.7966   
      2185:     65550.000000           1           70.8002   
      2186:     65580.000000           1           70.8009   
      2187:     65610.000000           1           70.8039   
      2188:     65640.000000           1           70.8070   
      2189:     65670.000000           1           70.8142   
      2190:     65700.000000           1           70.8219   
      2191:     65730.000000           1           70.8261   
      2192:     65760.000000           1           70.8272   
      2193:     65790.000000           1           70.8249   
      2194:     65820.000000           1           70.8226   
      2195:     65850.000000           1           70.8206   
      2196:     65880.000000           1           70.8215   
      2197:     65910.000000           1           70.8242   
      2198:     65940.000000           1           70.8258   
      2199:     65970.000000           1           70.8274   
      2200:     66000.000000           1           70.8342   
      2201:     66030.000000           1           70.8398   
      2202:     66060.000000           1           70.8413   
      2203:     66090.000000           1           70.8386   
      2204:     66120.000000           1           70.8381   
      2205:     66150.000000           1           70.8365   
      2206:     66180.000000           1           70.8337   
      2207:     66210.000000           1           70.8332   
      2208:     66240.000000           1           70.8339   
      2209:     66270.000000           1           70.8335   
      2210:     66300.000000           1           70.8343   
      2211:     66330.000000           1           70.8386   
      2212:     66360.000000           1           70.8405   
      2213:     66390.000000           1           70.8409   
      2214:     66420.000000           1           70.8401   
      2215:     66450.000000           1           70.8405   
      2216:     66480.000000           1           70.8407   
      2217:     66510.000000           1           70.8408   
      2218:     66540.000000           1           70.8419   
      2219:     66570.000000           1           70.8386   
      2220:     66600.000000           1           70.8434   
      2221:     66630.000000           1           70.8461   
      2222:     66660.000000           1           70.8484   
      2223:     66690.000000           1           70.8508   
      2224:     66720.000000           1           70.8506   
      2225:     66750.000000           1           70.8501   
      2226:     66780.000000           1           70.8462   
      2227:     66810.000000           1           70.8476   
      2228:     66840.000000           1           70.8444   
      2229:     66870.000000           1           70.8447   
      2230:     66900.000000           1           70.8451   
      2231:     66930.000000           1           70.8447   
      2232:     66960.000000           1           70.8431   
      2233:     66990.000000           1           70.8453   
      2234:     67020.000000           1           70.8438   
      2235:     67050.000000           1           70.8353   
      2236:     67080.000000           1           70.8334   
      2237:     67110.000000           1           70.8307   
      2238:     67140.000000           1           70.8295   
      2239:     67170.000000           1           70.8284   
      2240:     67200.000000           1           70.8278   
      2241:     67230.000000           1           70.8300   
      2242:     67260.000000           1           70.8284   
      2243:     67290.000000           1           70.8287   
      2244:     67320.000000           1           70.8301   
      2245:     67350.000000           1           70.8337   
      2246:     67380.000000           1           70.8349   
      2247:     67410.000000           1           70.8353   
      2248:     67440.000000           1           70.8331   
      2249:     67470.000000           1           70.8328   
      2250:     67500.000000           1           70.8342   
      2251:     67530.000000           1           70.8337   
      2252:     67560.000000           1           70.8365   
      2253:     67590.000000           1           70.8350   
      2254:     67620.000000           1           70.8345   
      2255:     67650.000000           1           70.8380   
      2256:     67680.000000           1           70.8379   
      2257:     67710.000000           1           70.8393   
      2258:     67740.000000           1           70.8406   
      2259:     67770.000000           1           70.8402   
      2260:     67800.000000           1           70.8411   
      2261:     67830.000000           1           70.8394   
      2262:     67860.000000           1           70.8409   
      2263:     67890.000000           1           70.8451   
      2264:     67920.000000           1           70.8411   
      2265:     67950.000000           1           70.8399   
      2266:     67980.000000           1           70.8403   
      2267:     68010.000000           1           70.8370   
      2268:     68040.000000           1           70.8391   
      2269:     68070.000000           1           70.8389   
      2270:     68100.000000           1           70.8370   
      2271:     68130.000000           1           70.8375   
      2272:     68160.000000           1           70.8393   
      2273:     68190.000000           1           70.8371   
      2274:     68220.000000           1           70.8399   
      2275:     68250.000000           1           70.8390   
      2276:     68280.000000           1           70.8391   
      2277:     68310.000000           1           70.8367   
      2278:     68340.000000           1           70.8377   
      2279:     68370.000000           1           70.8384   
      2280:     68400.000000           1           70.8365   
      2281:     68430.000000           1           70.8381   
      2282:     68460.000000           1           70.8382   
      2283:     68490.000000           1           70.8373   
      2284:     68520.000000           1           70.8353   
      2285:     68550.000000           1           70.8348   
      2286:     68580.000000           1           70.8348   
      2287:     68610.000000           1           70.8360   
      2288:     68640.000000           1           70.8392   
      2289:     68670.000000           1           70.8375   
      2290:     68700.000000           1           70.8338   
      2291:     68730.000000           1           70.8290   
      2292:     68760.000000           1           70.8273   
      2293:     68790.000000           1           70.8266   
      2294:     68820.000000           1           70.8260   
      2295:     68850.000000           1           70.8269   
      2296:     68880.000000           1           70.8268   
      2297:     68910.000000           1           70.8278   
      2298:     68940.000000           1           70.8266   
      2299:     68970.000000           1           70.8268   
      2300:     69000.000000           1           70.8280   
      2301:     69030.000000           1           70.8313   
      2302:     69060.000000           1           70.8344   
      2303:     69090.000000           1           70.8380   
      2304:     69120.000000           1           70.8383   
      2305:     69150.000000           1           70.8354   
      2306:     69180.000000           1           70.8313   
      2307:     69210.000000           1           70.8291   
      2308:     69240.000000           1           70.8292   
      2309:     69270.000000           1           70.8292   
      2310:     69300.000000           1           70.8296   
      2311:     69330.000000           1           70.8308   
      2312:     69360.000000           1           70.8311   
      2313:     69390.000000           1           70.8309   
      2314:     69420.000000           1           70.8292   
      2315:     69450.000000           1           70.8261   
      2316:     69480.000000           1           70.8244   
      2317:     69510.000000           1           70.8251   
      2318:     69540.000000           1           70.8247   
      2319:     69570.000000           1           70.8225   
      2320:     69600.000000           1           70.8215   
      2321:     69630.000000           1           70.8217   
      2322:     69660.000000           1           70.8261   
      2323:     69690.000000           1           70.8236   
      2324:     69720.000000           1           70.8250   
      2325:     69750.000000           1           70.8246   
      2326:     69780.000000           1           70.8245   
      2327:     69810.000000           1           70.8231   
      2328:     69840.000000           1           70.8229   
      2329:     69870.000000           1           70.8189   
      2330:     69900.000000           1           70.8168   
      2331:     69930.000000           1           70.8166   
      2332:     69960.000000           1           70.8135   
      2333:     69990.000000           1           70.8158   
      2334:     70020.000000           1           70.8168   
      2335:     70050.000000           1           70.8176   
      2336:     70080.000000           1           70.8188   
      2337:     70110.000000           1           70.8206   
      2338:     70140.000000           1           70.8182   
      2339:     70170.000000           1           70.8174   
      2340:     70200.000000           1           70.8164   
      2341:     70230.000000           1           70.8163   
      2342:     70260.000000           1           70.8185   
      2343:     70290.000000           1           70.8162   
      2344:     70320.000000           1           70.8182   
      2345:     70350.000000           1           70.8183   
      2346:     70380.000000           1           70.8168   
      2347:     70410.000000           1           70.8140   
      2348:     70440.000000           1           70.8121   
      2349:     70470.000000           1           70.8087   
      2350:     70500.000000           1           70.8079   
      2351:     70530.000000           1           70.8050   
      2352:     70560.000000           1           70.8021   
      2353:     70590.000000           1           70.8014   
      2354:     70620.000000           1           70.8018   
      2355:     70650.000000           1           70.8027   
      2356:     70680.000000           1           70.8049   
      2357:     70710.000000           1           70.8055   
      2358:     70740.000000           1           70.8064   
      2359:     70770.000000           1           70.8065   
      2360:     70800.000000           1           70.8050   
      2361:     70830.000000           1           70.8041   
      2362:     70860.000000           1           70.7995   
      2363:     70890.000000           1           70.7988   
      2364:     70920.000000           1           70.7973   
      2365:     70950.000000           1           70.7971   
      2366:     70980.000000           1           70.7965   
      2367:     71010.000000           1           70.7984   
      2368:     71040.000000           1           70.7959   
      2369:     71070.000000           1           70.7952   
      2370:     71100.000000           1           70.7939   
      2371:     71130.000000           1           70.7941   
      2372:     71160.000000           1           70.7959   
      2373:     71190.000000           1           70.7980   
      2374:     71220.000000           1           70.7996   
      2375:     71250.000000           1           70.8024   
      2376:     71280.000000           1           70.8048   
      2377:     71310.000000           1           70.8048   
      2378:     71340.000000           1           70.8068   
      2379:     71370.000000           1           70.8087   
      2380:     71400.000000           1           70.8069   
      2381:     71430.000000           1           70.8056   
      2382:     71460.000000           1           70.8032   
      2383:     71490.000000           1           70.8020   
      2384:     71520.000000           1           70.8019   
      2385:     71550.000000           1           70.8012   
      2386:     71580.000000           1           70.7991   
      2387:     71610.000000           1           70.8005   
      2388:     71640.000000           1           70.7995   
      2389:     71670.000000           1           70.8021   
      2390:     71700.000000           1           70.8025   
      2391:     71730.000000           1           70.8020   
      2392:     71760.000000           1           70.8038   
      2393:     71790.000000           1           70.8067   
      2394:     71820.000000           1           70.8098   
      2395:     71850.000000           1           70.8127   
      2396:     71880.000000           1           70.8162   
      2397:     71910.000000           1           70.8167   
      2398:     71940.000000           1           70.8164   
      2399:     71970.000000           1           70.8170   
      2400:     72000.000000           1           70.8157   
      2401:     72030.000000           1           70.8159   
      2402:     72060.000000           1           70.8149   
      2403:     72090.000000           1           70.8135   
      2404:     72120.000000           1           70.8125   
      2405:     72150.000000           1           70.8107   
      2406:     72180.000000           1           70.8109   
      2407:     72210.000000           1           70.8100   
      2408:     72240.000000           1           70.8085   
      2409:     72270.000000           1           70.8085   
      2410:     72300.000000           1           70.8077   
      2411:     72330.000000           1           70.8103   
      2412:     72360.000000           1           70.8104   
      2413:     72390.000000           1           70.8109   
      2414:     72420.000000           1           70.8108   
      2415:     72450.000000           1           70.8126   
      2416:     72480.000000           1           70.8134   
      2417:     72510.000000           1           70.8118   
      2418:     72540.000000           1           70.8110   
      2419:     72570.000000           1           70.8062   
      2420:     72600.000000           1           70.8043   
      2421:     72630.000000           1           70.8034   
      2422:     72660.000000           1           70.7993   
      2423:     72690.000000           1           70.7997   
      2424:     72720.000000           1           70.7981   
      2425:     72750.000000           1           70.7974   
      2426:     72780.000000           1           70.7960   
      2427:     72810.000000           1           70.7973   
      2428:     72840.000000           1           70.7953   
      2429:     72870.000000           1           70.7935   
      2430:     72900.000000           1           70.7933   
      2431:     72930.000000           1           70.7920   
      2432:     72960.000000           1           70.7912   
      2433:     72990.000000           1           70.7951   
      2434:     73020.000000           1           70.7913   
      2435:     73050.000000           1           70.7905   
      2436:     73080.000000           1           70.7912   
      2437:     73110.000000           1           70.7918   
      2438:     73140.000000           1           70.7931   
      2439:     73170.000000           1           70.7911   
      2440:     73200.000000           1           70.7891   
      2441:     73230.000000           1           70.7884   
      2442:     73260.000000           1           70.7862   
      2443:     73290.000000           1           70.7858   
      2444:     73320.000000           1           70.7821   
      2445:     73350.000000           1           70.7790   
      2446:     73380.000000           1           70.7750   
      2447:     73410.000000           1           70.7727   
      2448:     73440.000000           1           70.7709   
      2449:     73470.000000           1           70.7708   
      2450:     73500.000000           1           70.7733   
      2451:     73530.000000           1           70.7750   
      2452:     73560.000000           1           70.7737   
      2453:     73590.000000           1           70.7697   
      2454:     73620.000000           1           70.7674   
      2455:     73650.000000           1           70.7676   
      2456:     73680.000000           1           70.7665   
      2457:     73710.000000           1           70.7664   
      2458:     73740.000000           1           70.7661   
      2459:     73770.000000           1           70.7648   
      2460:     73800.000000           1           70.7661   
      2461:     73830.000000           1           70.7660   
      2462:     73860.000000           1           70.7638   
      2463:     73890.000000           1           70.7625   
      2464:     73920.000000           1           70.7589   
      2465:     73950.000000           1           70.7554   
      2466:     73980.000000           1           70.7528   
      2467:     74010.000000           1           70.7523   
      2468:     74040.000000           1           70.7534   
      2469:     74070.000000           1           70.7545   
      2470:     74100.000000           1           70.7537   
      2471:     74130.000000           1           70.7518   
      2472:     74160.000000           1           70.7500   
      2473:     74190.000000           1           70.7477   
      2474:     74220.000000           1           70.7465   
      2475:     74250.000000           1           70.7470   
      2476:     74280.000000           1           70.7445   
      2477:     74310.000000           1           70.7445   
      2478:     74340.000000           1           70.7418   
      2479:     74370.000000           1           70.7411   
      2480:     74400.000000           1           70.7358   
      2481:     74430.000000           1           70.7326   
      2482:     74460.000000           1           70.7296   
      2483:     74490.000000           1           70.7284   
      2484:     74520.000000           1           70.7269   
      2485:     74550.000000           1           70.7269   
      2486:     74580.000000           1           70.7232   
      2487:     74610.000000           1           70.7203   
      2488:     74640.000000           1           70.7157   
      2489:     74670.000000           1           70.7138   
      2490:     74700.000000           1           70.7117   
      2491:     74730.000000           1           70.7108   
      2492:     74760.000000           1           70.7084   
      2493:     74790.000000           1           70.7068   
      2494:     74820.000000           1           70.7056   
      2495:     74850.000000           1           70.7050   
      2496:     74880.000000           1           70.7039   
      2497:     74910.000000           1           70.7015   
      2498:     74940.000000           1           70.6989   
      2499:     74970.000000           1           70.6983   
      2500:     75000.000000           1           70.6979   
      2501:     75030.000000           1           70.6956   
      2502:     75060.000000           1           70.6933   
      2503:     75090.000000           1           70.6902   
      2504:     75120.000000           1           70.6862   
      2505:     75150.000000           1           70.6842   
      2506:     75180.000000           1           70.6807   
      2507:     75210.000000           1           70.6790   
      2508:     75240.000000           1           70.6801   
      2509:     75270.000000           1           70.6771   
      2510:     75300.000000           1           70.6708   
      2511:     75330.000000           1           70.6682   
      2512:     75360.000000           1           70.6665   
      2513:     75390.000000           1           70.6643   
      2514:     75420.000000           1           70.6593   
      2515:     75450.000000           1           70.6570   
      2516:     75480.000000           1           70.6547   
      2517:     75510.000000           1           70.6540   
      2518:     75540.000000           1           70.6549   
      2519:     75570.000000           1           70.6521   
      2520:     75600.000000           1           70.6500   
      2521:     75630.000000           1           70.6496   
      2522:     75660.000000           1           70.6488   
      2523:     75690.000000           1           70.6466   
      2524:     75720.000000           1           70.6447   
      2525:     75750.000000           1           70.6418   
      2526:     75780.000000           1           70.6396   
      2527:     75810.000000           1           70.6386   
      2528:     75840.000000           1           70.6371   
      2529:     75870.000000           1           70.6338   
      2530:     75900.000000           1           70.6336   
      2531:     75930.000000           1           70.6301   
      2532:     75960.000000           1           70.6301   
      2533:     75990.000000           1           70.6296   
      2534:     76020.000000           1           70.6252   
      2535:     76050.000000           1           70.6241   
      2536:     76080.000000           1           70.6216   
      2537:     76110.000000           1           70.6204   
      2538:     76140.000000           1           70.6178   
      2539:     76170.000000           1           70.6187   
      2540:     76200.000000           1           70.6166   
      2541:     76230.000000           1           70.6101   
      2542:     76260.000000           1           70.6083   
      2543:     76290.000000           1           70.6056   
      2544:     76320.000000           1           70.6050   
      2545:     76350.000000           1           70.6028   
      2546:     76380.000000           1           70.6010   
      2547:     76410.000000           1           70.6002   
      2548:     76440.000000           1           70.6000   
      2549:     76470.000000           1           70.5968   
      2550:     76500.000000           1           70.5936   
      2551:     76530.000000           1           70.5933   
      2552:     76560.000000           1           70.5936   
      2553:     76590.000000           1           70.5925   
      2554:     76620.000000           1           70.5904   
      2555:     76650.000000           1           70.5887   
      2556:     76680.000000           1           70.5869   
      2557:     76710.000000           1           70.5873   
      2558:     76740.000000           1           70.5861   
      2559:     76770.000000           1           70.5854   
      2560:     76800.000000           1           70.5831   
      2561:     76830.000000           1           70.5803   
      2562:     76860.000000           1           70.5773   
      2563:     76890.000000           1           70.5775   
      2564:     76920.000000           1           70.5743   
      2565:     76950.000000           1           70.5718   
      2566:     76980.000000           1           70.5660   
      2567:     77010.000000           1           70.5621   
      2568:     77040.000000           1           70.5550   
      2569:     77070.000000           1           70.5518   
      2570:     77100.000000           1           70.5492   
      2571:     77130.000000           1           70.5450   
      2572:     77160.000000           1           70.5424   
      2573:     77190.000000           1           70.5376   
      2574:     77220.000000           1           70.5355   
      2575:     77250.000000           1           70.5335   
      2576:     77280.000000           1           70.5312   
      2577:     77310.000000           1           70.5283   
      2578:     77340.000000           1           70.5235   
      2579:     77370.000000           1           70.5186   
      2580:     77400.000000           1           70.5149   
      2581:     77430.000000           1           70.5125   
      2582:     77460.000000           1           70.5091   
      2583:     77490.000000           1           70.5051   
      2584:     77520.000000           1           70.5000   
      2585:     77550.000000           1           70.4990   
      2586:     77580.000000           1           70.4973   
      2587:     77610.000000           1           70.4963   
      2588:     77640.000000           1           70.4956   
      2589:     77670.000000           1           70.4926   
      2590:     77700.000000           1           70.4926   
      2591:     77730.000000           1           70.4921   
      2592:     77760.000000           1           70.4895   
      2593:     77790.000000           1           70.4864   
      2594:     77820.000000           1           70.4851   
      2595:     77850.000000           1           70.4840   
      2596:     77880.000000           1           70.4846   
      2597:     77910.000000           1           70.4825   
      2598:     77940.000000           1           70.4803   
      2599:     77970.000000           1           70.4775   
      2600:     78000.000000           1           70.4755   
      2601:     78030.000000           1           70.4725   
      2602:     78060.000000           1           70.4706   
      2603:     78090.000000           1           70.4676   
      2604:     78120.000000           1           70.4656   
      2605:     78150.000000           1           70.4606   
      2606:     78180.000000           1           70.4562   
      2607:     78210.000000           1           70.4512   
      2608:     78240.000000           1           70.4487   
      2609:     78270.000000           1           70.4469   
      2610:     78300.000000           1           70.4436   
      2611:     78330.000000           1           70.4403   
      2612:     78360.000000           1           70.4378   
      2613:     78390.000000           1           70.4373   
      2614:     78420.000000           1           70.4375   
      2615:     78450.000000           1           70.4379   
      2616:     78480.000000           1           70.4365   
      2617:     78510.000000           1           70.4356   
      2618:     78540.000000           1           70.4346   
      2619:     78570.000000           1           70.4334   
      2620:     78600.000000           1           70.4293   
      2621:     78630.000000           1           70.4257   
      2622:     78660.000000           1           70.4215   
      2623:     78690.000000           1           70.4182   
      2624:     78720.000000           1           70.4130   
      2625:     78750.000000           1           70.4079   
      2626:     78780.000000           1           70.4033   
      2627:     78810.000000           1           70.3988   
      2628:     78840.000000           1           70.3960   
      2629:     78870.000000           1           70.3921   
      2630:     78900.000000           1           70.3882   
      2631:     78930.000000           1           70.3857   
      2632:     78960.000000           1           70.3841   
      2633:     78990.000000           1           70.3833   
      2634:     79020.000000           1           70.3831   
      2635:     79050.000000           1           70.3814   
      2636:     79080.000000           1           70.3805   
      2637:     79110.000000           1           70.3789   
      2638:     79140.000000           1           70.3780   
      2639:     79170.000000           1           70.3755   
      2640:     79200.000000           1           70.3709   
      2641:     79230.000000           1           70.3685   
      2642:     79260.000000           1           70.3643   
      2643:     79290.000000           1           70.3594   
      2644:     79320.000000           1           70.3566   
      2645:     79350.000000           1           70.3531   
      2646:     79380.000000           1           70.3501   
      2647:     79410.000000           1           70.3478   
      2648:     79440.000000           1           70.3450   
      2649:     79470.000000           1           70.3415   
      2650:     79500.000000           1           70.3396   
      2651:     79530.000000           1           70.3368   
      2652:     79560.000000           1           70.3340   
      2653:     79590.000000           1           70.3313   
      2654:     79620.000000           1           70.3247   
      2655:     79650.000000           1           70.3208   
      2656:     79680.000000           1           70.3174   
      2657:     79710.000000           1           70.3120   
      2658:     79740.000000           1           70.3112   
      2659:     79770.000000           1           70.3062   
      2660:     79800.000000           1           70.3049   
      2661:     79830.000000           1           70.2970   
      2662:     79860.000000           1           70.2921   
      2663:     79890.000000           1           70.2869   
      2664:     79920.000000           1           70.2838   
      2665:     79950.000000           1           70.2813   
      2666:     79980.000000           1           70.2787   
      2667:     80010.000000           1           70.2712   
      2668:     80040.000000           1           70.2672   
      2669:     80070.000000           1           70.2632   
      2670:     80100.000000           1           70.2617   
      2671:     80130.000000           1           70.2596   
      2672:     80160.000000           1           70.2585   
      2673:     80190.000000           1           70.2551   
      2674:     80220.000000           1           70.2538   
      2675:     80250.000000           1           70.2493   
      2676:     80280.000000           1           70.2471   
      2677:     80310.000000           1           70.2435   
      2678:     80340.000000           1           70.2422   
      2679:     80370.000000           1           70.2395   
      2680:     80400.000000           1           70.2367   
      2681:     80430.000000           1           70.2342   
      2682:     80460.000000           1           70.2303   
      2683:     80490.000000           1           70.2292   
      2684:     80520.000000           1           70.2268   
      2685:     80550.000000           1           70.2245   
      2686:     80580.000000           1           70.2218   
      2687:     80610.000000           1           70.2178   
      2688:     80640.000000           1           70.2154   
      2689:     80670.000000           1           70.2136   
      2690:     80700.000000           1           70.2109   
      2691:     80730.000000           1           70.2090   
      2692:     80760.000000           1           70.2046   
      2693:     80790.000000           1           70.1970   
      2694:     80820.000000           1           70.1937   
      2695:     80850.000000           1           70.1853   
      2696:     80880.000000           1           70.1814   
      2697:     80910.000000           1           70.1797   
      2698:     80940.000000           1           70.1772   
      2699:     80970.000000           1           70.1734   
      2700:     81000.000000           1           70.1729   
      2701:     81030.000000           1           70.1710   
      2702:     81060.000000           1           70.1678   
      2703:     81090.000000           1           70.1649   
      2704:     81120.000000           1           70.1613   
      2705:     81150.000000           1           70.1594   
      2706:     81180.000000           1           70.1584   
      2707:     81210.000000           1           70.1574   
      2708:     81240.000000           1           70.1534   
      2709:     81270.000000           1           70.1515   
      2710:     81300.000000           1           70.1513   
      2711:     81330.000000           1           70.1470   
      2712:     81360.000000           1           70.1447   
      2713:     81390.000000           1           70.1419   
      2714:     81420.000000           1           70.1391   
      2715:     81450.000000           1           70.1351   
      2716:     81480.000000           1           70.1324   
      2717:     81510.000000           1           70.1264   
      2718:     81540.000000           1           70.1244   
      2719:     81570.000000           1           70.1220   
      2720:     81600.000000           1           70.1188   
      2721:     81630.000000           1           70.1161   
      2722:     81660.000000           1           70.1137   
      2723:     81690.000000           1           70.1105   
      2724:     81720.000000           1           70.1057   
      2725:     81750.000000           1           70.1010   
      2726:     81780.000000           1           70.0994   
      2727:     81810.000000           1           70.0964   
      2728:     81840.000000           1           70.0933   
      2729:     81870.000000           1           70.0902   
      2730:     81900.000000           1           70.0890   
      2731:     81930.000000           1           70.0858   
      2732:     81960.000000           1           70.0838   
      2733:     81990.000000           1           70.0811   
      2734:     82020.000000           1           70.0761   
      2735:     82050.000000           1           70.0723   
      2736:     82080.000000           1           70.0698   
      2737:     82110.000000           1           70.0684   
      2738:     82140.000000           1           70.0668   
      2739:     82170.000000           1           70.0628   
      2740:     82200.000000           1           70.0599   
      2741:     82230.000000           1           70.0544   
      2742:     82260.000000           1           70.0532   
      2743:     82290.000000           1           70.0537   
      2744:     82320.000000           1           70.0534   
      2745:     82350.000000           1           70.0530   
      2746:     82380.000000           1           70.0516   
      2747:     82410.000000           1           70.0502   
      2748:     82440.000000           1           70.0498   
      2749:     82470.000000           1           70.0450   
      2750:     82500.000000           1           70.0425   
      2751:     82530.000000           1           70.0384   
      2752:     82560.000000           1           70.0317   
      2753:     82590.000000           1           70.0281   
      2754:     82620.000000           1           70.0264   
      2755:     82650.000000           1           70.0238   
      2756:     82680.000000           1           70.0220   
      2757:     82710.000000           1           70.0208   
      2758:     82740.000000           1           70.0180   
      2759:     82770.000000           1           70.0160   
      2760:     82800.000000           1           70.0121   
      2761:     82830.000000           1           70.0100   
      2762:     82860.000000           1           70.0071   
      2763:     82890.000000           1           70.0029   
      2764:     82920.000000           1           70.0012   
      2765:     82950.000000           1           69.9952   
      2766:     82980.000000           1           69.9922   
      2767:     83010.000000           1           15.1795   
      2768:     83040.000000           1           15.1774   
      2769:     83070.000000           1           15.1755   
      2770:     83100.000000           1           15.1708   
      2771:     83130.000000           1           15.1686   
      2772:     83160.000000           1           15.1638   
      2773:     83190.000000           1           15.1619   
      2774:     83220.000000           1           15.1567   
      2775:     83250.000000           1           15.1523   
      2776:     83280.000000           1           15.1497   
      2777:     83310.000000           1           15.1436   
      2778:     83340.000000           1           15.1394   
      2779:     83370.000000           1           15.1387   
      2780:     83400.000000           1           15.1340   
      2781:     83430.000000           1           15.1309   
      2782:     83460.000000           1           15.1279   
      2783:     83490.000000           1           15.1248   
      2784:     83520.000000           1           15.1170   
      2785:     83550.000000           1           15.1139   
      2786:     83580.000000           1           15.1098   
      2787:     83610.000000           1           15.1081   
      2788:     83640.000000           1           15.1030   
      2789:     83670.000000           1           15.1016   
      2790:     83700.000000           1           15.0988   
      2791:     83730.000000           1           15.0979   
      2792:     83760.000000           1           15.0904   
      2793:     83790.000000           1           15.0875   
      2794:     83820.000000           1           15.0868   
      2795:     83850.000000           1           15.0844   
      2796:     83880.000000           1           15.0816   
      2797:     83910.000000           1           15.0781   
      2798:     83940.000000           1           15.0778   
