       237:      7110.000000           1          -45.4079   
       238:      7140.000000           1          -45.4294   
       239:      7170.000000           1          -45.4437   
       240:      7200.000000           1          -45.4388   
       241:      7230.000000           1          -45.4080   
       242:      7260.000000           1          -45.3943   
       243:      7290.000000           1          -45.3513   
       244:      7320.000000           1          -45.3504   
       245:      7350.000000           1          -45.3929   
       246:      7380.000000           1          -45.4184   
       247:      7410.000000           1          -45.4652   
       248:      7440.000000           1          -45.5109   
       249:      7470.000000           1          -45.5207   
       250:      7500.000000           1          -45.5164   
       251:      7530.000000           1          142.6226   
       252:      7560.000000           1          142.6300   
       253:      7590.000000           1          142.6503   
       254:      7620.000000           1          142.6467   
       255:      7650.000000           1          142.6204   
       256:      7680.000000           1          142.6140   
       257:      7710.000000           1          142.6012   
       258:      7740.000000           1          142.5884   
       259:      7770.000000           1          142.5822   
       260:      7800.000000           1          142.5752   
       261:      7830.000000           1          111.1537   
       262:      7860.000000           1          111.2136   
       263:      7890.000000           1          111.2879   
       264:      7920.000000           1          111.3505   
       265:      7950.000000           1          111.3928   
       266:      7980.000000           1          111.5098   
       267:      8010.000000           1          111.5839   
       268:      8040.000000           1          111.6309   
       269:      8070.000000           1          111.6806   
       270:      8100.000000           1          111.6960   
       271:      8130.000000           1          111.7441   
       272:      8160.000000           1          111.8047   
       273:      8190.000000           1          111.8626   
       274:      8220.000000           1          111.9237   
       275:      8250.000000           1          111.9753   
       276:      8280.000000           1          112.0442   
       277:      8310.000000           1          112.0759   
       278:      8340.000000           1          112.1173   
       279:      8370.000000           1          112.1302   
       280:      8400.000000           1          112.1473   
       281:      8430.000000           1          112.1655   
       282:      8460.000000           1          112.1976   
       283:      8490.000000           1          112.2194   
       284:      8520.000000           1          112.2071   
       285:      8550.000000           1          112.1968   
       286:      8580.000000           1          112.1781   
       287:      8610.000000           1          112.1668   
       288:      8640.000000           1          112.1664   
       289:      8670.000000           1          112.1770   
       290:      8700.000000           1          112.1753   
       291:      8730.000000           1          112.1791   
       292:      8760.000000           1          112.2040   
       293:      8790.000000           1          112.2149   
       294:      8820.000000           1          112.2163   
       295:      8850.000000           1          112.2358   
       296:      8880.000000           1          112.2271   
       297:      8910.000000           1          112.2413   
       298:      8940.000000           1          112.2658   
       299:      8970.000000           1          112.2857   
       300:      9000.000000           1          112.2905   
       301:      9030.000000           1          112.2975   
       302:      9060.000000           1          112.2921   
       303:      9090.000000           1          112.2904   
       304:      9120.000000           1          112.3056   
       305:      9150.000000           1          112.3120   
       306:      9180.000000           1          112.3075   
       307:      9210.000000           1          112.2958   
       308:      9240.000000           1          112.2846   
       309:      9270.000000           1          112.2547   
       310:      9300.000000           1          112.2178   
       311:      9330.000000           1          112.1746   
       312:      9360.000000           1          112.1429   
       313:      9390.000000           1          112.1248   
       314:      9420.000000           1          112.1007   
       315:      9450.000000           1          112.1084   
       316:      9480.000000           1          112.0868   
       317:      9510.000000           1          112.0843   
       318:      9540.000000           1          112.0778   
       319:      9570.000000           1          112.0766   
       320:      9600.000000           1          112.0774   
       321:      9630.000000           1          112.0735   
       322:      9660.000000           1          112.0870   
       323:      9690.000000           1          112.0947   
       324:      9720.000000           1          112.1030   
       325:      9750.000000           1          112.1150   
       326:      9780.000000           1          112.1082   
       327:      9810.000000           1          112.0989   
       328:      9840.000000           1          112.1014   
       329:      9870.000000           1          112.1136   
       330:      9900.000000           1          112.1240   
       331:      9930.000000           1          112.1196   
       332:      9960.000000           1          112.1037   
       333:      9990.000000           1          112.0992   
       334:     10020.000000           1          112.0903   
       335:     10050.000000           1          112.0931   
       336:     10080.000000           1          112.0934   
       337:     10110.000000           1          112.1060   
       338:     10140.000000           1          112.1157   
       339:     10170.000000           1          112.1163   
       340:     10200.000000           1          112.1056   
       341:     10230.000000           1          112.0946   
       342:     10260.000000           1          112.1009   
       343:     10290.000000           1          112.0967   
       344:     10320.000000           1          112.1037   
       345:     10350.000000           1          112.1007   
       346:     10380.000000           1          112.1090   
       347:     10410.000000           1          112.1221   
       348:     10440.000000           1          112.1353   
       349:     10470.000000           1          112.1372   
       350:     10500.000000           1          112.1497   
       351:     10530.000000           1          112.1522   
       352:     10560.000000           1          112.1695   
       353:     10590.000000           1          112.1628   
       354:     10620.000000           1          112.1772   
       355:     10650.000000           1          112.1783   
       356:     10680.000000           1          112.1609   
       357:     10710.000000           1          112.1348   
       358:     10740.000000           1          112.1231   
       359:     10770.000000           1          112.1114   
       360:     10800.000000           1          112.1004   
       361:     10830.000000           1          112.1065   
       362:     10860.000000           1          112.1152   
       363:     10890.000000           1          112.1058   
       364:     10920.000000           1          112.1039   
       365:     10950.000000           1          112.0975   
       366:     10980.000000           1          112.0883   
       367:     11010.000000           1          -24.0532   
       368:     11040.000000           1          112.0722   
       369:     11070.000000           1          112.0688   
       370:     11100.000000           1          -24.0804   
       371:     11130.000000           1          112.0693   
       372:     11160.000000           1          112.0687   
       373:     11190.000000           1          112.0708   
       374:     11220.000000           1          112.0720   
       375:     11250.000000           1          -24.0566   
       376:     11280.000000           1          112.1372   
       377:     11310.000000           1          112.1328   
       378:     11340.000000           1          -24.0079   
       379:     11370.000000           1          -24.0045   
       380:     11400.000000           1          112.1988   
       381:     11430.000000           1          112.2086   
       382:     11460.000000           1          112.2155   
       383:     11490.000000           1          112.2009   
       384:     11520.000000           1          112.1991   
       385:     11550.000000           1          112.2135   
       386:     11580.000000           1          112.1993   
       387:     11610.000000           1          -23.9951   
       388:     11640.000000           1          112.1708   
       389:     11670.000000           1          -24.0247   
       390:     11700.000000           1          112.1723   
       391:     11730.000000           1          112.1795   
       392:     11760.000000           1          112.1694   
       393:     11790.000000           1          112.1682   
       394:     11820.000000           1          112.1810   
       395:     11850.000000           1          -24.0180   
       396:     11880.000000           1          -24.0179   
       397:     11910.000000           1          -24.0287   
       398:     11940.000000           1          -24.0320   
       399:     11970.000000           1          -24.0411   
       400:     12000.000000           1          -24.0386   
       401:     12030.000000           1          -24.0386   
       402:     12060.000000           1          -24.0398   
       403:     12090.000000           1          -24.0386   
       404:     12120.000000           1          -24.0454   
       405:     12150.000000           1          -24.0425   
       406:     12180.000000           1          -45.4542   
       407:     12210.000000           1          -45.4561   
       408:     12240.000000           1          -45.4461   
       409:     12270.000000           1          -45.4318   
       410:     12300.000000           1          -45.4053   
       411:     12330.000000           1          -45.3982   
       412:     12360.000000           1          -45.3956   
       413:     12390.000000           1          -45.3986   
       414:     12420.000000           1          -45.3907   
       415:     12450.000000           1          -45.3779   
       416:     12480.000000           1          -45.3516   
       417:     12510.000000           1          -45.3396   
       418:     12540.000000           1          -45.3314   
       419:     12570.000000           1          -45.3330   
       420:     12600.000000           1          -45.3333   
       421:     12630.000000           1          -45.3234   
       422:     12660.000000           1          -45.3198   
      1746:     52380.000000           1            5.4742   
      1747:     52410.000000           1            5.4677   
      1748:     52440.000000           1            5.4239   
      1749:     52470.000000           1            5.2792   
      1750:     52500.000000           1            5.3934   
      1751:     52530.000000           1            5.4258   
      1752:     52560.000000           1            5.4220   
      1753:     52590.000000           1            5.4595   
      1754:     52620.000000           1            5.4755   
      1755:     52650.000000           1            5.4949   
      1756:     52680.000000           1            5.5095   
      1757:     52710.000000           1            5.5075   
      1758:     52740.000000           1            5.5124   
      1759:     52770.000000           1            5.5173   
      1760:     52800.000000           1            5.5190   
      1761:     52830.000000           1            5.5548   
      1762:     52860.000000           1            5.5876   
      1763:     52890.000000           1            5.5971   
      1764:     52920.000000           1            5.6081   
      1765:     52950.000000           1            5.6220   
      1766:     52980.000000           1            5.6424   
      1767:     53010.000000           1            5.6471   
      1768:     53040.000000           1            5.6467   
      1769:     53070.000000           1            5.6594   
      1770:     53100.000000           1            5.6764   
      1771:     53130.000000           1            5.6998   
      1772:     53160.000000           1            5.7080   
      1773:     53190.000000           1            5.7190   
      1775:     53250.000000           1            5.7593   
      1776:     53280.000000           1            5.7683   
      1777:     53310.000000           1            5.7802   
      1801:     54030.000000           1            5.8924   
      1832:     54960.000000           1         -370.3465   
      1833:     54990.000000           1         -370.3372   
      1834:     55020.000000           1         -370.3318   
      1835:     55050.000000           1         -370.3124   
      1836:     55080.000000           1         -370.3010   
      1837:     55110.000000           1         -370.3003   
      1838:     55140.000000           1         -370.3004   
      1839:     55170.000000           1         -370.2973   
      1840:     55200.000000           1         -370.2979   
      1841:     55230.000000           1         -370.3009   
      1842:     55260.000000           1         -370.3063   
      1843:     55290.000000           1         -370.3070   
      1844:     55320.000000           1         -370.3034   
      1845:     55350.000000           1         -370.2959   
      1846:     55380.000000           1         -370.3047   
      1847:     55410.000000           1         -370.3104   
      1848:     55440.000000           1         -370.3181   
      1849:     55470.000000           1         -370.3231   
      1850:     55500.000000           1         -370.3273   
      1851:     55530.000000           1         -370.3390   
      1852:     55560.000000           1         -370.3418   
      1853:     55590.000000           1         -370.3489   
      1854:     55620.000000           1         -370.3627   
      1855:     55650.000000           1         -370.3714   
      1856:     55680.000000           1         -370.3754   
      1857:     55710.000000           1         -370.3820   
      1858:     55740.000000           1         -370.3799   
      1859:     55770.000000           1           90.7415   
      1860:     55800.000000           1         -370.3989   
      1861:     55830.000000           1         -370.4022   
      1862:     55860.000000           1         -370.4021   
      1863:     55890.000000           1         -370.4005   
      1864:     55920.000000           1         -370.3930   
      1865:     55950.000000           1         -370.3973   
      1866:     55980.000000           1         -370.3979   
      1867:     56010.000000           1            5.7342   
      1868:     56040.000000           1            5.7314   
      1869:     56070.000000           1            5.7302   
      1870:     56100.000000           1            5.7293   
      1871:     56130.000000           1            5.7288   
      1872:     56160.000000           1            5.7295   
      1873:     56190.000000           1            5.7338   
      1874:     56220.000000           1            5.7352   
      1875:     56250.000000           1            5.7299   
      1876:     56280.000000           1            5.7295   
      1877:     56310.000000           1            5.7315   
      1878:     56340.000000           1            5.7350   
      1879:     56370.000000           1            5.7359   
      1880:     56400.000000           1            5.7364   
      1881:     56430.000000           1            5.7392   
      1882:     56460.000000           1            5.7365   
      1883:     56490.000000           1            5.7351   
      1884:     56520.000000           1            5.7345   
      1885:     56550.000000           1            5.7303   
      1886:     56580.000000           1            5.7299   
      1887:     56610.000000           1            5.7314   
      1888:     56640.000000           1            5.7313   
      1889:     56670.000000           1            5.7281   
      1890:     56700.000000           1            5.7285   
      1891:     56730.000000           1         -370.3693   
      1892:     56760.000000           1            5.7170   
      1893:     56790.000000           1            5.7138   
      1894:     56820.000000           1            5.7124   
      1895:     56850.000000           1            5.7104   
      1896:     56880.000000           1            5.7104   
      1897:     56910.000000           1            5.7119   
      1898:     56940.000000           1            5.7107   
      1899:     56970.000000           1         -370.3990   
      1900:     57000.000000           1         -370.4051   
      1901:     57030.000000           1         -370.4060   
      1902:     57060.000000           1         -370.4082   
      1903:     57090.000000           1           91.2718   
      1904:     57120.000000           1           91.2700   
      1905:     57150.000000           1           91.2641   
      1906:     57180.000000           1           91.2651   
      1908:     57240.000000           1           91.1995   
      1909:     57270.000000           1           91.2790   
      1910:     57300.000000           1           91.2749   
      1911:     57330.000000           1           91.2746   
      1912:     57360.000000           1           91.3087   
      1913:     57390.000000           1           91.3263   
      1914:     57420.000000           1           91.3207   
      1915:     57450.000000           1           91.3621   
      1916:     57480.000000           1           91.3657   
      1917:     57510.000000           1           91.3826   
      1918:     57540.000000           1           91.3856   
      1919:     57570.000000           1           91.4050   
      1920:     57600.000000           1           91.4105   
      1921:     57630.000000           1           91.4255   
      1922:     57660.000000           1           91.4410   
      1923:     57690.000000           1         -370.5081   
      1924:     57720.000000           1           91.4605   
      1925:     57750.000000           1           91.4660   
      1926:     57780.000000           1         -370.5121   
      1927:     57810.000000           1           91.4805   
      1928:     57840.000000           1         -370.5115   
      1929:     57870.000000           1            5.6937   
      1930:     57900.000000           1            5.6901   
      1931:     57930.000000           1            5.6904   
      1932:     57960.000000           1            5.6886   
      1933:     57990.000000           1            5.6852   
      1934:     58020.000000           1            5.6825   
      1935:     58050.000000           1            5.6836   
      1936:     58080.000000           1            5.6860   
      1937:     58110.000000           1            5.6846   
      1938:     58140.000000           1            5.6840   
      1939:     58170.000000           1            5.6820   
      1940:     58200.000000           1            5.6829   
      1941:     58230.000000           1            5.6825   
      1942:     58260.000000           1            5.6829   
      1943:     58290.000000           1            5.6805   
      1944:     58320.000000           1            5.6766   
      1945:     58350.000000           1            5.6767   
      1946:     58380.000000           1            5.6777   
      1947:     58410.000000           1            5.6791   
      1948:     58440.000000           1            5.6790   
      1949:     58470.000000           1            5.6765   
      1950:     58500.000000           1            5.6785   
      1951:     58530.000000           1            5.6779   
      1952:     58560.000000           1            5.6726   
      1953:     58590.000000           1            5.6728   
      1954:     58620.000000           1            5.6704   
      1955:     58650.000000           1            5.6678   
      1956:     58680.000000           1            5.6609   
      1957:     58710.000000           1            5.6538   
      1958:     58740.000000           1            5.6486   
      1959:     58770.000000           1            5.6457   
      1960:     58800.000000           1            5.6445   
      1961:     58830.000000           1            5.6431   
      1962:     58860.000000           1            5.6394   
      1963:     58890.000000           1            5.6342   
      1964:     58920.000000           1            5.6302   
      1965:     58950.000000           1            5.6273   
      1966:     58980.000000           1            5.6227   
      1967:     59010.000000           1            5.6192   
      1968:     59040.000000           1            5.6127   
      1969:     59070.000000           1            5.6072   
      1970:     59100.000000           1            5.6065   
      1971:     59130.000000           1            5.6014   
      1972:     59160.000000           1            5.5941   
      1973:     59190.000000           1            5.5913   
      1974:     59220.000000           1            5.5915   
      1975:     59250.000000           1            5.5903   
      1976:     59280.000000           1            5.5896   
      1977:     59310.000000           1            5.5899   
      1978:     59340.000000           1            5.5916   
      1979:     59370.000000           1            5.5914   
      1980:     59400.000000           1            5.5918   
      1981:     59430.000000           1            5.5929   
      1982:     59460.000000           1            5.5926   
      1983:     59490.000000           1            5.5939   
      1984:     59520.000000           1            5.5904   
      1985:     59550.000000           1            5.5891   
      1986:     59580.000000           1            5.5838   
      1987:     59610.000000           1            5.5820   
      1988:     59640.000000           1            5.5832   
      1989:     59670.000000           1            5.5814   
      1990:     59700.000000           1            5.5797   
      1991:     59730.000000           1            5.5782   
      1992:     59760.000000           1            5.5736   
      1993:     59790.000000           1            5.5713   
      1994:     59820.000000           1         -370.5994   
      1995:     59850.000000           1            5.5681   
      1996:     59880.000000           1            5.5642   
      1997:     59910.000000           1            5.5586   
      1998:     59940.000000           1         -370.6031   
      1999:     59970.000000           1         -370.6032   
      2000:     60000.000000           1         -370.6020   
      2001:     60030.000000           1         -370.6030   
      2002:     60060.000000           1         -370.6014   
      2003:     60090.000000           1         -370.5987   
      2004:     60120.000000           1         -370.6001   
      2005:     60150.000000           1         -370.5966   
      2006:     60180.000000           1         -370.5961   
      2007:     60210.000000           1         -370.5965   
      2008:     60240.000000           1         -370.5960   
      2009:     60270.000000           1         -370.5964   
      2010:     60300.000000           1         -370.5976   
      2011:     60330.000000           1         -370.5980   
      2012:     60360.000000           1         -370.5935   
      2013:     60390.000000           1         -370.5939   
      2014:     60420.000000           1         -370.5951   
      2015:     60450.000000           1         -370.5988   
      2016:     60480.000000           1           91.3795   
      2017:     60510.000000           1           91.3773   
      2018:     60540.000000           1           91.3784   
      2019:     60570.000000           1           91.3776   
      2020:     60600.000000           1           91.3772   
      2021:     60630.000000           1           91.3758   
      2022:     60660.000000           1         -370.6082   
      2023:     60690.000000           1         -370.6057   
      2024:     60720.000000           1           91.3777   
      2025:     60750.000000           1         -370.5955   
      2026:     60780.000000           1           91.3816   
      2027:     60810.000000           1         -370.5993   
      2028:     60840.000000           1         -370.5996   
      2029:     60870.000000           1           91.3853   
      2030:     60900.000000           1           91.3860   
      2031:     60930.000000           1           91.3868   
      2032:     60960.000000           1           91.3901   
      2033:     60990.000000           1           91.3931   
      2034:     61020.000000           1           91.3954   
      2035:     61050.000000           1         -370.5812   
      2036:     61080.000000           1         -370.5834   
      2037:     61110.000000           1         -370.5832   
      2038:     61140.000000           1           91.3916   
      2039:     61170.000000           1         -370.5956   
      2040:     61200.000000           1         -370.6013   
      2041:     61230.000000           1         -370.6048   
      2042:     61260.000000           1         -370.6051   
      2043:     61290.000000           1            5.5364   
      2044:     61320.000000           1            5.5342   
      2045:     61350.000000           1            5.5326   
      2046:     61380.000000           1         -370.6133   
      2047:     61410.000000           1            5.5379   
      2048:     61440.000000           1            5.5412   
      2049:     61470.000000           1         -370.5930   
      2050:     61500.000000           1            5.5449   
      2051:     61530.000000           1            5.5461   
      2052:     61560.000000           1         -370.5970   
      2053:     61590.000000           1            5.5383   
      2054:     61620.000000           1         -370.6015   
      2055:     61650.000000           1            5.5289   
      2056:     61680.000000           1            5.5293   
      2057:     61710.000000           1            5.5321   
      2058:     61740.000000           1            5.5335   
      2059:     61770.000000           1            5.5334   
      2060:     61800.000000           1            5.5359   
      2061:     61830.000000           1            5.5370   
      2062:     61860.000000           1         -370.5905   
      2063:     61890.000000           1         -370.5886   
      2064:     61920.000000           1         -370.5873   
      2065:     61950.000000           1         -370.5863   
      2066:     61980.000000           1         -370.5845   
      2067:     62010.000000           1            5.5446   
      2068:     62040.000000           1            5.5479   
      2069:     62070.000000           1         -370.5775   
      2070:     62100.000000           1           91.4538   
      2072:     62160.000000           1           91.4609   
      2073:     62190.000000           1           91.4624   
      2074:     62220.000000           1           91.4640   
      2075:     62250.000000           1         -370.5661   
      2076:     62280.000000           1           91.4539   
      2077:     62310.000000           1           91.4503   
      2078:     62340.000000           1         -370.5725   
      2080:     62400.000000           1           91.4477   
      2081:     62430.000000           1           91.4444   
      2082:     62460.000000           1           91.4446   
      2083:     62490.000000           1           91.4452   
      2084:     62520.000000           1           91.4462   
      2085:     62550.000000           1           91.4427   
      2086:     62580.000000           1           91.4412   
      2087:     62610.000000           1           91.4407   
      2088:     62640.000000           1           91.4403   
      2089:     62670.000000           1           91.4406   
      2090:     62700.000000           1           91.4448   
      2091:     62730.000000           1         -370.5780   
      2092:     62760.000000           1           91.4461   
      2094:     62820.000000           1           91.4495   
      2114:     63420.000000           1           91.4792   
      2115:     63450.000000           1           91.4802   
      2116:     63480.000000           1           91.4822   
      2117:     63510.000000           1           91.4855   
      2118:     63540.000000           1           91.4883   
      2119:     63570.000000           1         -370.5390   
      2120:     63600.000000           1         -370.5379   
      2121:     63630.000000           1           91.4951   
      2122:     63660.000000           1           91.4989   
      2123:     63690.000000           1           91.5026   
      2124:     63720.000000           1           91.4999   
      2125:     63750.000000           1           91.5000   
      2126:     63780.000000           1           91.5004   
      2127:     63810.000000           1           91.4994   
      2128:     63840.000000           1           91.4988   
      2129:     63870.000000           1           91.4968   
      2130:     63900.000000           1           91.4963   
      2131:     63930.000000           1           91.4939   
      2132:     63960.000000           1           91.4940   
      2133:     63990.000000           1           91.4933   
      2134:     64020.000000           1           91.4915   
      2135:     64050.000000           1           91.4933   
      2136:     64080.000000           1           91.4934   
      2137:     64110.000000           1           91.4945   
      2138:     64140.000000           1           91.4954   
      2139:     64170.000000           1           91.4953   
      2140:     64200.000000           1           91.4974   
      2141:     64230.000000           1           91.4988   
      2142:     64260.000000           1           91.5015   
      2144:     64320.000000           1           91.5054   
      2145:     64350.000000           1           91.5047   
      2146:     64380.000000           1         -370.5330   
      2147:     64410.000000           1           91.4999   
      2148:     64440.000000           1         -370.5377   
      2149:     64470.000000           1         -370.5373   
      2150:     64500.000000           1         -370.5357   
      2151:     64530.000000           1            5.5990   
      2152:     64560.000000           1            5.5997   
      2153:     64590.000000           1            5.6003   
      2154:     64620.000000           1            5.5998   
      2155:     64650.000000           1            5.5957   
      2156:     64680.000000           1            5.5948   
      2157:     64710.000000           1            5.5928   
      2158:     64740.000000           1            5.5959   
      2159:     64770.000000           1            5.6007   
      2160:     64800.000000           1            5.6022   
      2161:     64830.000000           1            5.6047   
      2162:     64860.000000           1            5.6109   
      2163:     64890.000000           1            5.6136   
      2164:     64920.000000           1            5.6137   
      2165:     64950.000000           1            5.6165   
      2166:     64980.000000           1            5.6149   
      2167:     65010.000000           1            5.6151   
      2168:     65040.000000           1            5.6117   
      2169:     65070.000000           1         -370.5318   
      2170:     65100.000000           1         -370.5291   
      2171:     65130.000000           1            5.6176   
      2172:     65160.000000           1         -370.5259   
      2173:     65190.000000           1         -370.5275   
      2174:     65220.000000           1         -370.5267   
      2175:     65250.000000           1         -370.5285   
      2176:     65280.000000           1         -370.5317   
      2177:     65310.000000           1         -370.5325   
      2178:     65340.000000           1         -370.5339   
      2179:     65370.000000           1         -370.5361   
      2180:     65400.000000           1         -370.5343   
      2181:     65430.000000           1         -370.5328   
      2182:     65460.000000           1         -370.5286   
      2183:     65490.000000           1         -370.5276   
      2184:     65520.000000           1         -370.5234   
      2185:     65550.000000           1           91.5336   
      2186:     65580.000000           1           91.5347   
      2187:     65610.000000           1         -370.5180   
      2188:     65640.000000           1         -370.5153   
      2189:     65670.000000           1           91.5487   
      2190:     65700.000000           1           91.5570   
      2191:     65730.000000           1         -370.4972   
      2192:     65760.000000           1         -370.4960   
      2193:     65790.000000           1         -370.4984   
      2194:     65820.000000           1         -370.5007   
      2195:     65850.000000           1         -370.5028   
      2196:     65880.000000           1         -370.5020   
      2197:     65910.000000           1         -370.4992   
      2198:     65940.000000           1         -370.4976   
      2199:     65970.000000           1         -370.4961   
      2200:     66000.000000           1           91.5744   
      2201:     66030.000000           1         -370.4838   
      2202:     66060.000000           1         -370.4824   
      2203:     66090.000000           1         -370.4852   
      2204:     66120.000000           1         -370.4858   
      2205:     66150.000000           1           91.5791   
      2206:     66180.000000           1         -370.4911   
      2207:     66210.000000           1         -370.4917   
      2208:     66240.000000           1         -370.4912   
      2209:     66270.000000           1         -370.4919   
      2210:     66300.000000           1         -370.4912   
      2211:     66330.000000           1           91.5828   
      2212:     66360.000000           1           91.5849   
      2213:     66390.000000           1           91.5855   
      2214:     66420.000000           1           91.5847   
      2215:     66450.000000           1           91.5852   
      2216:     66480.000000           1           91.5853   
      2217:     66510.000000           1           91.5853   
      2218:     66540.000000           1           91.5862   
      2247:     67410.000000           1           91.5837   
      2248:     67440.000000           1           91.5813   
      2249:     67470.000000           1           91.5808   
      2250:     67500.000000           1           91.5819   
      2251:     67530.000000           1           91.5812   
      2252:     67560.000000           1           91.5837   
      2253:     67590.000000           1           91.5821   
      2254:     67620.000000           1           91.5818   
      2255:     67650.000000           1           91.5855   
      2256:     67680.000000           1           91.5854   
      2257:     67710.000000           1           91.5868   
      2258:     67740.000000           1           91.5880   
      2259:     67770.000000           1           91.5876   
      2260:     67800.000000           1           91.5888   
      2261:     67830.000000           1         -370.4948   
      2262:     67860.000000           1         -370.4935   
      2263:     67890.000000           1         -370.4895   
      2264:     67920.000000           1         -370.4937   
      2265:     67950.000000           1         -370.4949   
      2266:     67980.000000           1         -370.4944   
      2267:     68010.000000           1         -370.4976   
      2268:     68040.000000           1         -370.4953   
      2269:     68070.000000           1         -370.4954   
      2270:     68100.000000           1         -370.4974   
      2271:     68130.000000           1         -370.4969   
      2272:     68160.000000           1         -370.4951   
      2273:     68190.000000           1         -370.4972   
      2274:     68220.000000           1         -370.4945   
      2275:     68250.000000           1         -370.4955   
      2276:     68280.000000           1         -370.4954   
      2277:     68310.000000           1         -370.4980   
      2278:     68340.000000           1         -370.4970   
      2279:     68370.000000           1         -370.4964   
      2280:     68400.000000           1         -370.4984   
      2281:     68430.000000           1         -370.4970   
      2282:     68460.000000           1         -370.4970   
      2283:     68490.000000           1         -370.4980   
      2284:     68520.000000           1         -370.5000   
      2285:     68550.000000           1         -370.5005   
      2286:     68580.000000           1         -370.5007   
      2322:     69660.000000           1         -370.5133   
      2323:     69690.000000           1         -370.5159   
      2324:     69720.000000           1         -370.5146   
      2325:     69750.000000           1         -370.5151   
      2326:     69780.000000           1         -370.5154   
      2327:     69810.000000           1         -370.5168   
      2328:     69840.000000           1         -370.5171   
      2329:     69870.000000           1         -370.5211   
      2330:     69900.000000           1         -370.5234   
      2331:     69930.000000           1         -370.5237   
      2332:     69960.000000           1         -370.5269   
      2333:     69990.000000           1         -370.5248   
      2334:     70020.000000           1         -370.5239   
      2335:     70050.000000           1         -370.5231   
      2336:     70080.000000           1         -370.5219   
      2337:     70110.000000           1         -370.5201   
      2339:     70170.000000           1            5.6724   
      2340:     70200.000000           1            5.6711   
      2341:     70230.000000           1            5.6709   
      2342:     70260.000000           1            5.6729   
      2343:     70290.000000           1            5.6706   
      2344:     70320.000000           1            5.6725   
      2345:     70350.000000           1            5.6725   
      2346:     70380.000000           1            5.6710   
      2347:     70410.000000           1            5.6682   
      2348:     70440.000000           1            5.6664   
      2349:     70470.000000           1            5.6630   
      2350:     70500.000000           1            5.6624   
      2351:     70530.000000           1            5.6598   
      2352:     70560.000000           1         -370.5391   
      2353:     70590.000000           1         -370.5397   
      2354:     70620.000000           1         -370.5391   
      2355:     70650.000000           1         -370.5382   
      2356:     70680.000000           1         -370.5361   
      2357:     70710.000000           1         -370.5355   
      2358:     70740.000000           1         -370.5347   
      2359:     70770.000000           1         -370.5346   
      2360:     70800.000000           1         -370.5362   
      2361:     70830.000000           1         -370.5371   
      2362:     70860.000000           1         -370.5417   
      2363:     70890.000000           1         -370.5424   
      2364:     70920.000000           1         -370.5438   
      2365:     70950.000000           1         -370.5439   
      2366:     70980.000000           1         -370.5445   
      2367:     71010.000000           1         -370.5425   
      2368:     71040.000000           1         -370.5450   
      2369:     71070.000000           1         -370.5457   
      2370:     71100.000000           1         -370.5468   
      2371:     71130.000000           1         -370.5465   
      2372:     71160.000000           1         -370.5447   
      2373:     71190.000000           1         -370.5426   
      2374:     71220.000000           1         -370.5409   
      2375:     71250.000000           1         -370.5381   
      2376:     71280.000000           1         -370.5358   
      2377:     71310.000000           1         -370.5358   
      2378:     71340.000000           1         -370.5339   
      2379:     71370.000000           1         -370.5320   
      2380:     71400.000000           1         -370.5338   
      2381:     71430.000000           1         -370.5350   
      2382:     71460.000000           1         -370.5375   
      2383:     71490.000000           1         -370.5387   
      2384:     71520.000000           1         -370.5388   
      2385:     71550.000000           1         -370.5394   
      2386:     71580.000000           1         -370.5414   
      2387:     71610.000000           1         -370.5400   
      2388:     71640.000000           1         -370.5408   
      2389:     71670.000000           1         -370.5381   
      2390:     71700.000000           1         -370.5376   
      2391:     71730.000000           1         -370.5378   
      2392:     71760.000000           1         -370.5360   
      2393:     71790.000000           1         -370.5330   
      2394:     71820.000000           1         -370.5299   
      2395:     71850.000000           1         -370.5269   
      2396:     71880.000000           1         -370.5235   
      2397:     71910.000000           1         -370.5230   
      2398:     71940.000000           1         -370.5234   
      2399:     71970.000000           1         -370.5228   
      2400:     72000.000000           1         -370.5240   
      2432:     72960.000000           1         -370.5467   
      2434:     73020.000000           1         -370.5468   
      2435:     73050.000000           1         -370.5473   
      2436:     73080.000000           1         -370.5466   
      2437:     73110.000000           1         -370.5460   
      2438:     73140.000000           1         -370.5448   
      2439:     73170.000000           1         -370.5467   
      2440:     73200.000000           1         -370.5488   
      2441:     73230.000000           1         -370.5495   
      2442:     73260.000000           1         -370.5516   
      2443:     73290.000000           1         -370.5521   
      2444:     73320.000000           1         -370.5558   
      2445:     73350.000000           1         -370.5589   
      2446:     73380.000000           1         -370.5628   
      2447:     73410.000000           1         -370.5650   
      2448:     73440.000000           1         -370.5667   
      2449:     73470.000000           1         -370.5667   
      2450:     73500.000000           1         -370.5641   
      2451:     73530.000000           1            4.5039   
      2452:     73560.000000           1            4.5062   
      2453:     73590.000000           1            4.4999   
      2454:     73620.000000           1            4.5026   
      2455:     73650.000000           1            4.5030   
      2456:     73680.000000           1            4.5049   
      2457:     73710.000000           1            4.5040   
      2458:     73740.000000           1            4.5072   
      2459:     73770.000000           1            4.5079   
      2460:     73800.000000           1            4.5093   
      2461:     73830.000000           1            4.5104   
      2462:     73860.000000           1         -370.5736   
      2463:     73890.000000           1         -370.5748   
      2464:     73920.000000           1            4.6241   
      2465:     73950.000000           1            4.6234   
      2466:     73980.000000           1            4.5560   
      2467:     74010.000000           1            4.5223   
      2468:     74040.000000           1            4.5195   
      2469:     74070.000000           1            4.5213   
      2470:     74100.000000           1            4.5051   
      2471:     74130.000000           1            4.5073   
      2472:     74160.000000           1            4.5024   
      2473:     74190.000000           1            4.5187   
      2474:     74220.000000           1            4.5216   
      2475:     74250.000000           1            4.5331   
      2476:     74280.000000           1            4.5163   
      2477:     74310.000000           1            4.5078   
      2478:     74340.000000           1            4.4999   
      2479:     74370.000000           1            4.5043   
      2480:     74400.000000           1            4.4981   
      2481:     74430.000000           1            4.4937   
      2482:     74460.000000           1         -370.6062   
      2483:     74490.000000           1            4.8172   
      2484:     74520.000000           1            4.8518   
      2485:     74550.000000           1            4.8035   
      2486:     74580.000000           1            4.8314   
      2487:     74610.000000           1         -370.6153   
      2488:     74640.000000           1         -370.6199   
      2489:     74670.000000           1         -370.6217   
      2490:     74700.000000           1         -370.6237   
      2491:     74730.000000           1         -370.6247   
      2492:     74760.000000           1         -370.6271   
      2493:     74790.000000           1         -370.6286   
      2494:     74820.000000           1         -370.6299   
      2495:     74850.000000           1         -370.6305   
      2496:     74880.000000           1         -370.6315   
      2497:     74910.000000           1         -370.6338   
      2498:     74940.000000           1         -370.6364   
      2499:     74970.000000           1         -370.6369   
      2500:     75000.000000           1         -370.6372   
      2501:     75030.000000           1         -370.6395   
      2502:     75060.000000           1         -370.6418   
      2503:     75090.000000           1         -370.6449   
      2504:     75120.000000           1         -370.6489   
      2505:     75150.000000           1         -370.6509   
      2506:     75180.000000           1         -370.6544   
      2507:     75210.000000           1         -370.6561   
      2508:     75240.000000           1         -370.6550   
      2509:     75270.000000           1         -370.6579   
      2510:     75300.000000           1         -370.6641   
