       964:     28920.000000           1          -84.7001   
       965:     28950.000000           1         -338.3526   
       966:     28980.000000           1         -338.3501   
       967:     29010.000000           1         -338.3387   
       968:     29040.000000           1         -338.3289   
       969:     29070.000000           1          -20.6141   
       970:     29100.000000           1          -20.6086   
       971:     29130.000000           1          -20.5919   
       972:     29160.000000           1          -20.5851   
       973:     29190.000000           1          -20.5797   
       974:     29220.000000           1          -20.5752   
       975:     29250.000000           1          -20.5667   
       976:     29280.000000           1          -20.5582   
       977:     29310.000000           1          -20.5455   
       978:     29340.000000           1          -20.5367   
       979:     29370.000000           1          -20.5252   
       980:     29400.000000           1          -20.5270   
       981:     29430.000000           1          -20.5167   
       982:     29460.000000           1          -20.5102   
       983:     29490.000000           1          -20.5068   
       984:     29520.000000           1          -20.4994   
       985:     29550.000000           1          -20.4925   
       986:     29580.000000           1          -20.4893   
       987:     29610.000000           1          -20.4813   
       988:     29640.000000           1          -20.4781   
       989:     29670.000000           1          -20.4737   
       990:     29700.000000           1          -20.4627   
       991:     29730.000000           1          -20.4546   
       992:     29760.000000           1          -20.4402   
       993:     29790.000000           1          -20.4325   
       994:     29820.000000           1          -20.4312   
       995:     29850.000000           1          -20.4285   
       996:     29880.000000           1          -20.4292   
       997:     29910.000000           1          -20.4259   
       998:     29940.000000           1          -20.4263   
       999:     29970.000000           1          -20.4195   
      1000:     30000.000000           1          -20.4175   
      1001:     30030.000000           1          -20.4096   
      1002:     30060.000000           1          -20.4095   
      1003:     30090.000000           1          -20.4011   
      1004:     30120.000000           1          -20.3995   
      1005:     30150.000000           1          -20.3955   
      1006:     30180.000000           1          -20.4032   
      1007:     30210.000000           1          -20.4044   
      1008:     30240.000000           1          -20.3982   
      1009:     30270.000000           1          -20.3920   
      1010:     30300.000000           1          -20.3895   
      1011:     30330.000000           1          -20.3826   
      1012:     30360.000000           1         -250.7696   
      1013:     30390.000000           1         -250.7503   
      1014:     30420.000000           1         -250.6743   
      1015:     30450.000000           1         -250.6877   
      1016:     30480.000000           1         -250.6786   
      1017:     30510.000000           1         -250.6974   
      1018:     30540.000000           1         -250.6919   
      1019:     30570.000000           1         -250.7009   
      1020:     30600.000000           1         -250.7161   
      1021:     30630.000000           1         -250.7255   
      1022:     30660.000000           1         -250.7145   
      1023:     30690.000000           1         -250.7059   
      1024:     30720.000000           1         -250.6929   
      1025:     30750.000000           1         -250.6842   
      1026:     30780.000000           1         -250.6508   
      1027:     30810.000000           1         -250.6326   
      1028:     30840.000000           1         -250.6354   
      1029:     30870.000000           1         -250.6272   
      1030:     30900.000000           1         -250.6115   
      1031:     30930.000000           1         -250.5941   
      1032:     30960.000000           1         -250.5832   
      1033:     30990.000000           1         -250.5724   
      1034:     31020.000000           1         -250.5642   
      1035:     31050.000000           1         -250.5630   
      1036:     31080.000000           1          -20.2146   
      1037:     31110.000000           1         -250.4376   
      1038:     31140.000000           1         -250.4391   
      1039:     31170.000000           1         -250.4057   
      1040:     31200.000000           1         -250.4289   
      1041:     31230.000000           1         -250.4366   
      1042:     31260.000000           1         -250.4476   
      1043:     31290.000000           1         -250.4449   
      1044:     31320.000000           1         -250.4391   
      1045:     31350.000000           1         -250.4307   
      1046:     31380.000000           1         -250.4431   
      1047:     31410.000000           1         -250.4400   
      1048:     31440.000000           1         -250.4292   
      1049:     31470.000000           1         -250.4291   
      1050:     31500.000000           1         -250.4213   
      1051:     31530.000000           1         -250.4179   
      1052:     31560.000000           1         -250.4043   
      1053:     31590.000000           1         -250.3765   
      1054:     31620.000000           1         -250.3606   
      1055:     31650.000000           1         -250.3610   
      1056:     31680.000000           1         -250.3743   
      1057:     31710.000000           1         -250.3748   
      1058:     31740.000000           1         -250.3700   
      1059:     31770.000000           1         -250.3629   
      1060:     31800.000000           1         -250.3587   
      1061:     31830.000000           1         -250.3605   
      1062:     31860.000000           1         -250.3671   
      1063:     31890.000000           1         -250.3695   
      1064:     31920.000000           1         -250.3638   
      1065:     31950.000000           1         -250.3658   
      1066:     31980.000000           1         -250.3671   
      1067:     32010.000000           1         -250.3704   
      1068:     32040.000000           1         -250.3777   
      1069:     32070.000000           1         -250.3868   
      1070:     32100.000000           1         -250.3905   
      1071:     32130.000000           1         -250.3889   
      1072:     32160.000000           1         -250.3853   
      1073:     32190.000000           1         -250.3809   
      1074:     32220.000000           1         -250.3858   
      1075:     32250.000000           1         -250.3832   
      1076:     32280.000000           1         -250.3784   
      1077:     32310.000000           1         -250.3811   
      1078:     32340.000000           1         -250.3770   
      1079:     32370.000000           1         -250.3712   
      1080:     32400.000000           1         -250.3716   
      1081:     32430.000000           1         -250.3854   
      1082:     32460.000000           1         -250.3839   
      1083:     32490.000000           1         -250.3847   
      1084:     32520.000000           1         -250.3817   
      1085:     32550.000000           1         -250.3818   
      1086:     32580.000000           1         -250.3774   
      1087:     32610.000000           1         -250.3821   
      1088:     32640.000000           1         -250.3796   
      1089:     32670.000000           1         -250.3817   
      1090:     32700.000000           1         -250.3747   
      1091:     32730.000000           1         -250.3781   
      1092:     32760.000000           1         -250.3724   
      1093:     32790.000000           1         -250.3787   
      1094:     32820.000000           1         -250.3866   
      1095:     32850.000000           1         -250.3904   
      1096:     32880.000000           1         -250.3866   
      1097:     32910.000000           1         -250.3901   
      1098:     32940.000000           1         -250.3799   
      1099:     32970.000000           1         -250.3873   
      1100:     33000.000000           1         -250.3835   
      1101:     33030.000000           1         -250.3809   
      1102:     33060.000000           1         -250.3791   
      1103:     33090.000000           1         -250.3754   
      1104:     33120.000000           1         -250.3792   
      1105:     33150.000000           1         -250.3803   
      1106:     33180.000000           1         -250.3762   
      1107:     33210.000000           1         -250.3747   
      1108:     33240.000000           1         -250.3678   
      1109:     33270.000000           1         -250.3593   
      1110:     33300.000000           1         -250.3541   
      1111:     33330.000000           1         -250.3445   
      1112:     33360.000000           1         -250.3417   
      1113:     33390.000000           1         -250.3359   
      1114:     33420.000000           1         -250.3253   
      1115:     33450.000000           1         -250.3171   
      1116:     33480.000000           1         -250.3065   
      1117:     33510.000000           1         -250.2961   
      1118:     33540.000000           1         -250.2937   
      1119:     33570.000000           1         -250.2867   
      1120:     33600.000000           1         -250.2822   
      1121:     33630.000000           1         -250.2751   
      1122:     33660.000000           1         -250.2829   
      1123:     33690.000000           1         -250.2911   
      1124:     33720.000000           1         -250.2875   
      1125:     33750.000000           1         -250.2814   
      1126:     33780.000000           1         -250.2728   
      1127:     33810.000000           1         -250.2681   
      1128:     33840.000000           1         -250.2728   
      1129:     33870.000000           1         -250.2602   
      1130:     33900.000000           1         -250.2598   
      1131:     33930.000000           1         -250.2594   
      1132:     33960.000000           1          -14.4671   
      1133:     33990.000000           1          -14.4942   
      1134:     34020.000000           1         -337.3058   
      1135:     34050.000000           1          -15.4915   
      1136:     34080.000000           1         -337.2763   
      1137:     34110.000000           1          -14.3035   
      1138:     34140.000000           1         -337.2678   
      1139:     34170.000000           1          -14.3285   
      1140:     34200.000000           1          -14.3833   
      1141:     34230.000000           1          -14.3474   
      1142:     34260.000000           1          -14.3263   
      1143:     34290.000000           1          -14.3102   
      1144:     34320.000000           1          -14.2837   
      1145:     34350.000000           1          -14.2529   
      1146:     34380.000000           1          -14.2459   
      1147:     34410.000000           1          -14.2370   
      1148:     34440.000000           1          -14.2151   
      1149:     34470.000000           1          -14.2085   
      1150:     34500.000000           1          -14.1860   
      1151:     34530.000000           1          -14.1863   
      1152:     34560.000000           1          -14.1664   
      1153:     34590.000000           1          -14.1650   
      1154:     34620.000000           1          -14.1500   
      1155:     34650.000000           1          -14.1528   
      1156:     34680.000000           1          -14.1601   
      1157:     34710.000000           1          -14.1507   
      1158:     34740.000000           1          -14.1524   
      1159:     34770.000000           1          -14.1575   
      1160:     34800.000000           1          -14.1526   
      1161:     34830.000000           1          -14.1425   
      1162:     34860.000000           1          -14.1383   
      1163:     34890.000000           1          -14.1219   
      1164:     34920.000000           1          -14.1106   
      1165:     34950.000000           1         -250.0235   
      1166:     34980.000000           1         -250.0155   
      1167:     35010.000000           1         -250.0116   
      1168:     35040.000000           1         -250.0071   
      1169:     35070.000000           1         -250.0045   
      1170:     35100.000000           1          -14.0742   
      1171:     35130.000000           1         -249.9859   
      1172:     35160.000000           1          -14.0496   
      1173:     35190.000000           1         -249.9672   
      1174:     35220.000000           1         -249.9599   
      1175:     35250.000000           1          -14.0327   
      1176:     35280.000000           1          -14.0260   
      1177:     35310.000000           1          -14.0187   
      1178:     35340.000000           1          -14.0177   
      1179:     35370.000000           1          -14.0121   
      1180:     35400.000000           1          -14.0049   
      1181:     35430.000000           1          -14.0053   
      1182:     35460.000000           1          -14.0009   
      1183:     35490.000000           1          -13.9979   
      1184:     35520.000000           1          -13.9955   
      1185:     35550.000000           1          -13.9865   
      1186:     35580.000000           1          -13.9820   
      1187:     35610.000000           1          -13.9762   
      1188:     35640.000000           1          -13.9687   
      1189:     35670.000000           1          -13.9648   
      1190:     35700.000000           1          -13.9670   
      1191:     35730.000000           1          -13.9645   
      1192:     35760.000000           1          -13.9575   
      1193:     35790.000000           1          -13.9496   
      1194:     35820.000000           1          -13.9379   
      1195:     35850.000000           1          -13.9212   
      1196:     35880.000000           1          -13.9056   
      1197:     35910.000000           1         -336.8475   
      1198:     35940.000000           1          -13.8746   
      1199:     35970.000000           1          -13.8684   
      1200:     36000.000000           1          -13.8568   
      1201:     36030.000000           1         -249.7637   
      1202:     36060.000000           1          -13.8514   
      1203:     36090.000000           1          -13.8546   
      1204:     36120.000000           1          -13.8545   
      1205:     36150.000000           1         -249.7534   
      1206:     36180.000000           1         -249.7544   
      1207:     36210.000000           1         -249.7582   
      1208:     36240.000000           1          -13.8482   
      1209:     36270.000000           1         -249.7595   
      1210:     36300.000000           1         -249.7499   
      1211:     36330.000000           1         -249.7468   
      1212:     36360.000000           1         -249.7487   
      1213:     36390.000000           1         -249.7441   
      1214:     36420.000000           1         -249.7367   
      1215:     36450.000000           1         -249.7318   
      1216:     36480.000000           1          -13.8574   
      1217:     36510.000000           1          -13.8544   
      1218:     36540.000000           1         -249.7209   
      1219:     36570.000000           1         -336.7804   
      1220:     36600.000000           1         -336.7741   
      1221:     36630.000000           1         -336.7665   
      1222:     36660.000000           1         -336.7660   
      1223:     36690.000000           1         -336.7548   
      1224:     36720.000000           1         -336.7543   
      1225:     36750.000000           1         -336.7479   
      1226:     36780.000000           1         -336.7425   
      1227:     36810.000000           1         -336.7384   
      1228:     36840.000000           1         -336.7366   
      1229:     36870.000000           1         -336.7323   
      1230:     36900.000000           1         -336.7250   
      1231:     36930.000000           1         -336.7245   
      1232:     36960.000000           1         -336.7227   
      1233:     36990.000000           1         -336.7181   
      1234:     37020.000000           1         -336.7134   
      1235:     37050.000000           1         -336.7122   
      1236:     37080.000000           1         -336.7094   
      1237:     37110.000000           1         -336.7041   
      1238:     37140.000000           1         -336.7036   
      1239:     37170.000000           1         -336.7037   
      1240:     37200.000000           1         -336.7093   
      1241:     37230.000000           1         -336.7101   
      1242:     37260.000000           1         -336.7068   
      1243:     37290.000000           1         -336.6992   
      1244:     37320.000000           1         -336.6974   
      1245:     37350.000000           1         -336.6880   
      1246:     37380.000000           1         -336.6822   
      1247:     37410.000000           1         -336.6744   
      1248:     37440.000000           1         -336.6742   
      1249:     37470.000000           1         -336.6665   
      1250:     37500.000000           1         -336.6574   
      1251:     37530.000000           1         -336.6531   
      1252:     37560.000000           1          -13.7557   
      1253:     37590.000000           1         -336.6471   
      1254:     37620.000000           1          -13.7432   
      1255:     37650.000000           1          -13.7395   
      1256:     37680.000000           1         -249.5707   
      1257:     37710.000000           1         -249.5693   
      1258:     37740.000000           1          -13.7259   
      1259:     37770.000000           1         -249.5411   
      1260:     37800.000000           1         -249.5319   
      1261:     37830.000000           1         -249.5254   
      1262:     37860.000000           1         -249.5199   
      1263:     37890.000000           1         -249.5139   
      1264:     37920.000000           1          -13.6877   
      1265:     37950.000000           1         -249.4884   
      1266:     37980.000000           1         -249.4828   
      1267:     38010.000000           1         -249.4815   
      1268:     38040.000000           1         -249.4753   
      1269:     38070.000000           1         -249.4737   
      1270:     38100.000000           1         -249.4633   
      1271:     38130.000000           1         -249.4592   
      1272:     38160.000000           1         -249.4630   
      1273:     38190.000000           1         -249.4567   
      1274:     38220.000000           1         -249.4574   
      1275:     38250.000000           1         -249.4577   
      1276:     38280.000000           1         -249.4542   
      1277:     38310.000000           1         -249.4471   
      1278:     38340.000000           1         -249.4446   
      1279:     38370.000000           1         -249.4427   
      1280:     38400.000000           1         -249.4482   
      1281:     38430.000000           1         -249.4456   
      1282:     38460.000000           1         -249.4461   
      1283:     38490.000000           1         -249.4446   
      1284:     38520.000000           1         -249.4408   
      1285:     38550.000000           1         -249.4295   
      1286:     38580.000000           1         -249.4253   
      1287:     38610.000000           1         -249.4243   
      1288:     38640.000000           1         -249.4180   
      1289:     38670.000000           1         -249.4183   
      1290:     38700.000000           1         -249.4178   
      1291:     38730.000000           1         -249.4099   
      1292:     38760.000000           1         -249.4060   
      1293:     38790.000000           1         -249.4061   
      1294:     38820.000000           1         -249.4126   
      1295:     38850.000000           1         -249.4073   
      1296:     38880.000000           1         -249.4010   
      1297:     38910.000000           1         -249.3982   
      1298:     38940.000000           1         -249.3959   
      1299:     38970.000000           1         -249.3920   
      1300:     39000.000000           1         -249.3889   
      1301:     39030.000000           1         -249.3890   
      1302:     39060.000000           1         -249.3845   
      1303:     39090.000000           1         -249.3827   
      1304:     39120.000000           1         -249.3702   
      1305:     39150.000000           1         -249.3677   
      1306:     39180.000000           1         -249.3703   
      1307:     39210.000000           1         -249.3710   
      1308:     39240.000000           1         -249.3657   
      1309:     39270.000000           1         -249.3684   
      1310:     39300.000000           1         -249.3681   
      1311:     39330.000000           1         -249.3658   
      1312:     39360.000000           1         -249.3621   
      1313:     39390.000000           1         -249.3625   
      1314:     39420.000000           1         -249.3623   
      1315:     39450.000000           1         -249.3598   
      1316:     39480.000000           1         -249.3600   
      1317:     39510.000000           1         -249.3527   
      1318:     39540.000000           1         -249.3515   
      1319:     39570.000000           1         -249.3451   
      1320:     39600.000000           1         -249.3424   
      1321:     39630.000000           1         -249.3352   
      1322:     39660.000000           1         -249.3331   
      1323:     39690.000000           1         -249.3320   
      1324:     39720.000000           1         -249.3330   
      1325:     39750.000000           1         -249.3304   
      1326:     39780.000000           1         -249.3279   
      1327:     39810.000000           1         -249.3229   
      1328:     39840.000000           1         -249.3188   
      1329:     39870.000000           1         -249.3175   
      1330:     39900.000000           1         -249.3167   
      1331:     39930.000000           1         -249.3140   
      1332:     39960.000000           1         -249.3105   
      1333:     39990.000000           1         -249.3137   
      1334:     40020.000000           1         -249.3190   
      1335:     40050.000000           1         -249.3149   
      1336:     40080.000000           1         -249.3147   
      1337:     40110.000000           1         -249.3075   
      1338:     40140.000000           1         -249.3108   
      1339:     40170.000000           1         -249.3106   
      1340:     40200.000000           1         -249.3070   
      1341:     40230.000000           1         -249.3030   
      1342:     40260.000000           1         -249.2975   
      1343:     40290.000000           1         -249.2966   
      1344:     40320.000000           1         -249.2916   
      1345:     40350.000000           1         -249.2894   
      1346:     40380.000000           1         -249.2869   
      1347:     40410.000000           1         -249.2800   
      1348:     40440.000000           1         -249.2810   
      1349:     40470.000000           1         -249.2772   
      1350:     40500.000000           1         -249.2722   
      1351:     40530.000000           1         -249.2667   
      1352:     40560.000000           1         -249.2618   
      1353:     40590.000000           1         -249.2609   
      1354:     40620.000000           1         -249.2566   
      1355:     40650.000000           1         -249.2514   
      1356:     40680.000000           1         -249.2480   
      1357:     40710.000000           1         -249.2419   
      1358:     40740.000000           1         -249.2391   
      1359:     40770.000000           1         -249.2426   
      1360:     40800.000000           1         -249.2362   
      1361:     40830.000000           1         -249.2369   
      1362:     40860.000000           1         -249.2364   
      1363:     40890.000000           1         -249.2340   
      1364:     40920.000000           1         -249.2323   
      1365:     40950.000000           1         -249.2293   
      1366:     40980.000000           1         -249.2272   
      1367:     41010.000000           1         -249.2223   
      1368:     41040.000000           1         -249.2201   
      1369:     41070.000000           1         -249.2174   
      1370:     41100.000000           1         -249.2158   
      1371:     41130.000000           1         -249.2111   
      1372:     41160.000000           1         -249.2096   
      1373:     41190.000000           1         -249.2062   
      1374:     41220.000000           1         -249.2091   
      1375:     41250.000000           1         -249.2093   
      1376:     41280.000000           1         -249.2100   
      1377:     41310.000000           1         -249.2016   
      1378:     41340.000000           1         -249.2019   
      1379:     41370.000000           1         -249.2056   
      1380:     41400.000000           1         -249.2074   
      1381:     41430.000000           1         -249.2048   
      1382:     41460.000000           1         -249.2031   
      1383:     41490.000000           1         -249.1971   
      1384:     41520.000000           1         -249.1971   
      1385:     41550.000000           1         -249.1966   
      1386:     41580.000000           1         -249.1980   
      1387:     41610.000000           1         -249.1987   
      1388:     41640.000000           1         -249.1984   
      1389:     41670.000000           1         -249.1974   
      1390:     41700.000000           1         -249.1958   
      1391:     41730.000000           1         -249.2013   
      1392:     41760.000000           1         -249.2053   
      1393:     41790.000000           1         -249.2083   
      1394:     41820.000000           1         -249.2067   
      1395:     41850.000000           1         -249.2105   
      1396:     41880.000000           1         -249.2118   
      1397:     41910.000000           1         -249.2098   
      1398:     41940.000000           1         -249.2081   
      1399:     41970.000000           1         -249.2107   
      1400:     42000.000000           1         -249.2092   
      1401:     42030.000000           1         -249.2071   
      1402:     42060.000000           1         -249.2073   
      1403:     42090.000000           1         -249.2083   
      1404:     42120.000000           1         -249.2096   
      1405:     42150.000000           1         -249.2144   
      1406:     42180.000000           1         -249.2155   
      1407:     42210.000000           1          -13.4176   
      1408:     42240.000000           1          -13.4186   
      1409:     42270.000000           1          -13.4238   
      1410:     42300.000000           1          -13.4260   
      1411:     42330.000000           1          -13.4244   
      1412:     42360.000000           1         -249.2245   
      1413:     42390.000000           1          -13.4351   
      1414:     42420.000000           1         -249.2341   
      1415:     42450.000000           1          -13.4398   
      1416:     42480.000000           1          -13.4421   
      1417:     42510.000000           1          -13.4455   
      1418:     42540.000000           1          -13.4439   
      1419:     42570.000000           1          -13.4431   
      1420:     42600.000000           1          -13.4429   
      1421:     42630.000000           1          -13.4391   
      1422:     42660.000000           1          -13.4340   
      1423:     42690.000000           1          -13.4320   
      1424:     42720.000000           1          -13.4340   
      1425:     42750.000000           1          -13.4288   
      1426:     42780.000000           1          -13.4196   
      1427:     42810.000000           1          -13.4161   
      1428:     42840.000000           1          -13.4153   
      1429:     42870.000000           1          -13.4155   
      1430:     42900.000000           1          -13.4156   
      1431:     42930.000000           1          -13.4122   
      1432:     42960.000000           1          -13.4127   
      1433:     42990.000000           1          -13.4141   
      1434:     43020.000000           1          -13.4114   
      1435:     43050.000000           1          -13.4129   
      1436:     43080.000000           1          -13.4122   
      1437:     43110.000000           1          -13.4094   
      1438:     43140.000000           1          -13.4034   
      1439:     43170.000000           1         -249.1884   
      1440:     43200.000000           1         -249.1832   
      1441:     43230.000000           1         -249.1776   
      1442:     43260.000000           1          -13.3861   
      1443:     43290.000000           1          -13.3824   
      1444:     43320.000000           1          -13.3824   
      1445:     43350.000000           1          -86.6937   
      1446:     43380.000000           1          -86.6896   
      1447:     43410.000000           1          -86.6818   
      1448:     43440.000000           1          -86.6763   
      1449:     43470.000000           1          -86.6750   
      1450:     43500.000000           1          -86.6712   
      1451:     43530.000000           1          -86.6669   
      1452:     43560.000000           1          -86.6596   
      1453:     43590.000000           1          -86.6548   
      1454:     43620.000000           1          -86.6493   
      1455:     43650.000000           1          -86.6424   
      1456:     43680.000000           1          -86.6400   
      1457:     43710.000000           1          -86.6395   
      1458:     43740.000000           1         -304.3188   
      1459:     43770.000000           1          -86.6461   
      1460:     43800.000000           1          -86.6453   
      1461:     43830.000000           1          -86.6427   
      1462:     43860.000000           1          -86.6416   
      1463:     43890.000000           1          -86.6400   
      1464:     43920.000000           1          -13.3882   
      1465:     43950.000000           1          -13.3858   
      1466:     43980.000000           1          -13.3848   
      1467:     44010.000000           1          -13.3770   
      1468:     44040.000000           1          -13.3739   
      1469:     44070.000000           1          -13.3717   
      1470:     44100.000000           1          -13.3643   
      1471:     44130.000000           1          -13.3623   
      1472:     44160.000000           1         -249.1509   
      1473:     44190.000000           1         -249.1557   
      1474:     44220.000000           1         -249.1616   
      1475:     44250.000000           1         -249.1616   
      1476:     44280.000000           1         -249.1603   
      1477:     44310.000000           1         -249.1623   
      1478:     44340.000000           1         -249.1613   
      1479:     44370.000000           1         -249.1613   
      1480:     44400.000000           1         -249.1612   
      1481:     44430.000000           1         -249.1633   
      1482:     44460.000000           1         -249.1682   
      1483:     44490.000000           1         -249.1698   
      1484:     44520.000000           1         -249.1746   
      1485:     44550.000000           1         -249.1789   
      1486:     44580.000000           1          -13.4050   
      1487:     44610.000000           1         -249.1893   
      1488:     44640.000000           1         -249.1880   
      1489:     44670.000000           1         -249.1856   
      1490:     44700.000000           1         -249.1869   
      1491:     44730.000000           1          -13.4124   
      1492:     44760.000000           1         -249.1928   
      1493:     44790.000000           1          -13.4091   
      1494:     44820.000000           1          -13.4038   
      1495:     44850.000000           1          -13.4000   
      1496:     44880.000000           1          -13.3942   
      1497:     44910.000000           1          -13.3901   
      1498:     44940.000000           1          -13.3867   
      1499:     44970.000000           1          -13.3855   
      1500:     45000.000000           1          -13.3808   
      1501:     45030.000000           1          -13.3845   
      1502:     45060.000000           1          -13.3908   
      1503:     45090.000000           1          -13.3960   
      1504:     45120.000000           1          -13.4045   
      1505:     45150.000000           1          -13.4128   
      1506:     45180.000000           1          -13.4150   
      1507:     45210.000000           1          -13.4202   
      1508:     45240.000000           1          -13.4271   
      1509:     45270.000000           1          -13.4265   
      1510:     45300.000000           1          -13.4299   
      1511:     45330.000000           1          -13.4345   
      1512:     45360.000000           1          -86.6449   
      1513:     45390.000000           1          -13.4345   
      1514:     45420.000000           1          -13.4353   
      1515:     45450.000000           1          -13.4340   
      1516:     45480.000000           1          -13.4334   
      1517:     45510.000000           1          -13.4345   
      1518:     45540.000000           1          -13.4344   
      1519:     45570.000000           1          -13.4334   
      1520:     45600.000000           1          -13.4328   
      1521:     45630.000000           1          -13.4314   
      1522:     45660.000000           1          -13.4261   
      1523:     45690.000000           1         -249.2004   
      1524:     45720.000000           1         -249.2018   
      1525:     45750.000000           1         -249.2038   
      1526:     45780.000000           1         -249.2073   
      1527:     45810.000000           1          -13.4350   
      1528:     45840.000000           1         -249.2084   
      1529:     45870.000000           1          -13.4465   
      1530:     45900.000000           1         -249.2171   
      1531:     45930.000000           1         -249.2187   
      1532:     45960.000000           1         -249.2162   
      1533:     45990.000000           1         -249.2183   
      1534:     46020.000000           1         -249.2233   
      1535:     46050.000000           1         -249.2256   
      1536:     46080.000000           1         -249.2286   
      1537:     46110.000000           1          -13.4539   
      1538:     46140.000000           1         -249.2333   
      1539:     46170.000000           1         -249.2339   
      1540:     46200.000000           1         -249.2321   
      1541:     46230.000000           1         -249.2324   
      1542:     46260.000000           1         -249.2292   
      1543:     46290.000000           1         -249.2321   
      1544:     46320.000000           1         -249.2293   
      1545:     46350.000000           1          -13.4606   
      1546:     46380.000000           1         -249.2450   
      1547:     46410.000000           1         -249.2503   
      1548:     46440.000000           1         -249.2575   
      1549:     46470.000000           1         -249.2625   
      1550:     46500.000000           1         -249.2650   
      1551:     46530.000000           1         -249.2680   
      1552:     46560.000000           1         -249.2741   
      1553:     46590.000000           1         -249.2781   
      1554:     46620.000000           1         -249.2842   
      1555:     46650.000000           1         -249.2877   
      1556:     46680.000000           1         -249.2953   
      1557:     46710.000000           1         -249.2956   
      1558:     46740.000000           1         -249.2973   
      1559:     46770.000000           1         -249.2974   
      1560:     46800.000000           1          -13.5278   
      1561:     46830.000000           1         -249.3226   
      1562:     46860.000000           1         -249.3209   
      1563:     46890.000000           1         -249.3280   
      1564:     46920.000000           1         -249.3306   
      1565:     46950.000000           1         -249.3363   
      1566:     46980.000000           1         -249.3390   
      1567:     47010.000000           1         -249.3398   
      1568:     47040.000000           1         -249.3429   
      1569:     47070.000000           1         -249.3428   
      1570:     47100.000000           1         -249.3459   
      1571:     47130.000000           1         -249.3484   
      1572:     47160.000000           1         -249.3501   
      1573:     47190.000000           1         -249.3524   
      1574:     47220.000000           1          -13.5708   
      1575:     47250.000000           1         -249.3460   
      1576:     47280.000000           1         -249.3525   
      1577:     47310.000000           1         -249.3496   
      1578:     47340.000000           1         -249.3500   
      1579:     47370.000000           1         -249.3517   
      1580:     47400.000000           1         -249.3527   
      1581:     47430.000000           1          -13.5736   
      1582:     47460.000000           1          -13.5773   
      1583:     47490.000000           1          -13.5805   
      1584:     47520.000000           1          -13.5833   
      1585:     47550.000000           1          -13.5903   
      1586:     47580.000000           1          -13.5939   
      1587:     47610.000000           1          -13.5963   
      1588:     47640.000000           1          -13.5990   
      1589:     47670.000000           1          -13.6002   
      1590:     47700.000000           1          -13.5988   
      1591:     47730.000000           1          -13.6014   
      1592:     47760.000000           1          -13.6033   
      1593:     47790.000000           1          -13.6029   
      1594:     47820.000000           1          -13.6012   
      1595:     47850.000000           1          -13.5999   
      1596:     47880.000000           1          -13.6012   
      1597:     47910.000000           1          -13.6034   
      1598:     47940.000000           1          -13.6010   
      1599:     47970.000000           1          -13.6019   
      1600:     48000.000000           1          -13.6012   
      1601:     48030.000000           1          -13.6002   
      1602:     48060.000000           1         -249.3820   
      1603:     48090.000000           1          -13.5982   
      1604:     48120.000000           1          -13.6006   
      1605:     48150.000000           1          -13.6005   
      1606:     48180.000000           1          -13.6063   
      1607:     48210.000000           1          -13.6135   
      1608:     48240.000000           1         -249.4020   
      1609:     48270.000000           1         -249.4035   
      1610:     48300.000000           1         -249.4049   
      1611:     48330.000000           1         -249.4081   
      1612:     48360.000000           1          -13.6265   
      1613:     48390.000000           1          -13.6262   
      1614:     48420.000000           1          -13.6229   
      1615:     48450.000000           1          -13.6265   
      1616:     48480.000000           1          -13.6322   
      1617:     48510.000000           1          -13.6345   
      1618:     48540.000000           1          -13.6364   
      1619:     48570.000000           1          -13.6365   
      1620:     48600.000000           1          -13.6392   
      1621:     48630.000000           1          -13.6372   
      1622:     48660.000000           1          -13.6361   
      1623:     48690.000000           1          -13.6395   
      1624:     48720.000000           1          -13.6408   
      1625:     48750.000000           1          -13.6441   
      1626:     48780.000000           1          -13.6494   
      1627:     48810.000000           1          -13.6522   
      1628:     48840.000000           1          -13.6544   
      1629:     48870.000000           1          -13.6532   
      1630:     48900.000000           1          -13.6536   
      1631:     48930.000000           1          -13.6546   
      1632:     48960.000000           1          -13.6533   
      1633:     48990.000000           1          -13.6533   
      1634:     49020.000000           1          -13.6581   
      1635:     49050.000000           1          -13.6656   
      1636:     49080.000000           1          -13.6702   
      1637:     49110.000000           1          -13.6748   
      1638:     49140.000000           1          -13.6749   
      1639:     49170.000000           1          -13.6769   
      1640:     49200.000000           1         -249.4585   
      1641:     49230.000000           1         -249.4605   
      1642:     49260.000000           1         -249.4570   
      1643:     49290.000000           1         -249.4580   
      1644:     49320.000000           1         -249.4563   
      1645:     49350.000000           1         -249.4574   
      1646:     49380.000000           1         -249.4597   
      1647:     49410.000000           1         -249.4630   
      1648:     49440.000000           1         -249.4675   
      1649:     49470.000000           1         -249.4718   
      1650:     49500.000000           1         -249.4718   
      1651:     49530.000000           1         -249.4713   
      1652:     49560.000000           1         -249.4744   
      1653:     49590.000000           1         -249.4797   
      1654:     49620.000000           1         -249.4858   
      1655:     49650.000000           1         -249.4889   
      1656:     49680.000000           1         -249.4922   
      1657:     49710.000000           1         -249.4928   
      1658:     49740.000000           1         -249.4953   
      1659:     49770.000000           1         -249.4971   
      1660:     49800.000000           1         -249.4968   
      1661:     49830.000000           1         -249.4986   
      1662:     49860.000000           1         -249.4972   
      1663:     49890.000000           1         -249.4965   
      1664:     49920.000000           1         -249.4978   
      1665:     49950.000000           1         -249.5028   
      1666:     49980.000000           1         -249.5059   
      1667:     50010.000000           1         -249.5088   
      1668:     50040.000000           1         -249.5093   
      1669:     50070.000000           1         -249.5077   
      1670:     50100.000000           1         -249.5045   
      1671:     50130.000000           1         -249.4987   
      1672:     50160.000000           1         -249.4944   
      1673:     50190.000000           1         -249.4913   
      1674:     50220.000000           1         -249.4931   
      1675:     50250.000000           1         -249.4912   
      1676:     50280.000000           1         -249.4930   
      1677:     50310.000000           1         -249.4890   
      1678:     50340.000000           1         -249.4923   
      1679:     50370.000000           1         -249.4938   
      1680:     50400.000000           1         -249.4860   
      1681:     50430.000000           1         -249.4868   
      1682:     50460.000000           1         -249.4850   
      1683:     50490.000000           1         -249.4834   
      1684:     50520.000000           1         -249.4841   
      1685:     50550.000000           1         -249.4871   
      1686:     50580.000000           1         -249.4840   
      1687:     50610.000000           1         -249.4853   
      1688:     50640.000000           1         -249.4899   
      1689:     50670.000000           1         -249.4913   
      1690:     50700.000000           1         -249.4879   
      1691:     50730.000000           1         -249.4838   
      1692:     50760.000000           1         -249.4846   
      1693:     50790.000000           1         -249.4849   
      1694:     50820.000000           1         -249.4838   
      1695:     50850.000000           1         -249.4829   
      1696:     50880.000000           1         -249.4822   
      1697:     50910.000000           1          -13.6910   
      1698:     50940.000000           1         -249.4764   
      1699:     50970.000000           1         -249.4745   
      1700:     51000.000000           1         -249.4739   
      1701:     51030.000000           1         -249.4750   
      1702:     51060.000000           1         -249.4760   
      1703:     51090.000000           1         -249.4810   
      1704:     51120.000000           1         -249.4823   
      1705:     51150.000000           1         -249.4836   
      1706:     51180.000000           1         -249.4806   
      1707:     51210.000000           1         -249.4795   
      1708:     51240.000000           1         -249.4814   
      1709:     51270.000000           1         -249.4790   
      1710:     51300.000000           1         -249.4778   
      1711:     51330.000000           1         -249.4787   
      1712:     51360.000000           1         -249.4796   
      1713:     51390.000000           1         -249.4787   
      1714:     51420.000000           1         -249.4770   
      1715:     51450.000000           1         -249.4783   
      1716:     51480.000000           1         -249.4802   
      1717:     51510.000000           1         -249.4824   
      1718:     51540.000000           1         -249.4798   
      1719:     51570.000000           1         -249.4785   
      1720:     51600.000000           1         -249.4776   
      1721:     51630.000000           1         -249.4747   
      1722:     51660.000000           1         -249.4737   
      1723:     51690.000000           1         -249.4656   
      1724:     51720.000000           1         -249.4611   
      1725:     51750.000000           1         -249.4632   
      1726:     51780.000000           1         -249.4669   
      1727:     51810.000000           1         -249.4707   
      1728:     51840.000000           1         -249.4736   
      1729:     51870.000000           1         -249.4707   
      1730:     51900.000000           1         -249.4707   
      1731:     51930.000000           1         -249.4701   
      1732:     51960.000000           1         -249.4720   
      1733:     51990.000000           1         -249.4713   
      1734:     52020.000000           1         -249.4731   
      1735:     52050.000000           1         -249.4758   
      1736:     52080.000000           1         -249.4768   
      1737:     52110.000000           1         -249.4761   
      1738:     52140.000000           1         -249.4778   
      1739:     52170.000000           1         -249.4785   
      1740:     52200.000000           1         -249.4806   
      1741:     52230.000000           1         -249.4827   
      1742:     52260.000000           1         -249.4863   
      1743:     52290.000000           1         -249.4877   
      1744:     52320.000000           1         -249.4874   
      1745:     52350.000000           1         -249.4899   
      1746:     52380.000000           1         -249.4968   
      1747:     52410.000000           1         -249.4956   
      1748:     52440.000000           1         -249.4947   
      1749:     52470.000000           1         -249.4959   
      1750:     52500.000000           1         -249.4925   
      1751:     52530.000000           1         -249.4887   
      1752:     52560.000000           1         -249.4887   
      1753:     52590.000000           1         -249.4878   
      1754:     52620.000000           1         -249.4878   
      1755:     52650.000000           1         -249.4860   
      1756:     52680.000000           1         -249.4845   
      1757:     52710.000000           1         -249.4864   
      1758:     52740.000000           1         -249.4906   
      1759:     52770.000000           1         -249.4929   
      1760:     52800.000000           1         -249.4945   
      1761:     52830.000000           1         -249.4937   
      1762:     52860.000000           1         -249.4900   
      1763:     52890.000000           1         -249.4902   
      1764:     52920.000000           1         -249.4944   
      1765:     52950.000000           1         -249.4931   
      1766:     52980.000000           1         -249.4931   
      1767:     53010.000000           1         -249.4952   
      1768:     53040.000000           1         -249.5014   
      1769:     53070.000000           1         -249.5078   
      1770:     53100.000000           1         -249.5106   
      1771:     53130.000000           1         -249.5117   
      1772:     53160.000000           1         -249.5119   
      1773:     53190.000000           1         -249.5117   
      1774:     53220.000000           1          -13.7330   
      1775:     53250.000000           1         -249.5211   
      1776:     53280.000000           1         -249.5213   
      1777:     53310.000000           1         -249.5232   
      1778:     53340.000000           1         -191.4549   
      1779:     53370.000000           1          -13.7434   
      1780:     53400.000000           1          -13.7452   
      1781:     53430.000000           1          -13.7462   
      1782:     53460.000000           1          -13.7459   
      1783:     53490.000000           1          -13.7467   
      1784:     53520.000000           1          -13.7486   
      1785:     53550.000000           1          -13.7515   
      1786:     53580.000000           1          -13.7552   
      1787:     53610.000000           1          -13.7551   
      1788:     53640.000000           1          -13.7544   
      1789:     53670.000000           1          -13.7539   
      1790:     53700.000000           1          -13.7517   
      1791:     53730.000000           1          -13.7511   
      1792:     53760.000000           1          -13.7501   
      1793:     53790.000000           1          -13.7459   
      1794:     53820.000000           1          -13.7435   
      1795:     53850.000000           1          -13.7474   
      1796:     53880.000000           1          -13.7469   
      1797:     53910.000000           1          -13.7503   
      1798:     53940.000000           1          -13.7532   
      1799:     53970.000000           1          -13.7560   
      1800:     54000.000000           1         -191.4481   
      1801:     54030.000000           1         -991.1554   
      1802:     54060.000000           1          -13.7743   
      1803:     54090.000000           1          -13.7773   
      1804:     54120.000000           1          -13.7756   
      1805:     54150.000000           1          -13.7729   
      1806:     54180.000000           1         -191.4547   
      1807:     54210.000000           1          -13.7682   
      1808:     54240.000000           1          -13.7692   
      1809:     54270.000000           1          -13.7691   
      1810:     54300.000000           1         -191.4429   
      1811:     54330.000000           1         -191.4400   
      1812:     54360.000000           1         -191.4369   
      1813:     54390.000000           1         -191.4334   
      1814:     54420.000000           1         -191.4389   
      1815:     54450.000000           1         -191.4420   
      1816:     54480.000000           1         -191.4407   
      1817:     54510.000000           1         -191.4416   
      1818:     54540.000000           1         -191.4417   
      1819:     54570.000000           1         -191.4395   
      1820:     54600.000000           1         -191.4377   
      1821:     54630.000000           1         -191.4348   
      1822:     54660.000000           1         -191.4304   
      1823:     54690.000000           1          181.9370   
      1824:     54720.000000           1          181.9391   
      1825:     54750.000000           1          181.9395   
      1826:     54780.000000           1          181.9371   
      1827:     54810.000000           1          181.9361   
      1828:     54840.000000           1          181.9378   
      1829:     54870.000000           1          181.9314   
      1830:     54900.000000           1         -191.4428   
      1831:     54930.000000           1         -191.4425   
