         0:         0.000000           1           73.5564   
         1:        30.000000           1           76.9761   
         2:        60.000000           1           74.4453   
         3:        90.000000           1          -49.3534   
         4:       120.000000           1          -47.1629   
         5:       150.000000           1          -47.2384   
         6:       180.000000           1          -47.6795   
         7:       210.000000           1          -47.9689   
         8:       240.000000           1          -48.9074   
         9:       270.000000           1          -48.9549   
        10:       300.000000           1          -48.7587   
        11:       330.000000           1          -49.1454   
        12:       360.000000           1          -49.0821   
        13:       390.000000           1          -49.4437   
        14:       420.000000           1          -49.2858   
        15:       450.000000           1          -49.1125   
        16:       480.000000           1          -48.7712   
        17:       510.000000           1          -48.7445   
        18:       540.000000           1          -48.6687   
        19:       570.000000           1          -48.4162   
        20:       600.000000           1          -47.9733   
        21:       630.000000           1          -47.4646   
        22:       660.000000           1          -47.2474   
        23:       690.000000           1          -47.0544   
        24:       720.000000           1          -47.3862   
        25:       750.000000           1          -47.4121   
        26:       780.000000           1          -47.4145   
        27:       810.000000           1          -47.6009   
        28:       840.000000           1          -47.6131   
        29:       870.000000           1           67.2455   
        30:       900.000000           1          -47.2047   
        31:       930.000000           1          -47.1352   
        32:       960.000000           1          -47.0473   
        33:       990.000000           1          -47.1203   
        34:      1020.000000           1          -46.9690   
        35:      1050.000000           1          -46.9083   
        36:      1080.000000           1          -46.9623   
        38:      1140.000000           1          -47.1432   
        39:      1170.000000           1          -46.9057   
        40:      1200.000000           1          -46.5708   
        41:      1230.000000           1           68.0151   
        42:      1260.000000           1           68.1988   
        43:      1290.000000           1           68.2018   
        44:      1320.000000           1           68.3002   
        46:      1380.000000           1           68.1231   
        47:      1410.000000           1           68.0535   
        49:      1470.000000           1           68.0960   
        50:      1500.000000           1           67.9753   
        51:      1530.000000           1           67.9931   
        52:      1560.000000           1           68.0852   
        53:      1590.000000           1           68.2190   
        54:      1620.000000           1           68.2940   
        55:      1650.000000           1           68.3485   
        56:      1680.000000           1           68.2669   
        57:      1710.000000           1           68.3264   
        58:      1740.000000           1           68.2880   
        59:      1770.000000           1           68.3508   
        60:      1800.000000           1           68.3627   
        61:      1830.000000           1           68.3463   
        62:      1860.000000           1           68.3753   
        63:      1890.000000           1           68.3211   
        64:      1920.000000           1           68.2978   
        65:      1950.000000           1           68.3239   
        66:      1980.000000           1           68.2681   
        67:      2010.000000           1          -45.7250   
        68:      2040.000000           1          -45.7526   
        69:      2070.000000           1          -45.8455   
        70:      2100.000000           1          -45.8684   
        71:      2130.000000           1          -45.9085   
        72:      2160.000000           1          -46.0174   
        73:      2190.000000           1          -46.0647   
        74:      2220.000000           1          -46.1731   
        75:      2250.000000           1          -46.1503   
        76:      2280.000000           1          -46.1400   
        77:      2310.000000           1          -46.0870   
        78:      2340.000000           1          -46.1470   
        79:      2370.000000           1          -46.1618   
        80:      2400.000000           1           67.7078   
        81:      2430.000000           1           67.7299   
        82:      2460.000000           1           67.7501   
        83:      2490.000000           1           67.7289   
        84:      2520.000000           1           67.7704   
        85:      2550.000000           1           67.8992   
        86:      2580.000000           1           67.9517   
        87:      2610.000000           1           68.0335   
        88:      2640.000000           1           67.9923   
        89:      2670.000000           1           68.0711   
        90:      2700.000000           1           68.0466   
        91:      2730.000000           1           68.0749   
        92:      2760.000000           1           68.0815   
        93:      2790.000000           1           68.0994   
        94:      2820.000000           1           68.0281   
        95:      2850.000000           1           68.0971   
        96:      2880.000000           1           68.0890   
        97:      2910.000000           1           68.0956   
        98:      2940.000000           1           68.0975   
        99:      2970.000000           1           68.1067   
       100:      3000.000000           1           68.0165   
       101:      3030.000000           1           67.9895   
       102:      3060.000000           1           68.0071   
       103:      3090.000000           1           67.9868   
       104:      3120.000000           1           68.0095   
       105:      3150.000000           1           68.0547   
       106:      3180.000000           1           68.0353   
       107:      3210.000000           1          -45.7702   
       108:      3240.000000           1          -45.7622   
       109:      3270.000000           1          -45.7760   
       110:      3300.000000           1          -45.7719   
       111:      3330.000000           1          -45.8051   
       112:      3360.000000           1          -45.8524   
       113:      3390.000000           1          -45.8947   
       114:      3420.000000           1          -45.8941   
       115:      3450.000000           1          -45.8653   
       116:      3480.000000           1          -45.8708   
       117:      3510.000000           1          -45.9304   
       118:      3540.000000           1          -45.9455   
       119:      3570.000000           1          -45.9190   
       120:      3600.000000           1          -45.9016   
       121:      3630.000000           1          -45.8458   
       122:      3660.000000           1          -45.7718   
       123:      3690.000000           1          -45.8175   
       124:      3720.000000           1          -45.8045   
       125:      3750.000000           1          -45.8381   
       126:      3780.000000           1          -45.8379   
       127:      3810.000000           1          -45.8087   
       128:      3840.000000           1          -45.7632   
       129:      3870.000000           1          -45.7244   
       130:      3900.000000           1          -45.6525   
       131:      3930.000000           1          -45.6143   
       132:      3960.000000           1          -45.6266   
       133:      3990.000000           1          -45.6532   
       134:      4020.000000           1          -45.6330   
       135:      4050.000000           1          -45.6254   
       136:      4080.000000           1          -45.6621   
       137:      4110.000000           1          -45.6623   
       138:      4140.000000           1          -45.6444   
       139:      4170.000000           1          -45.6174   
       140:      4200.000000           1          -45.6205   
       141:      4230.000000           1          -45.6381   
       142:      4260.000000           1          -45.6227   
       143:      4290.000000           1          -45.6197   
       144:      4320.000000           1          -45.6279   
       145:      4350.000000           1          -45.5904   
       146:      4380.000000           1          -45.5795   
       147:      4410.000000           1          -45.6084   
       148:      4440.000000           1          -45.6385   
       149:      4470.000000           1          -45.6540   
       150:      4500.000000           1          -45.6370   
       151:      4530.000000           1          -45.5458   
       152:      4560.000000           1          -45.4996   
       153:      4590.000000           1          -45.5087   
       154:      4620.000000           1          -45.5320   
       155:      4650.000000           1          -45.5282   
       156:      4680.000000           1          -45.4796   
       157:      4710.000000           1          -45.4791   
       158:      4740.000000           1          -45.4934   
       159:      4770.000000           1          -45.4902   
       160:      4800.000000           1          -45.5042   
       161:      4830.000000           1          -45.4873   
       162:      4860.000000           1          -45.4936   
       163:      4890.000000           1          -45.4755   
       164:      4920.000000           1          -45.4664   
       165:      4950.000000           1          -45.4820   
       166:      4980.000000           1          -45.5222   
       167:      5010.000000           1          -45.5210   
       168:      5040.000000           1          -45.5167   
       169:      5070.000000           1          -45.4996   
       170:      5100.000000           1          -45.4624   
       171:      5130.000000           1          -45.4317   
       172:      5160.000000           1          -45.3888   
       173:      5190.000000           1          -45.3663   
       174:      5220.000000           1          -45.3376   
       175:      5250.000000           1          -45.3155   
       176:      5280.000000           1          -45.3071   
       177:      5310.000000           1          -45.3011   
       178:      5340.000000           1          -45.3041   
       179:      5370.000000           1          -45.3198   
       180:      5400.000000           1          -45.2941   
       181:      5430.000000           1          -45.2668   
       182:      5460.000000           1          -45.2613   
       183:      5490.000000           1          -45.2592   
       184:      5520.000000           1          -45.2708   
       185:      5550.000000           1          -45.2873   
       186:      5580.000000           1          -45.2884   
       187:      5610.000000           1          -45.3110   
       188:      5640.000000           1          -45.3393   
       189:      5670.000000           1          -45.3605   
       190:      5700.000000           1          -45.3684   
       191:      5730.000000           1          -45.3888   
       192:      5760.000000           1          -45.4032   
       193:      5790.000000           1          -45.4066   
       194:      5820.000000           1          -45.4268   
       195:      5850.000000           1          -45.4368   
       196:      5880.000000           1          -45.4400   
       197:      5910.000000           1          -45.4492   
       198:      5940.000000           1          -45.4774   
       199:      5970.000000           1          -45.4329   
       200:      6000.000000           1          -45.4403   
       201:      6030.000000           1          -45.4293   
       202:      6060.000000           1          -45.4075   
       203:      6090.000000           1          -45.3680   
       204:      6120.000000           1          -45.3679   
       436:     13080.000000           1          -45.2195   
       441:     13230.000000           1          -45.1899   
       443:     13290.000000           1          -45.1851   
       480:     14400.000000           1          -45.2065   
       482:     14460.000000           1          -45.2160   
       484:     14520.000000           1          -45.2735   
       512:     15360.000000           1          -45.2301   
       513:     15390.000000           1          -45.2437   
       514:     15420.000000           1          -45.2348   
       515:     15450.000000           1          -45.2336   
       516:     15480.000000           1          -45.2291   
       517:     15510.000000           1          -45.2291   
       518:     15540.000000           1          -45.2175   
       519:     15570.000000           1          -45.2154   
       520:     15600.000000           1          -45.2127   
       521:     15630.000000           1          -45.2089   
       522:     15660.000000           1          -45.1979   
       523:     15690.000000           1          -45.1975   
       524:     15720.000000           1          -45.1803   
       525:     15750.000000           1          -45.1716   
       526:     15780.000000           1          -45.1511   
       527:     15810.000000           1          -45.1517   
       528:     15840.000000           1          -45.1291   
       529:     15870.000000           1          -45.1233   
       530:     15900.000000           1          -45.1105   
       531:     15930.000000           1          -45.1089   
       532:     15960.000000           1          -45.1151   
       533:     15990.000000           1          -45.1137   
       534:     16020.000000           1          -45.1182   
       535:     16050.000000           1          -45.1174   
       536:     16080.000000           1          -45.1101   
       537:     16110.000000           1          -45.1248   
       538:     16140.000000           1          -45.1221   
       539:     16170.000000           1          -45.1309   
       540:     16200.000000           1          -45.1200   
       541:     16230.000000           1          -45.1202   
       542:     16260.000000           1          -45.1241   
       543:     16290.000000           1          -45.1303   
       544:     16320.000000           1          -45.1417   
       545:     16350.000000           1          -45.1374   
       546:     16380.000000           1          -45.1309   
       547:     16410.000000           1          -45.1277   
       548:     16440.000000           1          -45.1067   
       549:     16470.000000           1          -45.1052   
       550:     16500.000000           1          -45.0854   
       551:     16530.000000           1          -45.0768   
       552:     16560.000000           1          -45.0754   
       553:     16590.000000           1          -45.0776   
       554:     16620.000000           1          -45.0633   
       555:     16650.000000           1          -45.0636   
       556:     16680.000000           1          -45.0517   
       557:     16710.000000           1          -45.0444   
       558:     16740.000000           1          -45.0380   
       559:     16770.000000           1          -45.0368   
       560:     16800.000000           1          -45.0360   
       561:     16830.000000           1          -45.0325   
       562:     16860.000000           1          -45.0194   
       563:     16890.000000           1          -45.0266   
       564:     16920.000000           1          -45.0192   
       565:     16950.000000           1          -45.0235   
       566:     16980.000000           1          -45.0243   
       567:     17010.000000           1          -45.0198   
       568:     17040.000000           1          -45.0185   
       569:     17070.000000           1          -45.0107   
       570:     17100.000000           1          -45.0103   
       571:     17130.000000           1          -45.0085   
       572:     17160.000000           1          -45.0030   
       574:     17220.000000           1          -44.9993   
       607:     18210.000000           1          -44.9119   
       608:     18240.000000           1          -44.9171   
       609:     18270.000000           1          -44.9173   
       610:     18300.000000           1          -44.9135   
       611:     18330.000000           1          -44.9196   
       612:     18360.000000           1          -44.9217   
       613:     18390.000000           1          -44.9234   
       614:     18420.000000           1          -44.9252   
       615:     18450.000000           1          -44.9242   
       616:     18480.000000           1          -44.9121   
       617:     18510.000000           1          -44.9072   
       619:     18570.000000           1          -44.9106   
       620:     18600.000000           1          -44.9024   
       621:     18630.000000           1          -44.8921   
       622:     18660.000000           1          -44.8959   
       623:     18690.000000           1          -44.8876   
       624:     18720.000000           1          -44.8817   
      2559:     76770.000000           1         -370.7481   
      2560:     76800.000000           1         -370.7504   
      2561:     76830.000000           1         -370.7531   
      2562:     76860.000000           1         -370.7561   
      2563:     76890.000000           1         -370.7559   
      2564:     76920.000000           1         -370.7591   
      2565:     76950.000000           1         -370.7614   
      2566:     76980.000000           1          -30.5338   
      2568:     77040.000000           1          -30.2007   
      2569:     77070.000000           1          -30.4593   
      2570:     77100.000000           1          -30.4605   
      2571:     77130.000000           1          -30.5866   
      2572:     77160.000000           1          -30.6148   
      2573:     77190.000000           1          -30.6324   
      2574:     77220.000000           1          -30.6255   
      2575:     77250.000000           1          -30.6142   
      2576:     77280.000000           1          -30.6000   
      2577:     77310.000000           1          -30.5938   
      2578:     77340.000000           1          -30.5662   
      2579:     77370.000000           1          -30.5395   
      2580:     77400.000000           1          -30.5346   
      2581:     77430.000000           1          -30.5320   
      2582:     77460.000000           1          -30.5476   
      2583:     77490.000000           1         -370.8272   
      2584:     77520.000000           1          -30.6048   
      2585:     77550.000000           1          -30.4912   
      2586:     77580.000000           1          -30.4952   
      2587:     77610.000000           1          -30.5462   
      2588:     77640.000000           1          -30.5783   
      2589:     77670.000000           1          -30.5858   
      2590:     77700.000000           1          -30.5885   
      2591:     77730.000000           1          -30.5946   
      2592:     77760.000000           1          -30.6192   
      2593:     77790.000000           1          -30.6326   
      2594:     77820.000000           1          -30.6350   
      2595:     77850.000000           1          -30.6385   
      2596:     77880.000000           1          -30.6418   
      2597:     77910.000000           1          -30.6527   
      2598:     77940.000000           1          -30.6585   
      2599:     77970.000000           1          -30.6639   
      2600:     78000.000000           1          -30.6705   
      2601:     78030.000000           1          -30.6724   
      2602:     78060.000000           1          -30.6720   
      2603:     78090.000000           1          -30.6722   
      2604:     78120.000000           1          -30.6753   
      2605:     78150.000000           1          -30.6822   
      2606:     78180.000000           1          -30.6832   
      2607:     78210.000000           1          -30.6860   
      2608:     78240.000000           1          -30.6899   
      2609:     78270.000000           1         -370.8848   
      2610:     78300.000000           1         -370.8880   
      2611:     78330.000000           1         -370.8912   
      2612:     78360.000000           1         -370.8936   
      2613:     78390.000000           1         -370.8940   
      2614:     78420.000000           1         -370.8938   
      2615:     78450.000000           1         -370.8933   
      2616:     78480.000000           1         -370.8946   
      2617:     78510.000000           1         -370.8955   
      2618:     78540.000000           1         -370.8965   
      2619:     78570.000000           1         -370.8976   
      2620:     78600.000000           1         -370.9017   
      2621:     78630.000000           1         -370.9053   
      2622:     78660.000000           1         -370.9094   
      2623:     78690.000000           1         -370.9127   
      2624:     78720.000000           1         -370.9179   
      2625:     78750.000000           1         -370.9229   
      2626:     78780.000000           1         -370.9275   
      2627:     78810.000000           1         -370.9319   
      2628:     78840.000000           1         -370.9348   
      2629:     78870.000000           1         -370.9387   
      2630:     78900.000000           1         -370.9425   
      2631:     78930.000000           1         -370.9450   
      2632:     78960.000000           1         -370.9465   
      2633:     78990.000000           1         -370.9473   
      2634:     79020.000000           1         -370.9475   
      2635:     79050.000000           1         -370.9492   
      2636:     79080.000000           1         -370.9502   
      2637:     79110.000000           1         -370.9518   
      2638:     79140.000000           1         -370.9527   
      2639:     79170.000000           1         -370.9553   
      2640:     79200.000000           1         -370.9598   
      2641:     79230.000000           1         -370.9621   
      2642:     79260.000000           1         -370.9663   
      2643:     79290.000000           1         -370.9711   
      2644:     79320.000000           1         -370.9740   
      2645:     79350.000000           1         -370.9774   
      2646:     79380.000000           1         -370.9804   
      2647:     79410.000000           1         -370.9828   
      2648:     79440.000000           1         -370.9855   
      2649:     79470.000000           1         -370.9891   
      2650:     79500.000000           1         -370.9909   
      2651:     79530.000000           1         -370.9937   
      2652:     79560.000000           1         -370.9964   
      2653:     79590.000000           1         -370.9992   
      2654:     79620.000000           1          -30.7901   
      2655:     79650.000000           1          -30.7950   
      2656:     79680.000000           1          -30.8004   
      2657:     79710.000000           1          -30.8073   
      2658:     79740.000000           1          -30.8073   
      2659:     79770.000000           1         -371.0243   
      2660:     79800.000000           1         -371.0256   
      2662:     79860.000000           1         -371.0383   
      2663:     79890.000000           1         -371.0435   
      2664:     79920.000000           1         -371.0466   
      2665:     79950.000000           1         -371.0490   
      2666:     79980.000000           1         -371.0516   
      2668:     80040.000000           1         -372.2993   
      2669:     80070.000000           1         -372.2799   
      2670:     80100.000000           1         -372.3159   
      2671:     80130.000000           1         -372.3382   
      2672:     80160.000000           1         -372.3340   
      2673:     80190.000000           1         -372.3417   
      2674:     80220.000000           1         -372.3640   
      2675:     80250.000000           1         -372.3702   
      2676:     80280.000000           1         -372.3833   
      2677:     80310.000000           1         -372.3900   
      2678:     80340.000000           1         -372.3960   
      2679:     80370.000000           1         -372.4060   
      2680:     80400.000000           1         -372.4112   
      2681:     80430.000000           1         -372.4216   
      2682:     80460.000000           1         -372.4340   
      2683:     80490.000000           1         -372.4374   
      2684:     80520.000000           1         -372.4505   
      2685:     80550.000000           1         -372.4630   
      2686:     80580.000000           1         -372.4812   
      2687:     80610.000000           1         -372.4965   
      2688:     80640.000000           1         -372.5045   
      2689:     80670.000000           1         -372.5151   
      2690:     80700.000000           1         -372.5238   
      2691:     80730.000000           1         -372.5380   
      2692:     80760.000000           1         -372.5504   
      2698:     80940.000000           1          -30.9365   
      2699:     80970.000000           1          -30.9392   
      2700:     81000.000000           1          -30.9396   
      2701:     81030.000000           1          -30.9395   
      2702:     81060.000000           1          -30.9426   
      2703:     81090.000000           1          -30.9439   
      2704:     81120.000000           1          -30.9469   
      2705:     81150.000000           1          -30.9474   
      2706:     81180.000000           1          -30.9468   
      2707:     81210.000000           1          -30.9474   
      2708:     81240.000000           1          -30.9511   
      2709:     81270.000000           1          -30.9530   
      2710:     81300.000000           1          -30.9527   
      2711:     81330.000000           1          -30.9562   
      2712:     81360.000000           1          -30.9574   
      2713:     81390.000000           1          -30.9595   
      2714:     81420.000000           1          -30.9619   
      2715:     81450.000000           1          -30.9640   
      2716:     81480.000000           1          -30.9659   
      2718:     81540.000000           1          -30.9691   
      2719:     81570.000000           1          -30.9702   
      2720:     81600.000000           1          -30.9723   
      2721:     81630.000000           1          -30.9742   
      2722:     81660.000000           1          -30.9757   
      2723:     81690.000000           1          -30.9782   
      2724:     81720.000000           1          -30.9828   
      2725:     81750.000000           1          -30.9869   
      2726:     81780.000000           1          -30.9884   
      2727:     81810.000000           1          -30.9912   
      2728:     81840.000000           1          -30.9941   
      2729:     81870.000000           1          -30.9962   
      2730:     81900.000000           1          -30.9968   
      2731:     81930.000000           1          -30.9995   
      2732:     81960.000000           1          -31.0004   
      2733:     81990.000000           1          -31.0022   
      2741:     82230.000000           1            9.8882   
      2777:     83310.000000           1           82.0487   
      2778:     83340.000000           1           82.1043   
      2779:     83370.000000           1           82.0666   
      2780:     83400.000000           1           82.0337   
      2781:     83430.000000           1           82.1080   
      2782:     83460.000000           1           82.0891   
      2783:     83490.000000           1           82.1374   
      2785:     83550.000000           1           82.1160   
      2786:     83580.000000           1           82.0266   
      2787:     83610.000000           1           82.0147   
      2788:     83640.000000           1           81.9755   
      2789:     83670.000000           1           81.9533   
      2790:     83700.000000           1           81.9475   
      2791:     83730.000000           1           81.8783   
      2793:     83790.000000           1           82.1387   
      2794:     83820.000000           1           82.0336   
      2795:     83850.000000           1           81.9412   
      2796:     83880.000000           1            9.7120   
      2797:     83910.000000           1           81.8157   
      2798:     83940.000000           1           81.7826   
      2799:     83970.000000           1            9.6965   
      2800:     84000.000000           1            9.6953   
      2801:     84030.000000           1            9.6985   
      2802:     84060.000000           1            9.6963   
      2803:     84090.000000           1          -31.1891   
      2804:     84120.000000           1          -31.1929   
      2805:     84150.000000           1          -31.1951   
      2806:     84180.000000           1          -31.1957   
      2807:     84210.000000           1          -31.1974   
      2808:     84240.000000           1          -31.1991   
      2809:     84270.000000           1          -31.2015   
      2810:     84300.000000           1          -31.2039   
      2811:     84330.000000           1          -31.2037   
      2812:     84360.000000           1          -31.2054   
      2813:     84390.000000           1          -31.2072   
      2814:     84420.000000           1          -31.2088   
      2815:     84450.000000           1          -31.2128   
      2816:     84480.000000           1          -31.2137   
      2817:     84510.000000           1          -31.2161   
      2818:     84540.000000           1          -31.2204   
      2819:     84570.000000           1            9.6391   
      2820:     84600.000000           1            9.6366   
      2821:     84630.000000           1          -31.2289   
      2822:     84660.000000           1            9.6309   
      2823:     84690.000000           1            9.6311   
      2824:     84720.000000           1            9.6306   
      2825:     84750.000000           1          -31.2382   
      2826:     84780.000000           1            9.6270   
      2827:     84810.000000           1            9.6192   
      2828:     84840.000000           1            9.6153   
      2829:     84870.000000           1          -31.2389   
      2830:     84900.000000           1            9.6080   
      2831:     84930.000000           1            9.6048   
      2832:     84960.000000           1            9.5987   
      2833:     84990.000000           1            9.5884   
      2834:     85020.000000           1            9.5790   
      2835:     85050.000000           1            9.5766   
      2836:     85080.000000           1            9.5737   
      2837:     85110.000000           1            9.5729   
      2838:     85140.000000           1            9.5702   
      2839:     85170.000000           1            9.5666   
      2840:     85200.000000           1            9.5669   
      2841:     85230.000000           1            9.5680   
      2842:     85260.000000           1            9.5676   
      2843:     85290.000000           1            9.5657   
      2844:     85320.000000           1            9.5656   
      2845:     85350.000000           1            9.5661   
      2846:     85380.000000           1            9.5645   
      2847:     85410.000000           1            9.5663   
      2848:     85440.000000           1            9.5660   
      2849:     85470.000000           1            9.5624   
      2850:     85500.000000           1            9.5589   
      2851:     85530.000000           1            9.5599   
      2852:     85560.000000           1            9.5644   
      2853:     85590.000000           1            9.5710   
      2854:     85620.000000           1            9.5751   
      2855:     85650.000000           1            9.5789   
      2856:     85680.000000           1            9.5836   
      2857:     85710.000000           1            9.5886   
      2858:     85740.000000           1            9.5933   
      2859:     85770.000000           1            9.5979   
      2860:     85800.000000           1            9.6008   
      2861:     85830.000000           1            9.6065   
      2862:     85860.000000           1            9.6110   
      2863:     85890.000000           1            9.6150   
      2864:     85920.000000           1            9.6187   
      2865:     85950.000000           1            9.6196   
      2866:     85980.000000           1            9.6218   
      2867:     86010.000000           1            9.6269   
      2868:     86040.000000           1           81.4777   
      2869:     86070.000000           1            9.6419   
      2870:     86100.000000           1            9.6436   
      2871:     86130.000000           1            9.6441   
      2872:     86160.000000           1            9.6428   
      2873:     86190.000000           1            9.6410   
      2874:     86220.000000           1            9.6392   
      2875:     86250.000000           1          -31.3575   
      2876:     86280.000000           1          -31.3617   
      2877:     86310.000000           1          -31.3663   
      2878:     86340.000000           1          -31.3682   
      2879:     86370.000000           1          -31.3706   
