      1442:     43260.000000           1         -249.1761   
      1443:     43290.000000           1         -249.1726   
      1444:     43320.000000           1         -249.1729   
      1445:     43350.000000           1          -13.3822   
      1446:     43380.000000           1          -13.3800   
      1447:     43410.000000           1          -13.3749   
      1448:     43440.000000           1          -13.3723   
      1449:     43470.000000           1          -13.3739   
      1450:     43500.000000           1          -13.3742   
      1451:     43530.000000           1          -13.3733   
      1452:     43560.000000           1          -13.3695   
      1453:     43590.000000           1          -13.3691   
      1454:     43620.000000           1          -13.3672   
      1455:     43650.000000           1          -13.3631   
      1456:     43680.000000           1          -13.3639   
      1457:     43710.000000           1          -13.3664   
      1458:     43740.000000           1          -86.6442   
      1459:     43770.000000           1          -13.3850   
      1460:     43800.000000           1          -13.3873   
      1461:     43830.000000           1          -13.3870   
      1462:     43860.000000           1          -13.3881   
      1463:     43890.000000           1          -13.3877   
      1464:     43920.000000           1         -249.1720   
      1465:     43950.000000           1         -249.1698   
      1466:     43980.000000           1         -249.1690   
      1467:     44010.000000           1         -249.1616   
      1468:     44040.000000           1         -249.1584   
      1469:     44070.000000           1         -249.1561   
      1470:     44100.000000           1         -249.1488   
      1471:     44130.000000           1         -249.1468   
      1472:     44160.000000           1         -328.3387   
      1473:     44190.000000           1         -328.3282   
      1474:     44220.000000           1         -328.3252   
      1475:     44250.000000           1         -328.3069   
      1476:     44280.000000           1         -328.2911   
      1477:     44310.000000           1         -328.2948   
      1478:     44340.000000           1         -328.2949   
      1479:     44370.000000           1         -328.2898   
      1480:     44400.000000           1         -328.2776   
      1481:     44430.000000           1         -328.2739   
      1482:     44460.000000           1         -328.2849   
      1483:     44490.000000           1         -328.2970   
      1484:     44520.000000           1         -328.3066   
      1485:     44550.000000           1         -328.3244   
      1486:     44580.000000           1         -249.1856   
      1487:     44610.000000           1         -328.4870   
      1488:     44640.000000           1         -328.5495   
      1489:     44670.000000           1         -328.5654   
      1490:     44700.000000           1         -328.5675   
      1491:     44730.000000           1         -249.1916   
      1492:     44760.000000           1         -328.6035   
      1493:     44790.000000           1         -249.1880   
      1494:     44820.000000           1         -249.1826   
      1495:     44850.000000           1         -249.1788   
      1496:     44880.000000           1         -249.1728   
      1497:     44910.000000           1         -249.1686   
      1498:     44940.000000           1         -249.1649   
      1499:     44970.000000           1         -249.1634   
      1500:     45000.000000           1         -249.1582   
      1501:     45030.000000           1         -249.1615   
      1502:     45060.000000           1         -249.1675   
      1503:     45090.000000           1         -249.1725   
      1504:     45120.000000           1         -249.1806   
      1505:     45150.000000           1         -249.1887   
      1506:     45180.000000           1         -249.1908   
      1507:     45210.000000           1         -249.1960   
      1508:     45240.000000           1         -249.2028   
      1509:     45270.000000           1         -249.2023   
      1510:     45300.000000           1         -249.2053   
      1511:     45330.000000           1         -249.2101   
      1512:     45360.000000           1          -13.4347   
      1513:     45390.000000           1         -249.2095   
      1514:     45420.000000           1         -249.2104   
      1515:     45450.000000           1         -249.2091   
      1516:     45480.000000           1         -249.2084   
      1517:     45510.000000           1         -249.2095   
      1518:     45540.000000           1         -249.2094   
      1519:     45570.000000           1         -249.2085   
      1520:     45600.000000           1         -249.2080   
      1521:     45630.000000           1         -249.2065   
      1522:     45660.000000           1         -249.2012   
      1523:     45690.000000           1         -328.7897   
      1524:     45720.000000           1         -328.7949   
      1525:     45750.000000           1         -328.8006   
      1526:     45780.000000           1         -328.8050   
      1527:     45810.000000           1         -249.2095   
      1528:     45840.000000           1         -328.8176   
      1529:     45870.000000           1         -249.2212   
      1530:     45900.000000           1         -328.8407   
      1531:     45930.000000           1         -328.8450   
      1532:     45960.000000           1         -328.8436   
      1533:     45990.000000           1         -328.8422   
      1534:     46020.000000           1         -328.8447   
      1535:     46050.000000           1         -328.8443   
      1536:     46080.000000           1         -328.8450   
      1537:     46110.000000           1         -249.2299   
      1538:     46140.000000           1         -328.8412   
      1539:     46170.000000           1         -328.8427   
      1540:     46200.000000           1         -328.8379   
      1541:     46230.000000           1         -328.8387   
      1542:     46260.000000           1         -328.8363   
      1543:     46290.000000           1         -328.8385   
      1544:     46320.000000           1         -328.8349   
      1545:     46350.000000           1         -249.2374   
      1546:     46380.000000           1         -328.8502   
      1547:     46410.000000           1         -328.8530   
      1548:     46440.000000           1         -328.8578   
      1549:     46470.000000           1         -328.8608   
      1550:     46500.000000           1         -328.8642   
      1551:     46530.000000           1         -328.8673   
      1552:     46560.000000           1         -328.8742   
      1553:     46590.000000           1         -328.8800   
      1554:     46620.000000           1         -328.8884   
      1555:     46650.000000           1         -328.8936   
      1556:     46680.000000           1         -328.9025   
      1557:     46710.000000           1         -328.9023   
      1558:     46740.000000           1         -328.9081   
      1559:     46770.000000           1         -328.9110   
      1560:     46800.000000           1         -249.3066   
      1561:     46830.000000           1         -328.9508   
      1562:     46860.000000           1         -328.9511   
      1563:     46890.000000           1         -328.9582   
      1564:     46920.000000           1         -328.9609   
      1565:     46950.000000           1         -328.9658   
      1566:     46980.000000           1         -328.9670   
      1567:     47010.000000           1         -328.9663   
      1568:     47040.000000           1         -328.9686   
      1569:     47070.000000           1         -328.9676   
      1570:     47100.000000           1         -328.9698   
      1571:     47130.000000           1         -328.9722   
      1572:     47160.000000           1         -328.9741   
      1573:     47190.000000           1         -328.9773   
      1574:     47220.000000           1         -249.3501   
      1575:     47250.000000           1         -328.9736   
      1576:     47280.000000           1         -328.9831   
      1577:     47310.000000           1         -328.9854   
      1578:     47340.000000           1         -328.9884   
      1579:     47370.000000           1         -328.9915   
      1580:     47400.000000           1         -328.9943   
      1581:     47430.000000           1         -249.3545   
      1582:     47460.000000           1         -249.3584   
      1583:     47490.000000           1         -249.3617   
      1584:     47520.000000           1         -249.3646   
      1585:     47550.000000           1         -249.3717   
      1586:     47580.000000           1         -249.3755   
      1587:     47610.000000           1         -249.3781   
      1588:     47640.000000           1         -249.3809   
      1589:     47670.000000           1         -249.3822   
      1590:     47700.000000           1         -249.3808   
      1591:     47730.000000           1         -249.3836   
      1592:     47760.000000           1         -249.3854   
      1593:     47790.000000           1         -249.3850   
      1594:     47820.000000           1         -249.3834   
      1595:     47850.000000           1         -249.3823   
      1596:     47880.000000           1         -249.3837   
      1597:     47910.000000           1         -249.3861   
      1598:     47940.000000           1         -249.3838   
      1599:     47970.000000           1         -249.3848   
      1600:     48000.000000           1         -249.3843   
      1601:     48030.000000           1         -249.3834   
      1602:     48060.000000           1         -329.0431   
      1603:     48090.000000           1         -249.3817   
      1604:     48120.000000           1         -249.3842   
      1605:     48150.000000           1         -249.3843   
      1606:     48180.000000           1         -249.3901   
      1607:     48210.000000           1         -249.3975   
      1608:     48240.000000           1         -329.0564   
      1609:     48270.000000           1         -329.0570   
      1610:     48300.000000           1         -329.0574   
      1611:     48330.000000           1         -329.0592   
      1612:     48360.000000           1         -249.4107   
      1613:     48390.000000           1         -249.4104   
      1614:     48420.000000           1         -249.4073   
      1615:     48450.000000           1         -249.4111   
      1616:     48480.000000           1         -249.4168   
      1617:     48510.000000           1         -249.4192   
      1618:     48540.000000           1         -249.4212   
      1619:     48570.000000           1         -249.4216   
      1620:     48600.000000           1         -249.4244   
      1621:     48630.000000           1         -249.4226   
      1622:     48660.000000           1         -249.4217   
      1623:     48690.000000           1         -249.4252   
      1624:     48720.000000           1         -249.4267   
      1625:     48750.000000           1         -249.4300   
      1626:     48780.000000           1         -249.4354   
      1627:     48810.000000           1         -249.4383   
      1628:     48840.000000           1         -249.4406   
      1629:     48870.000000           1         -249.4395   
      1630:     48900.000000           1         -249.4399   
      1631:     48930.000000           1         -249.4409   
      1632:     48960.000000           1         -249.4397   
      1633:     48990.000000           1         -249.4399   
      1634:     49020.000000           1         -249.4447   
      1635:     49050.000000           1         -249.4523   
      1636:     49080.000000           1         -249.4569   
      1637:     49110.000000           1         -249.4616   
      1638:     49140.000000           1         -249.4617   
      1639:     49170.000000           1         -249.4638   
      1640:     49200.000000           1         -329.0791   
      1641:     49230.000000           1         -329.0804   
      1642:     49260.000000           1         -329.0760   
      1643:     49290.000000           1         -329.0764   
      1644:     49320.000000           1         -329.0746   
      1645:     49350.000000           1         -329.0746   
      1646:     49380.000000           1         -329.0759   
      1647:     49410.000000           1         -329.0792   
      1648:     49440.000000           1         -329.0838   
      1649:     49470.000000           1         -329.0886   
      1650:     49500.000000           1         -329.0884   
      1651:     49530.000000           1         -329.0879   
      1652:     49560.000000           1         -329.0904   
      1653:     49590.000000           1         -329.0948   
      1654:     49620.000000           1         -329.0993   
      1655:     49650.000000           1         -329.1025   
      1656:     49680.000000           1         -329.1058   
      1657:     49710.000000           1         -329.1063   
      1658:     49740.000000           1         -329.1084   
      1659:     49770.000000           1         -329.1089   
      1660:     49800.000000           1         -329.1072   
      1661:     49830.000000           1         -329.1073   
      1662:     49860.000000           1         -329.1060   
      1663:     49890.000000           1         -329.1044   
      1664:     49920.000000           1         -329.1053   
      1665:     49950.000000           1         -329.1095   
      1666:     49980.000000           1         -329.1115   
      1667:     50010.000000           1         -329.1131   
      1668:     50040.000000           1         -329.1127   
      1669:     50070.000000           1         -329.1105   
      1670:     50100.000000           1         -329.1073   
      1671:     50130.000000           1         -329.1014   
      1672:     50160.000000           1         -329.0967   
      1673:     50190.000000           1         -329.0932   
      1674:     50220.000000           1         -329.0953   
      1675:     50250.000000           1         -329.0934   
      1676:     50280.000000           1         -329.0960   
      1677:     50310.000000           1         -329.0913   
      1678:     50340.000000           1         -329.0945   
      1679:     50370.000000           1         -329.0952   
      1680:     50400.000000           1         -329.0866   
      1681:     50430.000000           1         -329.0866   
      1682:     50460.000000           1         -329.0845   
      1683:     50490.000000           1         -329.0831   
      1684:     50520.000000           1         -329.0840   
      1685:     50550.000000           1         -329.0871   
      1686:     50580.000000           1         -329.0832   
      1687:     50610.000000           1         -329.0842   
      1688:     50640.000000           1         -329.0888   
      1689:     50670.000000           1         -329.0905   
      1690:     50700.000000           1         -329.0866   
      1691:     50730.000000           1         -329.0822   
      1692:     50760.000000           1         -329.0826   
      1693:     50790.000000           1         -329.0830   
      1694:     50820.000000           1         -329.0813   
      1695:     50850.000000           1         -329.0800   
      1696:     50880.000000           1         -329.0790   
      1697:     50910.000000           1         -249.4786   
      1698:     50940.000000           1         -329.0731   
      1699:     50970.000000           1         -329.0712   
      1700:     51000.000000           1         -329.0706   
      1701:     51030.000000           1         -329.0714   
      1702:     51060.000000           1         -329.0724   
      1703:     51090.000000           1         -329.0768   
      1704:     51120.000000           1         -329.0773   
      1705:     51150.000000           1         -329.0779   
      1706:     51180.000000           1         -329.0738   
      1707:     51210.000000           1         -329.0719   
      1708:     51240.000000           1         -329.0732   
      1709:     51270.000000           1         -329.0702   
      1710:     51300.000000           1         -329.0686   
      1711:     51330.000000           1         -329.0694   
      1712:     51360.000000           1         -329.0704   
      1713:     51390.000000           1         -329.0700   
      1714:     51420.000000           1         -329.0689   
      1715:     51450.000000           1         -329.0705   
      1716:     51480.000000           1         -329.0723   
      1717:     51510.000000           1         -329.0739   
      1718:     51540.000000           1         -329.0704   
      1719:     51570.000000           1         -329.0683   
      1720:     51600.000000           1         -329.0667   
      1721:     51630.000000           1         -329.0628   
      1722:     51660.000000           1         -329.0621   
      1723:     51690.000000           1         -329.0541   
      1724:     51720.000000           1         -329.0499   
      1725:     51750.000000           1         -329.0523   
      1726:     51780.000000           1         -329.0555   
      1727:     51810.000000           1         -329.0591   
      1728:     51840.000000           1         -329.0617   
      1729:     51870.000000           1         -329.0582   
      1730:     51900.000000           1         -329.0574   
      1731:     51930.000000           1         -329.0562   
      1732:     51960.000000           1         -329.0579   
      1733:     51990.000000           1         -329.0571   
      1734:     52020.000000           1         -329.0589   
      1735:     52050.000000           1         -329.0618   
      1736:     52080.000000           1         -329.0628   
      1737:     52110.000000           1         -329.0621   
      1738:     52140.000000           1         -329.0638   
      1739:     52170.000000           1         -329.0643   
      1740:     52200.000000           1         -329.0664   
      1741:     52230.000000           1         -329.0685   
      1742:     52260.000000           1         -329.0720   
      1743:     52290.000000           1         -329.0730   
      1744:     52320.000000           1         -329.0723   
      1745:     52350.000000           1         -329.0746   
      1746:     52380.000000           1         -329.0807   
      1747:     52410.000000           1         -329.0789   
      1748:     52440.000000           1         -329.0776   
      1749:     52470.000000           1         -329.0787   
      1750:     52500.000000           1         -329.0750   
      1751:     52530.000000           1         -329.0711   
      1752:     52560.000000           1         -329.0710   
      1753:     52590.000000           1         -329.0700   
      1754:     52620.000000           1         -329.0700   
      1755:     52650.000000           1         -329.0683   
      1756:     52680.000000           1         -329.0670   
      1757:     52710.000000           1         -329.0690   
      1758:     52740.000000           1         -329.0735   
      1759:     52770.000000           1         -329.0759   
      1760:     52800.000000           1         -329.0774   
      1761:     52830.000000           1         -329.0765   
      1762:     52860.000000           1         -329.0731   
      1763:     52890.000000           1         -329.0733   
      1764:     52920.000000           1         -329.0782   
      1765:     52950.000000           1         -329.0770   
      1766:     52980.000000           1         -329.0773   
      1767:     53010.000000           1         -329.0797   
      1768:     53040.000000           1         -329.0862   
      1769:     53070.000000           1         -329.0928   
      1770:     53100.000000           1         -329.0956   
      1771:     53130.000000           1         -329.0967   
      1772:     53160.000000           1         -329.0969   
      1773:     53190.000000           1         -329.0970   
      1774:     53220.000000           1         -249.5160   
      1775:     53250.000000           1         -329.1082   
      1776:     53280.000000           1         -329.1087   
      1777:     53310.000000           1         -329.1109   
      1778:     53340.000000           1          -13.7440   
      1779:     53370.000000           1         -249.5260   
      1780:     53400.000000           1         -249.5278   
      1781:     53430.000000           1         -249.5286   
      1782:     53460.000000           1         -249.5283   
      1783:     53490.000000           1         -249.5290   
      1784:     53520.000000           1         -249.5309   
      1785:     53550.000000           1         -249.5338   
      1786:     53580.000000           1         -249.5375   
      1787:     53610.000000           1         -249.5374   
      1788:     53640.000000           1         -249.5366   
      1789:     53670.000000           1         -249.5362   
      1790:     53700.000000           1         -249.5339   
      1791:     53730.000000           1         -249.5333   
      1792:     53760.000000           1         -249.5323   
      1793:     53790.000000           1         -249.5280   
      1794:     53820.000000           1         -249.5256   
      1795:     53850.000000           1         -249.5294   
      1796:     53880.000000           1         -249.5288   
      1797:     53910.000000           1         -249.5321   
      1798:     53940.000000           1         -249.5349   
      1799:     53970.000000           1         -249.5377   
      1800:     54000.000000           1          -13.7594   
      1801:     54030.000000           1         -329.1397   
      1802:     54060.000000           1         -991.1408   
      1803:     54090.000000           1         -329.1486   
      1804:     54120.000000           1         -329.1469   
      1805:     54150.000000           1         -329.1440   
      1806:     54180.000000           1          -13.7707   
      1807:     54210.000000           1         -329.1392   
      1808:     54240.000000           1         -329.1403   
      1809:     54270.000000           1         -329.1402   
      1810:     54300.000000           1          -13.7697   
      1811:     54330.000000           1          -13.7702   
      1812:     54360.000000           1          -13.7698   
      1813:     54390.000000           1          -13.7701   
      1814:     54420.000000           1          -13.7776   
      1815:     54450.000000           1          -13.7841   
      1816:     54480.000000           1          -13.7873   
      1817:     54510.000000           1          -13.7912   
      1818:     54540.000000           1          -13.7966   
      1819:     54570.000000           1          -13.7969   
      1820:     54600.000000           1          -13.7969   
      1821:     54630.000000           1          -13.7955   
      1822:     54660.000000           1          -13.7928   
      1823:     54690.000000           1         -191.4253   
      1824:     54720.000000           1         -191.4244   
      1825:     54750.000000           1         -191.4228   
      1826:     54780.000000           1         -191.4254   
      1827:     54810.000000           1         -191.4278   
      1828:     54840.000000           1         -191.4292   
      1829:     54870.000000           1         -191.4358   
      1830:     54900.000000           1          -13.8057   
      1831:     54930.000000           1          -13.8051   
      1832:     54960.000000           1          -13.8061   
      1833:     54990.000000           1          -13.8071   
      1834:     55020.000000           1          -13.8032   
      1835:     55050.000000           1          -13.8047   
      1836:     55080.000000           1          -13.8038   
      1837:     55110.000000           1          -13.8021   
      1838:     55140.000000           1          -13.8028   
      1839:     55170.000000           1          -13.8041   
      1840:     55200.000000           1          -13.8078   
      1841:     55230.000000           1          -13.8120   
      1842:     55260.000000           1          -13.8158   
      1843:     55290.000000           1          -13.8161   
      1844:     55320.000000           1          -13.8183   
      1845:     55350.000000           1          -13.8209   
      1846:     55380.000000           1          -13.8252   
      1847:     55410.000000           1          -13.8345   
      1848:     55440.000000           1          -13.8360   
      1849:     55470.000000           1          -13.8355   
      1850:     55500.000000           1          -13.8349   
      1851:     55530.000000           1          -13.8371   
      1852:     55560.000000           1          -13.8395   
      1853:     55590.000000           1          -13.8414   
      1854:     55620.000000           1          -13.8452   
      1855:     55650.000000           1          -13.8461   
      1856:     55680.000000           1          -13.8505   
      1857:     55710.000000           1          -13.8533   
      1858:     55740.000000           1          -13.8526   
      1859:     55770.000000           1         -191.4538   
      1860:     55800.000000           1          -13.8532   
      1861:     55830.000000           1          -13.8569   
      1862:     55860.000000           1          -13.8586   
      1863:     55890.000000           1          -13.8573   
      1864:     55920.000000           1          -13.8573   
      1865:     55950.000000           1          -13.8588   
      1866:     55980.000000           1          -13.8610   
      1867:     56010.000000           1         -329.2512   
      1868:     56040.000000           1         -329.2559   
      1869:     56070.000000           1         -329.2599   
      1870:     56100.000000           1         -329.2636   
      1871:     56130.000000           1         -329.2678   
      1872:     56160.000000           1         -329.2700   
      1873:     56190.000000           1         -329.2690   
      1874:     56220.000000           1         -329.2708   
      1875:     56250.000000           1         -329.2781   
      1876:     56280.000000           1         -329.2811   
      1877:     56310.000000           1         -329.2802   
      1878:     56340.000000           1         -329.2785   
      1879:     56370.000000           1         -329.2783   
      1880:     56400.000000           1         -329.2790   
      1881:     56430.000000           1         -329.2774   
      1882:     56460.000000           1         -329.2808   
      1883:     56490.000000           1         -329.2830   
      1884:     56520.000000           1         -329.2839   
      1885:     56550.000000           1         -329.2885   
      1886:     56580.000000           1         -329.2907   
      1887:     56610.000000           1         -329.2901   
      1888:     56640.000000           1         -329.2912   
      1889:     56670.000000           1         -329.2952   
      1890:     56700.000000           1         -329.2954   
      1891:     56730.000000           1         -329.2943   
      1892:     56760.000000           1         -329.3042   
      1893:     56790.000000           1         -329.3069   
      1894:     56820.000000           1         -329.3087   
      1895:     56850.000000           1         -329.3117   
      1896:     56880.000000           1         -329.3123   
      1897:     56910.000000           1         -329.3134   
      1898:     56940.000000           1         -329.3167   
      1899:     56970.000000           1          -14.3680   
      1900:     57000.000000           1          -14.3901   
      1901:     57030.000000           1          -14.4100   
      1902:     57060.000000           1          -14.4301   
      1903:     57090.000000           1         -191.5057   
      1904:     57120.000000           1         -191.5071   
      1905:     57150.000000           1         -191.5106   
      1906:     57180.000000           1         -191.5072   
      1907:     57210.000000           1         -191.5117   
      1908:     57240.000000           1         -191.5148   
      1909:     57270.000000           1         -191.5165   
      1910:     57300.000000           1         -191.5182   
      1911:     57330.000000           1         -191.5215   
      1912:     57360.000000           1         -191.5213   
      1913:     57390.000000           1         -191.5220   
      1914:     57420.000000           1         -191.5225   
      1915:     57450.000000           1         -191.5212   
      1916:     57480.000000           1         -191.5243   
      1917:     57510.000000           1         -191.5205   
      1918:     57540.000000           1         -191.5219   
      1919:     57570.000000           1         -191.5217   
      1920:     57600.000000           1         -191.5236   
      1921:     57630.000000           1         -191.5255   
      1922:     57660.000000           1         -191.5246   
      1923:     57690.000000           1         -329.3478   
      1924:     57720.000000           1         -191.5323   
      1925:     57750.000000           1         -191.5336   
      1926:     57780.000000           1         -329.3504   
      1927:     57810.000000           1         -191.5315   
      1928:     57840.000000           1         -329.3514   
      1929:     57870.000000           1         -329.3491   
      1930:     57900.000000           1         -329.3531   
      1931:     57930.000000           1         -329.3538   
      1932:     57960.000000           1         -329.3558   
      1933:     57990.000000           1         -329.3592   
      1934:     58020.000000           1         -329.3629   
      1935:     58050.000000           1         -329.3630   
      1936:     58080.000000           1         -329.3619   
      1937:     58110.000000           1         -329.3644   
      1938:     58140.000000           1         -329.3662   
      1939:     58170.000000           1         -329.3693   
      1940:     58200.000000           1         -329.3704   
      1941:     58230.000000           1         -329.3724   
      1942:     58260.000000           1         -329.3734   
      1943:     58290.000000           1         -329.3765   
      1944:     58320.000000           1         -329.3802   
      1945:     58350.000000           1         -329.3807   
      1946:     58380.000000           1         -329.3807   
      1947:     58410.000000           1         -329.3800   
      1948:     58440.000000           1         -329.3805   
      1949:     58470.000000           1         -329.3840   
      1950:     58500.000000           1         -329.3826   
      1951:     58530.000000           1         -329.3836   
      1952:     58560.000000           1         -329.3890   
      1953:     58590.000000           1         -329.3886   
      1954:     58620.000000           1         -329.3907   
      1955:     58650.000000           1         -329.3928   
      1956:     58680.000000           1         -329.3988   
      1957:     58710.000000           1         -329.4053   
      1958:     58740.000000           1         -329.4102   
      1959:     58770.000000           1         -329.4134   
      1960:     58800.000000           1         -329.4153   
      1961:     58830.000000           1         -329.4172   
      1962:     58860.000000           1         -329.4218   
      1963:     58890.000000           1         -329.4271   
      1964:     58920.000000           1         -329.4315   
      1965:     58950.000000           1         -329.4344   
      1966:     58980.000000           1         -329.4384   
      1967:     59010.000000           1         -329.4409   
      1968:     59040.000000           1         -329.4468   
      1969:     59070.000000           1         -329.4512   
      1970:     59100.000000           1         -329.4518   
      1971:     59130.000000           1         -329.4564   
      1972:     59160.000000           1         -329.4637   
      1973:     59190.000000           1         -329.4668   
      1974:     59220.000000           1         -329.4669   
      1975:     59250.000000           1         -329.4682   
      1976:     59280.000000           1         -329.4693   
      1977:     59310.000000           1         -329.4691   
      1978:     59340.000000           1         -329.4678   
      1979:     59370.000000           1         -329.4680   
      1980:     59400.000000           1         -329.4682   
      1981:     59430.000000           1         -329.4670   
      1982:     59460.000000           1         -329.4674   
      1983:     59490.000000           1         -329.4664   
      1984:     59520.000000           1         -329.4704   
      1985:     59550.000000           1         -329.4715   
      1986:     59580.000000           1         -329.4768   
      1987:     59610.000000           1         -329.4786   
      1988:     59640.000000           1         -329.4774   
      1989:     59670.000000           1         -329.4786   
      1990:     59700.000000           1         -329.4795   
      1991:     59730.000000           1         -329.4805   
      1992:     59760.000000           1         -329.4846   
      1993:     59790.000000           1         -329.4863   
      1994:     59820.000000           1         -191.6594   
      1995:     59850.000000           1         -329.4884   
      1996:     59880.000000           1         -329.4919   
      1997:     59910.000000           1         -329.4969   
      1998:     59940.000000           1         -191.6643   
      1999:     59970.000000           1         -191.6654   
      2000:     60000.000000           1         -191.6665   
      2001:     60030.000000           1         -191.6682   
      2002:     60060.000000           1         -191.6672   
      2003:     60090.000000           1         -191.6645   
      2004:     60120.000000           1         -191.6655   
      2005:     60150.000000           1         -191.6612   
      2006:     60180.000000           1         -191.6607   
      2007:     60210.000000           1         -191.6606   
      2008:     60240.000000           1         -191.6585   
      2009:     60270.000000           1         -191.6583   
      2010:     60300.000000           1         -191.6587   
      2011:     60330.000000           1         -191.6575   
      2012:     60360.000000           1         -191.6520   
      2013:     60390.000000           1         -191.6523   
      2014:     60420.000000           1         -191.6527   
      2015:     60450.000000           1         -191.6558   
      2016:     60480.000000           1          181.7460   
      2017:     60510.000000           1          181.7427   
      2018:     60540.000000           1          181.7426   
      2019:     60570.000000           1          181.7422   
      2020:     60600.000000           1          181.7426   
      2021:     60630.000000           1          181.7424   
      2022:     60660.000000           1         -191.6730   
      2023:     60690.000000           1         -191.6719   
      2024:     60720.000000           1          181.7450   
      2025:     60750.000000           1         -191.6657   
      2026:     60780.000000           1          181.7446   
      2027:     60810.000000           1         -191.6758   
      2028:     60840.000000           1         -191.6780   
      2029:     60870.000000           1          181.7404   
      2030:     60900.000000           1          181.7411   
      2031:     60930.000000           1          181.7426   
      2032:     60960.000000           1          181.7461   
      2033:     60990.000000           1          181.7494   
      2034:     61020.000000           1          181.7516   
      2035:     61050.000000           1         -191.6646   
      2036:     61080.000000           1         -191.6664   
      2037:     61110.000000           1         -191.6660   
      2038:     61140.000000           1          181.7489   
      2039:     61170.000000           1         -191.6752   
      2040:     61200.000000           1         -191.6799   
      2041:     61230.000000           1         -191.6822   
      2042:     61260.000000           1         -191.6821   
      2043:     61290.000000           1         -329.5211   
      2044:     61320.000000           1         -329.5235   
      2045:     61350.000000           1         -329.5254   
      2046:     61380.000000           1         -191.6905   
      2047:     61410.000000           1         -329.5193   
      2048:     61440.000000           1         -329.5159   
      2049:     61470.000000           1         -191.6740   
      2050:     61500.000000           1         -329.5108   
      2051:     61530.000000           1         -329.5091   
      2052:     61560.000000           1         -191.6823   
      2053:     61590.000000           1         -329.5154   
      2054:     61620.000000           1         -191.6893   
      2055:     61650.000000           1         -329.5239   
      2056:     61680.000000           1         -329.5235   
      2057:     61710.000000           1         -329.5204   
      2058:     61740.000000           1         -329.5186   
      2059:     61770.000000           1         -329.5182   
      2060:     61800.000000           1         -329.5153   
      2061:     61830.000000           1         -329.5141   
      2062:     61860.000000           1         -191.6822   
      2063:     61890.000000           1         -191.6802   
      2064:     61920.000000           1         -191.6787   
      2065:     61950.000000           1         -191.6774   
      2066:     61980.000000           1         -191.6759   
      2067:     62010.000000           1         -329.5063   
      2068:     62040.000000           1         -329.5032   
      2069:     62070.000000           1         -191.6688   
      2070:     62100.000000           1         -191.6670   
      2071:     62130.000000           1          181.7838   
      2072:     62160.000000           1         -191.6588   
      2073:     62190.000000           1         -191.6566   
      2074:     62220.000000           1         -191.6547   
      2075:     62250.000000           1         -191.6565   
      2076:     62280.000000           1          181.7852   
      2077:     62310.000000           1         -191.6655   
      2078:     62340.000000           1         -329.4939   
      2079:     62370.000000           1          181.7824   
      2080:     62400.000000           1         -191.6670   
      2081:     62430.000000           1         -191.6703   
      2082:     62460.000000           1         -191.6704   
      2083:     62490.000000           1         -191.6700   
      2084:     62520.000000           1         -191.6701   
      2085:     62550.000000           1         -191.6744   
      2086:     62580.000000           1         -191.6763   
      2087:     62610.000000           1         -191.6770   
      2088:     62640.000000           1         -191.6769   
      2089:     62670.000000           1         -191.6778   
      2090:     62700.000000           1         -191.6749   
      2091:     62730.000000           1         -191.6768   
      2092:     62760.000000           1         -191.6750   
      2093:     62790.000000           1          181.7745   
      2094:     62820.000000           1          181.7747   
      2095:     62850.000000           1          181.7734   
      2096:     62880.000000           1          181.7723   
      2097:     62910.000000           1          181.7735   
      2098:     62940.000000           1          181.7724   
      2099:     62970.000000           1          181.7755   
      2100:     63000.000000           1          181.7768   
      2101:     63030.000000           1          181.7792   
      2102:     63060.000000           1          -87.3340   
      2103:     63090.000000           1          181.7841   
      2104:     63120.000000           1          181.7885   
      2105:     63150.000000           1          181.7881   
      2106:     63180.000000           1          181.7895   
      2107:     63210.000000           1          181.7905   
      2108:     63240.000000           1          181.7917   
      2109:     63270.000000           1          181.7928   
      2110:     63300.000000           1          181.7933   
      2111:     63330.000000           1          181.7955   
      2112:     63360.000000           1          181.7984   
      2113:     63390.000000           1          181.7983   
      2114:     63420.000000           1         -191.6457   
      2115:     63450.000000           1         -191.6447   
      2116:     63480.000000           1         -191.6429   
      2117:     63510.000000           1         -191.6399   
      2118:     63540.000000           1         -191.6374   
      2119:     63570.000000           1          170.6959   
      2120:     63600.000000           1          170.6938   
      2121:     63630.000000           1          170.7225   
      2122:     63660.000000           1          170.7183   
      2123:     63690.000000           1          170.7146   
      2124:     63720.000000           1          170.6980   
      2125:     63750.000000           1          170.7093   
      2126:     63780.000000           1          170.7419   
      2127:     63810.000000           1          170.7583   
      2128:     63840.000000           1          170.7705   
      2129:     63870.000000           1          170.7841   
      2130:     63900.000000           1          170.7932   
      2131:     63930.000000           1          170.7862   
      2132:     63960.000000           1          170.7910   
      2133:     63990.000000           1          170.7893   
      2134:     64020.000000           1          170.7822   
      2135:     64050.000000           1          170.7763   
      2136:     64080.000000           1          170.7700   
      2137:     64110.000000           1          170.7617   
      2138:     64140.000000           1          170.7663   
      2139:     64170.000000           1          170.7641   
      2140:     64200.000000           1          170.7629   
      2141:     64230.000000           1          170.7582   
      2142:     64260.000000           1          170.7613   
      2143:     64290.000000           1         -191.6219   
      2144:     64320.000000           1          170.5830   
      2145:     64350.000000           1          170.8132   
      2146:     64380.000000           1         -329.4492   
      2147:     64410.000000           1         -329.4506   
      2148:     64440.000000           1         -329.4532   
      2149:     64470.000000           1         -329.4527   
      2150:     64500.000000           1         -329.4510   
      2151:     64530.000000           1         -329.4527   
      2152:     64560.000000           1         -329.4522   
      2153:     64590.000000           1         -329.4518   
      2154:     64620.000000           1         -329.4525   
      2155:     64650.000000           1         -329.4566   
      2156:     64680.000000           1         -329.4575   
      2157:     64710.000000           1         -329.4595   
      2158:     64740.000000           1         -329.4566   
      2159:     64770.000000           1         -329.4520   
      2160:     64800.000000           1         -329.4505   
      2161:     64830.000000           1         -329.4483   
      2162:     64860.000000           1         -329.4425   
      2163:     64890.000000           1         -329.4400   
      2164:     64920.000000           1         -329.4401   
      2165:     64950.000000           1         -329.4376   
      2166:     64980.000000           1         -329.4395   
      2167:     65010.000000           1         -329.4396   
      2168:     65040.000000           1         -329.4433   
      2169:     65070.000000           1          170.9102   
      2170:     65100.000000           1          170.9129   
      2171:     65130.000000           1         -329.4382   
      2172:     65160.000000           1          170.9334   
      2173:     65190.000000           1          170.9287   
      2174:     65220.000000           1          170.9332   
      2175:     65250.000000           1          170.9209   
      2176:     65280.000000           1          170.9067   
      2177:     65310.000000           1          170.8993   
      2178:     65340.000000           1          170.8894   
      2179:     65370.000000           1          170.8770   
      2180:     65400.000000           1          170.8733   
      2181:     65430.000000           1          170.8682   
      2182:     65460.000000           1          170.8696   
      2183:     65490.000000           1          170.8658   
      2184:     65520.000000           1          170.8648   
      2185:     65550.000000           1         -191.6038   
      2186:     65580.000000           1         -191.6030   
      2187:     65610.000000           1          170.8407   
      2188:     65640.000000           1          170.8366   
      2189:     65670.000000           1         -191.5903   
      2190:     65700.000000           1         -191.5822   
      2191:     65730.000000           1          170.6749   
      2192:     65760.000000           1          170.6659   
      2193:     65790.000000           1          170.6870   
      2194:     65820.000000           1          170.6822   
      2195:     65850.000000           1          170.6731   
      2196:     65880.000000           1          170.6781   
      2197:     65910.000000           1          170.6870   
      2198:     65940.000000           1          170.7045   
      2199:     65970.000000           1          170.7090   
      2200:     66000.000000           1          170.7296   
      2201:     66030.000000           1          170.7377   
      2202:     66060.000000           1          170.7491   
      2203:     66090.000000           1          170.7489   
      2204:     66120.000000           1          170.7527   
      2205:     66150.000000           1         -191.5642   
      2206:     66180.000000           1          170.7440   
      2207:     66210.000000           1          170.7423   
      2208:     66240.000000           1          170.7444   
      2209:     66270.000000           1          170.7468   
      2210:     66300.000000           1          170.7506   
      2211:     66330.000000           1          170.7517   
      2212:     66360.000000           1          170.7497   
      2213:     66390.000000           1          170.7449   
      2214:     66420.000000           1          170.7391   
      2215:     66450.000000           1          170.7326   
      2216:     66480.000000           1          170.7283   
      2217:     66510.000000           1          170.7215   
      2218:     66540.000000           1          170.7142   
      2219:     66570.000000           1         -191.5604   
      2220:     66600.000000           1            5.6873   
      2221:     66630.000000           1         -191.5526   
      2222:     66660.000000           1         -191.5502   
      2223:     66690.000000           1         -191.5478   
      2224:     66720.000000           1         -191.5479   
      2225:     66750.000000           1         -191.5481   
      2226:     66780.000000           1         -191.5515   
      2227:     66810.000000           1         -191.5498   
      2228:     66840.000000           1         -191.5527   
      2229:     66870.000000           1         -191.5523   
      2230:     66900.000000           1         -191.5518   
      2231:     66930.000000           1         -191.5519   
      2232:     66960.000000           1         -191.5532   
      2233:     66990.000000           1         -191.5508   
      2234:     67020.000000           1         -191.5521   
      2235:     67050.000000           1            5.6847   
      2236:     67080.000000           1            5.6831   
      2237:     67110.000000           1            5.6809   
      2238:     67140.000000           1            5.6803   
      2239:     67170.000000           1            5.6795   
      2240:     67200.000000           1            5.6791   
      2241:     67230.000000           1            5.6814   
      2242:     67260.000000           1            5.6800   
      2243:     67290.000000           1            5.6806   
      2244:     67320.000000           1            5.6821   
      2245:     67350.000000           1         -191.5601   
      2246:     67380.000000           1         -191.5589   
      2247:     67410.000000           1         -191.5585   
      2248:     67440.000000           1         -191.5607   
      2249:     67470.000000           1         -191.5612   
      2250:     67500.000000           1         -191.5600   
      2251:     67530.000000           1         -191.5605   
      2252:     67560.000000           1         -191.5580   
      2253:     67590.000000           1         -191.5593   
      2254:     67620.000000           1         -191.5596   
      2255:     67650.000000           1         -191.5561   
      2256:     67680.000000           1         -191.5559   
      2257:     67710.000000           1         -191.5543   
      2258:     67740.000000           1         -191.5529   
      2259:     67770.000000           1         -191.5531   
      2260:     67800.000000           1         -191.5520   
      2261:     67830.000000           1          170.5864   
      2262:     67860.000000           1          170.5844   
      2263:     67890.000000           1          170.5849   
      2264:     67920.000000           1          170.5769   
      2265:     67950.000000           1          170.5711   
      2266:     67980.000000           1          170.5677   
      2267:     68010.000000           1          170.5604   
      2268:     68040.000000           1          170.5597   
      2269:     68070.000000           1          170.5565   
      2270:     68100.000000           1          170.5516   
      2271:     68130.000000           1          170.5498   
      2272:     68160.000000           1          170.5490   
      2273:     68190.000000           1          170.5447   
      2274:     68220.000000           1          170.5465   
      2275:     68250.000000           1          170.5445   
      2276:     68280.000000           1          170.5437   
      2277:     68310.000000           1          170.5415   
      2278:     68340.000000           1          170.5434   
      2279:     68370.000000           1          170.5436   
      2280:     68400.000000           1          170.5408   
      2281:     68430.000000           1          170.5416   
      2282:     68460.000000           1          170.5415   
      2283:     68490.000000           1          170.5396   
      2284:     68520.000000           1          170.5373   
      2285:     68550.000000           1          170.5350   
      2286:     68580.000000           1          170.5329   
      2287:     68610.000000           1         -191.5541   
      2288:     68640.000000           1         -191.5508   
      2289:     68670.000000           1         -191.5522   
      2290:     68700.000000           1         -191.5555   
      2291:     68730.000000           1         -191.5600   
      2292:     68760.000000           1         -191.5613   
      2293:     68790.000000           1         -191.5619   
      2294:     68820.000000           1         -191.5620   
      2295:     68850.000000           1         -191.5609   
      2296:     68880.000000           1         -191.5608   
      2297:     68910.000000           1         -191.5596   
      2298:     68940.000000           1         -191.5606   
      2299:     68970.000000           1         -191.5603   
      2300:     69000.000000           1         -191.5591   
      2301:     69030.000000           1         -191.5558   
      2302:     69060.000000           1         -191.5528   
      2303:     69090.000000           1         -191.5495   
      2304:     69120.000000           1         -191.5494   
      2305:     69150.000000           1         -191.5524   
      2306:     69180.000000           1         -191.5565   
      2307:     69210.000000           1         -191.5587   
      2308:     69240.000000           1         -191.5588   
      2309:     69270.000000           1         -191.5590   
      2310:     69300.000000           1         -191.5588   
      2311:     69330.000000           1         -191.5577   
      2312:     69360.000000           1         -191.5576   
      2313:     69390.000000           1         -191.5578   
      2314:     69420.000000           1         -191.5594   
      2315:     69450.000000           1          170.5143   
      2316:     69480.000000           1          170.5115   
      2317:     69510.000000           1          170.5109   
      2318:     69540.000000           1          170.5097   
      2319:     69570.000000           1          170.5063   
      2320:     69600.000000           1          170.5049   
      2321:     69630.000000           1          170.5038   
      2322:     69660.000000           1         -330.4290   
      2323:     69690.000000           1         -330.4333   
      2324:     69720.000000           1         -330.4157   
      2325:     69750.000000           1         -330.4491   
      2326:     69780.000000           1         -330.4546   
      2327:     69810.000000           1         -330.4279   
      2328:     69840.000000           1         -330.4228   
      2329:     69870.000000           1         -330.4244   
      2330:     69900.000000           1         -330.4353   
      2331:     69930.000000           1         -330.4336   
      2332:     69960.000000           1         -330.4356   
      2333:     69990.000000           1         -330.4351   
      2334:     70020.000000           1         -330.4481   
      2335:     70050.000000           1         -330.4528   
      2336:     70080.000000           1         -330.4568   
      2337:     70110.000000           1         -330.4583   
      2338:     70140.000000           1         -191.5674   
      2339:     70170.000000           1         -330.4528   
      2340:     70200.000000           1         -330.5083   
      2341:     70230.000000           1         -330.4861   
      2342:     70260.000000           1         -330.4844   
      2343:     70290.000000           1         -330.4776   
      2344:     70320.000000           1         -330.4675   
      2345:     70350.000000           1         -330.4604   
      2346:     70380.000000           1         -330.4731   
      2347:     70410.000000           1         -330.4720   
      2348:     70440.000000           1         -330.4798   
      2349:     70470.000000           1         -330.4860   
      2350:     70500.000000           1         -330.4900   
      2351:     70530.000000           1         -330.4960   
      2352:     70560.000000           1          170.4893   
      2353:     70590.000000           1          170.4897   
      2354:     70620.000000           1          170.4913   
      2355:     70650.000000           1          170.4931   
      2356:     70680.000000           1          170.4960   
      2357:     70710.000000           1          170.4974   
      2358:     70740.000000           1          170.4984   
      2359:     70770.000000           1          170.4989   
      2360:     70800.000000           1          170.4971   
      2361:     70830.000000           1          170.4965   
      2362:     70860.000000           1          170.4916   
      2363:     70890.000000           1          170.4909   
      2364:     70920.000000           1          170.4900   
      2365:     70950.000000           1          170.4904   
      2366:     70980.000000           1          170.4908   
      2367:     71010.000000           1          170.4940   
      2368:     71040.000000           1          170.4928   
      2369:     71070.000000           1          170.4930   
      2370:     71100.000000           1          170.4927   
      2371:     71130.000000           1          170.4931   
      2372:     71160.000000           1          170.4946   
      2373:     71190.000000           1          170.4962   
      2374:     71220.000000           1          170.4971   
      2375:     71250.000000           1          170.4990   
      2376:     71280.000000           1          170.5001   
      2377:     71310.000000           1          170.4986   
      2378:     71340.000000           1          170.4991   
      2379:     71370.000000           1          170.4997   
      2380:     71400.000000           1          170.4968   
      2381:     71430.000000           1          170.4949   
      2382:     71460.000000           1          170.4913   
      2383:     71490.000000           1          170.4891   
      2384:     71520.000000           1          170.4882   
      2385:     71550.000000           1          170.4867   
      2386:     71580.000000           1          170.4837   
      2387:     71610.000000           1          170.4845   
      2388:     71640.000000           1          170.4828   
      2389:     71670.000000           1          170.4850   
      2390:     71700.000000           1          170.4849   
      2391:     71730.000000           1          170.4841   
      2392:     71760.000000           1          170.4856   
      2393:     71790.000000           1          170.4886   
      2394:     71820.000000           1          170.4922   
      2395:     71850.000000           1          170.4955   
      2396:     71880.000000           1          170.4998   
      2397:     71910.000000           1          170.5006   
      2398:     71940.000000           1          170.5008   
      2399:     71970.000000           1          170.5022   
      2400:     72000.000000           1          170.5015   
      2401:     72030.000000           1         -191.5691   
      2402:     72060.000000           1         -191.5702   
      2403:     72090.000000           1         -191.5714   
      2404:     72120.000000           1         -191.5724   
      2405:     72150.000000           1         -191.5741   
      2406:     72180.000000           1         -191.5738   
      2407:     72210.000000           1         -191.5748   
      2408:     72240.000000           1         -191.5764   
      2409:     72270.000000           1         -191.5764   
      2410:     72300.000000           1         -191.5772   
      2411:     72330.000000           1         -191.5748   
      2412:     72360.000000           1           13.2336   
      2413:     72390.000000           1         -191.5743   
      2414:     72420.000000           1           13.2219   
      2415:     72450.000000           1           13.2187   
      2416:     72480.000000           1           13.2172   
      2417:     72510.000000           1           13.2103   
      2418:     72540.000000           1           13.2077   
      2419:     72570.000000           1           13.1994   
      2420:     72600.000000           1           13.1947   
      2421:     72630.000000           1           13.1906   
      2422:     72660.000000           1         -191.5856   
      2423:     72690.000000           1         -191.5852   
      2424:     72720.000000           1         -191.5867   
      2425:     72750.000000           1         -191.5875   
      2426:     72780.000000           1         -191.5890   
      2427:     72810.000000           1         -191.5878   
      2428:     72840.000000           1         -191.5898   
      2429:     72870.000000           1         -191.5918   
      2430:     72900.000000           1         -191.5921   
      2431:     72930.000000           1         -191.5935   
