         0:         0.000000           1           13.1522   
         1:        30.000000           1           26.2799   
         2:        60.000000           1           21.2550   
         3:        90.000000           1           25.4538   
         4:       120.000000           1           27.7013   
         5:       150.000000           1           28.5602   
         6:       180.000000           1           29.2303   
         7:       210.000000           1           31.4001   
         8:       240.000000           1           30.7231   
         9:       270.000000           1           31.2778   
        10:       300.000000           1           31.6906   
        11:       330.000000           1           31.5148   
        12:       360.000000           1           31.9899   
        13:       390.000000           1           31.6393   
        14:       420.000000           1           32.1888   
        15:       450.000000           1           32.8409   
        16:       480.000000           1           33.3387   
        17:       510.000000           1           33.4787   
        18:       540.000000           1           33.7288   
        19:       570.000000           1           33.7817   
        20:       600.000000           1           34.2860   
        21:       630.000000           1           34.9036   
        22:       660.000000           1           35.1785   
        23:       690.000000           1           35.3027   
        24:       720.000000           1           35.0058   
        25:       750.000000           1           34.8506   
        26:       780.000000           1           34.9194   
        27:       810.000000           1           34.6840   
        28:       840.000000           1           34.6450   
        29:       870.000000           1           34.6357   
        30:       900.000000           1           34.8966   
        31:       930.000000           1           34.9615   
        32:       960.000000           1           35.0669   
        33:       990.000000           1           35.0153   
        34:      1020.000000           1           35.1714   
        35:      1050.000000           1           35.2364   
        36:      1080.000000           1           35.1410   
        37:      1110.000000           1          -22.2369   
        38:      1140.000000           1           35.2223   
        39:      1170.000000           1           35.2434   
        40:      1200.000000           1           35.5376   
        41:      1230.000000           1           35.9988   
        42:      1260.000000           1           36.0644   
        43:      1290.000000           1           36.0139   
        44:      1320.000000           1           36.1112   
        45:      1350.000000           1          -20.7150   
        46:      1380.000000           1           35.6693   
        47:      1410.000000           1           35.7925   
        48:      1440.000000           1          -20.8718   
        49:      1470.000000           1           35.7875   
        50:      1500.000000           1           35.7549   
        51:      1530.000000           1           35.8584   
        52:      1560.000000           1           35.9468   
        53:      1590.000000           1           36.1508   
        54:      1620.000000           1           36.2939   
        55:      1650.000000           1           36.3780   
        56:      1680.000000           1           36.3521   
        57:      1710.000000           1           36.4304   
        58:      1740.000000           1           36.4103   
        59:      1770.000000           1           36.4522   
        60:      1800.000000           1           36.4484   
        61:      1830.000000           1           36.4189   
        62:      1860.000000           1           36.4340   
        63:      1890.000000           1           36.3754   
        64:      1920.000000           1           36.3542   
        65:      1950.000000           1           36.3623   
        66:      1980.000000           1           36.3224   
        67:      2010.000000           1           36.2749   
        68:      2040.000000           1           36.2424   
        69:      2070.000000           1           36.1431   
        70:      2100.000000           1           36.1179   
        71:      2130.000000           1           36.0665   
        72:      2160.000000           1           35.9483   
        73:      2190.000000           1           35.8773   
        74:      2220.000000           1           35.7524   
        75:      2250.000000           1           35.7717   
        76:      2280.000000           1           35.7779   
        77:      2310.000000           1           35.8290   
        78:      2340.000000           1           35.7587   
        79:      2370.000000           1           35.7419   
        80:      2400.000000           1           35.7138   
        81:      2430.000000           1           35.7416   
        82:      2460.000000           1           35.7599   
        83:      2490.000000           1           35.7404   
        84:      2520.000000           1           35.7697   
        85:      2550.000000           1           35.9180   
        86:      2580.000000           1           35.9837   
        87:      2610.000000           1           36.0668   
        88:      2640.000000           1           36.0149   
        89:      2670.000000           1           36.0868   
        90:      2700.000000           1           36.0571   
        91:      2730.000000           1           36.0751   
        92:      2760.000000           1           36.0928   
        93:      2790.000000           1           36.1067   
        94:      2820.000000           1           36.0381   
        95:      2850.000000           1           36.1041   
        96:      2880.000000           1           36.0904   
        97:      2910.000000           1           36.0961   
        98:      2940.000000           1           36.0992   
        99:      2970.000000           1           36.0968   
       100:      3000.000000           1           35.9985   
       101:      3030.000000           1           35.9597   
       102:      3060.000000           1           35.9658   
       103:      3090.000000           1           35.9474   
       104:      3120.000000           1           35.9595   
       105:      3150.000000           1           36.0021   
       106:      3180.000000           1           35.9856   
       107:      3210.000000           1           36.0060   
       108:      3240.000000           1           36.0144   
       109:      3270.000000           1           36.0034   
       110:      3300.000000           1           36.0135   
       111:      3330.000000           1           35.9870   
       112:      3360.000000           1           35.9464   
       113:      3390.000000           1           35.9119   
       114:      3420.000000           1           35.9166   
       115:      3450.000000           1           35.9432   
       116:      3480.000000           1           35.9407   
       117:      3510.000000           1           35.8774   
       118:      3540.000000           1           35.8630   
       119:      3570.000000           1           35.8909   
       120:      3600.000000           1           35.9135   
       121:      3630.000000           1           35.9775   
       122:      3660.000000           1           36.0525   
       123:      3690.000000           1           36.0062   
       124:      3720.000000           1           36.0172   
       125:      3750.000000           1           35.9815   
       126:      3780.000000           1           35.9754   
       127:      3810.000000           1           35.9986   
       128:      3840.000000           1           36.0469   
       129:      3870.000000           1           36.0836   
       130:      3900.000000           1           36.1533   
       131:      3930.000000           1           36.1888   
       132:      3960.000000           1           36.1674   
       133:      3990.000000           1           36.1357   
       134:      4020.000000           1           36.1475   
       135:      4050.000000           1           36.1574   
       136:      4080.000000           1           36.1217   
       137:      4110.000000           1           36.1325   
       138:      4140.000000           1           36.1589   
       139:      4170.000000           1           36.1920   
       140:      4200.000000           1           36.1916   
       141:      4230.000000           1           36.1787   
       142:      4260.000000           1           36.1923   
       143:      4290.000000           1           36.1908   
       144:      4320.000000           1           36.1782   
       145:      4350.000000           1           36.2141   
       146:      4380.000000           1           36.2249   
       147:      4410.000000           1           36.1948   
       148:      4440.000000           1           36.1630   
       149:      4470.000000           1           36.1445   
       150:      4500.000000           1           36.1574   
       151:      4530.000000           1           36.2432   
       152:      4560.000000           1           36.2806   
       153:      4590.000000           1           36.2660   
       154:      4620.000000           1           36.2361   
       155:      4650.000000           1           36.2373   
       156:      4680.000000           1           36.2821   
       157:      4710.000000           1           36.2799   
       158:      4740.000000           1           36.2627   
       159:      4770.000000           1           36.2616   
       160:      4800.000000           1           36.2462   
       161:      4830.000000           1           36.2607   
       162:      4860.000000           1           36.2524   
       163:      4890.000000           1           36.2673   
       164:      4920.000000           1           36.2718   
       165:      4950.000000           1           36.2537   
       166:      4980.000000           1           36.2075   
       167:      5010.000000           1           36.2043   
       168:      5040.000000           1           36.2061   
       169:      5070.000000           1           36.2267   
       170:      5100.000000           1           36.2671   
       171:      5130.000000           1           36.2999   
       172:      5160.000000           1           36.3448   
       173:      5190.000000           1           36.3680   
       174:      5220.000000           1           36.3978   
       175:      5250.000000           1           36.4198   
       176:      5280.000000           1           36.4233   
       177:      5310.000000           1           36.4288   
       178:      5340.000000           1           36.4243   
       179:      5370.000000           1           36.4088   
       180:      5400.000000           1           36.4375   
       181:      5430.000000           1           36.4634   
       182:      5460.000000           1           36.4674   
       183:      5490.000000           1           36.4682   
       184:      5520.000000           1           36.4528   
       185:      5550.000000           1           36.4324   
       186:      5580.000000           1           36.4275   
       187:      5610.000000           1           36.4029   
       188:      5640.000000           1           36.3722   
       189:      5670.000000           1           36.3471   
       190:      5700.000000           1           36.3369   
       191:      5730.000000           1           36.3147   
       192:      5760.000000           1           36.2976   
       193:      5790.000000           1           36.2916   
       194:      5820.000000           1           36.2695   
       195:      5850.000000           1           36.2564   
       196:      5880.000000           1           36.2508   
       197:      5910.000000           1           36.2410   
       198:      5940.000000           1           36.2092   
       199:      5970.000000           1           36.2535   
       200:      6000.000000           1           36.2469   
       201:      6030.000000           1           36.2558   
       202:      6060.000000           1           36.2787   
       203:      6090.000000           1           36.3182   
       204:      6120.000000           1           36.3185   
       205:      6150.000000           1           36.3353   
       206:      6180.000000           1           36.3136   
       207:      6210.000000           1           36.2884   
       208:      6240.000000           1           36.2505   
       209:      6270.000000           1           36.2325   
       210:      6300.000000           1           36.2222   
       211:      6330.000000           1           36.2412   
       212:      6360.000000           1           36.2688   
       213:      6390.000000           1           36.2705   
       214:      6420.000000           1           36.2886   
       215:      6450.000000           1           36.3018   
       216:      6480.000000           1           36.3113   
       217:      6510.000000           1           36.3256   
       218:      6540.000000           1           36.3231   
       219:      6570.000000           1           36.2916   
       220:      6600.000000           1           36.2835   
       221:      6630.000000           1           36.3098   
       222:      6660.000000           1           36.3109   
       223:      6690.000000           1           36.3205   
       224:      6720.000000           1           36.3245   
       225:      6750.000000           1           36.3320   
       226:      6780.000000           1           36.3149   
       227:      6810.000000           1           36.3034   
       228:      6840.000000           1           36.3001   
       229:      6870.000000           1           36.3051   
       230:      6900.000000           1           36.3127   
       231:      6930.000000           1           36.3013   
       232:      6960.000000           1           36.3073   
       233:      6990.000000           1           36.3031   
       234:      7020.000000           1           36.3077   
       235:      7050.000000           1           36.2921   
       236:      7080.000000           1           36.2819   
       237:      7110.000000           1           36.2698   
       238:      7140.000000           1           36.2503   
       239:      7170.000000           1           36.2369   
       240:      7200.000000           1           36.2431   
       241:      7230.000000           1           36.2740   
       242:      7260.000000           1           36.2886   
       243:      7290.000000           1           36.3338   
       244:      7320.000000           1           36.3351   
       245:      7350.000000           1           36.2934   
       246:      7380.000000           1           36.2686   
       247:      7410.000000           1           36.2216   
       248:      7440.000000           1           36.1762   
       249:      7470.000000           1           36.1657   
       250:      7500.000000           1           36.1693   
       251:      7530.000000           1           36.1551   
       252:      7560.000000           1           36.1587   
       253:      7590.000000           1           36.1790   
       254:      7620.000000           1           36.1738   
       255:      7650.000000           1           36.1452   
       256:      7680.000000           1           36.1332   
       257:      7710.000000           1           36.1155   
       258:      7740.000000           1           36.0975   
       259:      7770.000000           1           36.0849   
       260:      7800.000000           1           36.0707   
       261:      7830.000000           1           36.0534   
       262:      7860.000000           1           36.0573   
       263:      7890.000000           1           36.0598   
       264:      7920.000000           1           36.0623   
       265:      7950.000000           1           36.0493   
       266:      7980.000000           1           36.0609   
       267:      8010.000000           1           36.0650   
       268:      8040.000000           1           36.0673   
       269:      8070.000000           1           36.0690   
       270:      8100.000000           1           36.0480   
       271:      8130.000000           1           36.0480   
       272:      8160.000000           1           36.0731   
       273:      8190.000000           1           36.1024   
       274:      8220.000000           1           36.1171   
       275:      8250.000000           1           36.1301   
       276:      8280.000000           1           36.1593   
       277:      8310.000000           1           36.1778   
       278:      8340.000000           1           36.1920   
       279:      8370.000000           1           36.1849   
       280:      8400.000000           1           36.1831   
       281:      8430.000000           1           36.1878   
       282:      8460.000000           1           36.2015   
       283:      8490.000000           1           36.1988   
       284:      8520.000000           1           36.1867   
       285:      8550.000000           1           36.1763   
       286:      8580.000000           1           36.1678   
       287:      8610.000000           1           36.1674   
       288:      8640.000000           1           36.1771   
       289:      8670.000000           1           36.1917   
       290:      8700.000000           1           36.1977   
       291:      8730.000000           1           36.2041   
       292:      8760.000000           1           36.2241   
       293:      8790.000000           1           36.2337   
       294:      8820.000000           1           36.2336   
       295:      8850.000000           1           36.2388   
       296:      8880.000000           1           36.2114   
       297:      8910.000000           1           36.2115   
       298:      8940.000000           1           36.2165   
       299:      8970.000000           1           36.2164   
       300:      9000.000000           1           36.2074   
       301:      9030.000000           1           36.2034   
       302:      9060.000000           1           36.1903   
       303:      9090.000000           1           36.1812   
       304:      9120.000000           1           36.1919   
       305:      9150.000000           1           36.1958   
       306:      9180.000000           1           36.1918   
       307:      9210.000000           1           36.1852   
       308:      9240.000000           1           36.1784   
       309:      9270.000000           1           36.1632   
       310:      9300.000000           1           36.1416   
       311:      9330.000000           1           36.1206   
       312:      9360.000000           1           36.1025   
       313:      9390.000000           1           36.0927   
       314:      9420.000000           1           36.0764   
       315:      9450.000000           1           36.0906   
       316:      9480.000000           1           36.0766   
       317:      9510.000000           1           36.0742   
       318:      9540.000000           1           36.0661   
       319:      9570.000000           1           36.0695   
       320:      9600.000000           1           36.0783   
       321:      9630.000000           1           36.0814   
       322:      9660.000000           1           36.0984   
       323:      9690.000000           1           36.1059   
       324:      9720.000000           1           36.1167   
       325:      9750.000000           1           36.1317   
       326:      9780.000000           1           36.1257   
       327:      9810.000000           1           36.1159   
       328:      9840.000000           1           36.1204   
       329:      9870.000000           1           36.1336   
       330:      9900.000000           1           36.1430   
       331:      9930.000000           1           36.1390   
       332:      9960.000000           1           36.1242   
       333:      9990.000000           1           36.1160   
       334:     10020.000000           1           36.1087   
       335:     10050.000000           1           36.1126   
       336:     10080.000000           1           36.1122   
       337:     10110.000000           1           36.1201   
       338:     10140.000000           1           36.1239   
       339:     10170.000000           1           36.1236   
       340:     10200.000000           1           36.1150   
       341:     10230.000000           1           36.1043   
       342:     10260.000000           1           36.1115   
       343:     10290.000000           1           36.1090   
       344:     10320.000000           1           36.1157   
       345:     10350.000000           1           36.1145   
       346:     10380.000000           1           36.1271   
       347:     10410.000000           1           36.1425   
       348:     10440.000000           1           36.1577   
       349:     10470.000000           1           36.1599   
       350:     10500.000000           1           36.1724   
       351:     10530.000000           1           36.1767   
       352:     10560.000000           1           36.1984   
       353:     10590.000000           1           36.1898   
       354:     10620.000000           1           36.2017   
       355:     10650.000000           1           36.2052   
       356:     10680.000000           1           36.1898   
       357:     10710.000000           1           36.1654   
       358:     10740.000000           1           36.1543   
       359:     10770.000000           1           36.1450   
       360:     10800.000000           1           36.1349   
       361:     10830.000000           1           36.1432   
       362:     10860.000000           1           36.1530   
       363:     10890.000000           1           36.1453   
       364:     10920.000000           1           36.1449   
       365:     10950.000000           1           36.1417   
       366:     10980.000000           1           36.1323   
       367:     11010.000000           1           36.1145   
       368:     11040.000000           1           36.1122   
       369:     11070.000000           1           36.1100   
       370:     11100.000000           1           36.0970   
       371:     11130.000000           1           36.1109   
       372:     11160.000000           1           36.1077   
       373:     11190.000000           1           36.1085   
       374:     11220.000000           1           36.1081   
       375:     11250.000000           1           36.1354   
       376:     11280.000000           1           36.1743   
       377:     11310.000000           1           36.1699   
       378:     11340.000000           1          -20.4064   
       379:     11370.000000           1          -20.4019   
       380:     11400.000000           1           37.3893   
       381:     11430.000000           1           37.5038   
       382:     11460.000000           1           37.5385   
       383:     11490.000000           1           37.5993   
       384:     11520.000000           1           37.6314   
       385:     11550.000000           1           37.6391   
       386:     11580.000000           1           37.6309   
       387:     11610.000000           1          -20.3326   
       388:     11640.000000           1          768.3666   
       389:     11670.000000           1          768.2895   
       390:     11700.000000           1          768.3243   
       391:     11730.000000           1          768.3269   
       392:     11760.000000           1          768.3001   
       393:     11790.000000           1          768.2896   
       394:     11820.000000           1          768.3128   
       395:     11850.000000           1          -20.1317   
       396:     11880.000000           1          -20.1409   
       397:     11910.000000           1          -20.1387   
       398:     11940.000000           1          -20.1334   
       399:     11970.000000           1          -20.1304   
       400:     12000.000000           1          -20.1125   
       401:     12030.000000           1          -20.0964   
       402:     12060.000000           1          -20.0846   
       403:     12090.000000           1          -20.0706   
       404:     12120.000000           1          -20.0722   
       405:     12150.000000           1          -20.0561   
       406:     12180.000000           1         -167.9489   
       407:     12210.000000           1         -167.9506   
       408:     12240.000000           1         -167.9404   
       409:     12270.000000           1         -167.9254   
       410:     12300.000000           1         -167.8983   
       411:     12330.000000           1         -167.8904   
       412:     12360.000000           1         -167.8873   
       413:     12390.000000           1         -167.8896   
       414:     12420.000000           1         -167.8815   
       415:     12450.000000           1         -167.8682   
       416:     12480.000000           1         -167.8415   
       417:     12510.000000           1         -167.8290   
       418:     12540.000000           1         -167.8207   
       419:     12570.000000           1         -167.8225   
       420:     12600.000000           1         -167.8230   
       421:     12630.000000           1         -167.8132   
       422:     12660.000000           1         -167.8094   
       423:     12690.000000           1         -167.7993   
       424:     12720.000000           1         -167.7918   
       425:     12750.000000           1         -167.7966   
       426:     12780.000000           1         -167.7850   
       427:     12810.000000           1         -167.7808   
       428:     12840.000000           1         -167.7738   
       429:     12870.000000           1         -167.7681   
       430:     12900.000000           1         -167.7547   
       431:     12930.000000           1         -167.7427   
       432:     12960.000000           1         -167.7415   
       433:     12990.000000           1         -167.7163   
       434:     13020.000000           1         -167.7183   
       435:     13050.000000           1         -167.7194   
       437:     13110.000000           1         -167.7042   
       438:     13140.000000           1         -167.7096   
       439:     13170.000000           1         -167.7041   
       440:     13200.000000           1         -167.6802   
       890:     26700.000000           1         -307.1476   
       891:     26730.000000           1         -307.1903   
       892:     26760.000000           1         -307.2486   
       893:     26790.000000           1         -307.2371   
       894:     26820.000000           1         -307.2462   
       895:     26850.000000           1         -307.2006   
       896:     26880.000000           1         -307.2058   
       897:     26910.000000           1         -307.1686   
       898:     26940.000000           1         -307.1509   
       899:     26970.000000           1         -307.1546   
       900:     27000.000000           1         -307.1289   
       901:     27030.000000           1         -307.1266   
       902:     27060.000000           1         -307.1096   
       903:     27090.000000           1         -307.0990   
       904:     27120.000000           1         -307.0972   
       905:     27150.000000           1         -307.0760   
       906:     27180.000000           1         -307.0668   
       907:     27210.000000           1         -307.0498   
       908:     27240.000000           1         -307.0573   
       909:     27270.000000           1         -307.0774   
       910:     27300.000000           1         -307.0856   
       911:     27330.000000           1         -307.0985   
       912:     27360.000000           1         -307.1114   
       913:     27390.000000           1         -307.1041   
       914:     27420.000000           1         -307.0890   
       915:     27450.000000           1         -307.0773   
       916:     27480.000000           1         -307.0689   
       917:     27510.000000           1         -307.0535   
       918:     27540.000000           1         -307.0373   
       919:     27570.000000           1         -307.0102   
       920:     27600.000000           1         -306.9921   
       921:     27630.000000           1         -306.9844   
       922:     27660.000000           1         -306.9763   
       923:     27690.000000           1         -306.9558   
       924:     27720.000000           1         -306.9376   
       925:     27750.000000           1         -306.9128   
       926:     27780.000000           1         -306.9103   
       927:     27810.000000           1         -306.9084   
       928:     27840.000000           1         -306.8964   
       929:     27870.000000           1         -306.8940   
       930:     27900.000000           1         -306.8844   
       932:     27960.000000           1         -306.8516   
       933:     27990.000000           1         -306.8540   
      1015:     30450.000000           1         -306.2638   
      1016:     30480.000000           1         -306.2523   
      1017:     30510.000000           1         -306.2474   
      1018:     30540.000000           1         -306.2367   
      1019:     30570.000000           1         -306.2354   
      1020:     30600.000000           1         -306.2382   
      1021:     30630.000000           1         -306.2313   
      1022:     30660.000000           1         -306.2254   
      1023:     30690.000000           1         -306.2197   
      1024:     30720.000000           1         -306.2066   
      1025:     30750.000000           1         -306.1970   
      1026:     30780.000000           1         -306.1830   
      1027:     30810.000000           1         -306.1679   
      1028:     30840.000000           1         -306.1648   
      1029:     30870.000000           1         -306.1566   
      1030:     30900.000000           1         -306.1420   
      1031:     30930.000000           1         -306.1287   
      1032:     30960.000000           1         -306.1182   
      1033:     30990.000000           1         -306.1194   
      1034:     31020.000000           1         -306.1148   
      1035:     31050.000000           1         -306.1119   
      1037:     31110.000000           1         -306.0876   
      1038:     31140.000000           1         -306.0822   
      1039:     31170.000000           1         -306.0812   
      1040:     31200.000000           1         -306.0745   
      1041:     31230.000000           1         -306.0663   
      1042:     31260.000000           1         -306.0527   
      1043:     31290.000000           1         -306.0431   
      1044:     31320.000000           1         -306.0350   
      1045:     31350.000000           1         -306.0310   
      1046:     31380.000000           1         -306.0318   
      1047:     31410.000000           1         -306.0254   
      1048:     31440.000000           1         -306.0205   
      1049:     31470.000000           1         -306.0145   
      1050:     31500.000000           1         -306.0140   
      1051:     31530.000000           1         -306.0100   
      1052:     31560.000000           1         -306.0004   
      1053:     31590.000000           1         -305.9840   
      1054:     31620.000000           1         -305.9721   
      1055:     31650.000000           1         -305.9605   
      1056:     31680.000000           1         -305.9557   
      1057:     31710.000000           1         -305.9498   
      1058:     31740.000000           1         -305.9394   
      1059:     31770.000000           1         -305.9310   
      1060:     31800.000000           1         -305.9206   
      1061:     31830.000000           1         -305.9096   
      1062:     31860.000000           1         -305.8988   
      1063:     31890.000000           1         -305.8897   
      1064:     31920.000000           1         -305.8836   
      1065:     31950.000000           1         -305.8801   
      1066:     31980.000000           1         -305.8724   
      1067:     32010.000000           1         -305.8729   
      1068:     32040.000000           1         -305.8735   
      1069:     32070.000000           1         -305.8757   
      1070:     32100.000000           1         -305.8718   
      1071:     32130.000000           1         -305.8625   
      1072:     32160.000000           1         -305.8559   
      1073:     32190.000000           1         -305.8464   
      1074:     32220.000000           1         -305.8453   
      1075:     32250.000000           1         -305.8400   
      1165:     34950.000000           1         -305.2187   
      1166:     34980.000000           1         -305.2098   
      1167:     35010.000000           1         -305.2059   
      1168:     35040.000000           1         -305.2019   
      1169:     35070.000000           1         -305.1992   
      1171:     35130.000000           1         -305.1784   
      1173:     35190.000000           1         -305.1571   
      1174:     35220.000000           1         -305.1496   
      1201:     36030.000000           1         -304.9348   
      1374:     41220.000000           1         -304.3607   
      1376:     41280.000000           1         -304.3617   
      1378:     41340.000000           1         -304.3541   
      1380:     41400.000000           1         -304.3590   
      1381:     41430.000000           1         -304.3568   
      1383:     41490.000000           1         -304.3496   
      1384:     41520.000000           1         -304.3493   
      1387:     41610.000000           1         -304.3502   
      1388:     41640.000000           1         -304.3500   
      1439:     43170.000000           1         -304.3428   
      1440:     43200.000000           1         -304.3383   
      1441:     43230.000000           1         -304.3334   
      1472:     44160.000000           1         -304.3092   
      1473:     44190.000000           1         -304.3154   
      1474:     44220.000000           1         -304.3366   
      1475:     44250.000000           1         -304.3304   
      1476:     44280.000000           1         -304.3574   
      1477:     44310.000000           1         -304.3423   
      1478:     44340.000000           1         -304.3408   
      1479:     44370.000000           1         -304.3542   
      1480:     44400.000000           1         -304.3843   
      1481:     44430.000000           1         -304.4108   
      1482:     44460.000000           1         -304.4448   
      1483:     44490.000000           1         -304.4610   
      1484:     44520.000000           1         -304.4695   
      1485:     44550.000000           1         -304.4794   
      1487:     44610.000000           1         -304.4954   
      1488:     44640.000000           1         -304.5022   
      1489:     44670.000000           1         -304.5086   
      1490:     44700.000000           1         -304.5245   
      2819:     84570.000000           1           15.0330   
      2820:     84600.000000           1           15.0300   
      2822:     84660.000000           1           15.0239   
      2823:     84690.000000           1           15.0229   
      2824:     84720.000000           1           15.0213   
      2826:     84780.000000           1           15.0203   
      2827:     84810.000000           1           15.0195   
      2828:     84840.000000           1           15.0198   
      2830:     84900.000000           1           15.0171   
      2831:     84930.000000           1           15.0162   
      2832:     84960.000000           1           15.0141   
      2833:     84990.000000           1           15.0116   
      2834:     85020.000000           1           15.0062   
      2835:     85050.000000           1           15.0010   
      2836:     85080.000000           1           14.9984   
      2837:     85110.000000           1           14.9977   
      2838:     85140.000000           1           14.9954   
      2839:     85170.000000           1           14.9938   
      2840:     85200.000000           1           14.9930   
      2841:     85230.000000           1           14.9909   
      2842:     85260.000000           1           14.9890   
      2843:     85290.000000           1           14.9890   
      2844:     85320.000000           1           14.9904   
      2845:     85350.000000           1           14.9896   
      2846:     85380.000000           1           14.9865   
      2847:     85410.000000           1           14.9847   
      2848:     85440.000000           1           14.9823   
      2849:     85470.000000           1          184.3877   
      2850:     85500.000000           1          184.3197   
      2851:     85530.000000           1          184.2252   
      2852:     85560.000000           1          184.2015   
      2853:     85590.000000           1          184.1601   
      2854:     85620.000000           1          184.1298   
      2855:     85650.000000           1          184.1048   
      2856:     85680.000000           1          184.0483   
      2857:     85710.000000           1          184.0115   
      2858:     85740.000000           1          183.9805   
      2859:     85770.000000           1          183.9536   
      2860:     85800.000000           1          183.9292   
      2861:     85830.000000           1          183.9018   
      2862:     85860.000000           1          183.8887   
      2863:     85890.000000           1          183.8847   
      2864:     85920.000000           1          183.8793   
      2865:     85950.000000           1          183.9448   
      2866:     85980.000000           1          184.0233   
      2867:     86010.000000           1          184.0992   
      2868:     86040.000000           1           14.9457   
      2869:     86070.000000           1          184.8605   
      2870:     86100.000000           1          184.8259   
      2871:     86130.000000           1          184.8888   
      2872:     86160.000000           1          184.9056   
      2873:     86190.000000           1          184.8749   
      2874:     86220.000000           1          184.8566   
      2875:     86250.000000           1          184.8547   
      2876:     86280.000000           1          184.8606   
      2877:     86310.000000           1          184.8739   
      2878:     86340.000000           1          184.8810   
      2879:     86370.000000           1          184.8740   
