         3:        90.000000           1           71.3150   
         4:       120.000000           1           72.4079   
         5:       150.000000           1           71.3590   
         6:       180.000000           1           70.9137   
         7:       210.000000           1           70.1384   
         8:       240.000000           1           70.1228   
         9:       270.000000           1           69.4580   
        10:       300.000000           1           69.2070   
        11:       330.000000           1           68.5840   
        12:       360.000000           1           68.3061   
        13:       390.000000           1           67.6487   
        14:       420.000000           1           67.5857   
        15:       450.000000           1           67.7119   
        16:       480.000000           1           67.4694   
        17:       510.000000           1           67.3273   
        18:       540.000000           1           67.2307   
        19:       570.000000           1           67.2890   
        20:       600.000000           1           67.5069   
        21:       630.000000           1           67.8583   
        22:       660.000000           1           67.9689   
        23:       690.000000           1           67.9885   
        24:       720.000000           1           67.6388   
        25:       750.000000           1           67.5650   
        26:       780.000000           1           67.4723   
        27:       810.000000           1           67.2019   
        28:       840.000000           1           67.1171   
        30:       900.000000           1           67.3157   
        31:       930.000000           1           67.3487   
        32:       960.000000           1           67.4089   
        33:       990.000000           1           67.3427   
        34:      1020.000000           1           67.4096   
        35:      1050.000000           1           67.4480   
        36:      1080.000000           1           67.3678   
        38:      1140.000000           1           67.1185   
        39:      1170.000000           1           67.3403   
        40:      1200.000000           1           67.5749   
        67:      2010.000000           1           68.2039   
        68:      2040.000000           1           68.1776   
        69:      2070.000000           1           68.0696   
        70:      2100.000000           1           68.0487   
        71:      2130.000000           1           67.9890   
        72:      2160.000000           1           67.8802   
        73:      2190.000000           1           67.8257   
        74:      2220.000000           1           67.7135   
        75:      2250.000000           1           67.7332   
        76:      2280.000000           1           67.7388   
        77:      2310.000000           1           67.7898   
        78:      2340.000000           1           67.7373   
        79:      2370.000000           1           67.7250   
       107:      3210.000000           1           68.0436   
       108:      3240.000000           1           68.0379   
       109:      3270.000000           1           68.0196   
       110:      3300.000000           1           68.0154   
       111:      3330.000000           1           67.9808   
       112:      3360.000000           1           67.9242   
       113:      3390.000000           1           67.8788   
       114:      3420.000000           1           67.8734   
       115:      3450.000000           1           67.8985   
       116:      3480.000000           1           67.8906   
       117:      3510.000000           1           67.8267   
       118:      3540.000000           1           67.8125   
       119:      3570.000000           1           67.8367   
       120:      3600.000000           1           67.8555   
       121:      3630.000000           1           67.9061   
       122:      3660.000000           1           67.9783   
       123:      3690.000000           1           67.9321   
       124:      3720.000000           1           67.9491   
       126:      3780.000000           1           68.0614   
       127:      3810.000000           1           68.1208   
       128:      3840.000000           1           68.1428   
       129:      3870.000000           1           68.2086   
       130:      3900.000000           1           68.2972   
       131:      3930.000000           1           68.3741   
       132:      3960.000000           1           68.3639   
       133:      3990.000000           1           68.3474   
       134:      4020.000000           1           68.3678   
       135:      4050.000000           1           68.3828   
       136:      4080.000000           1           68.3346   
       137:      4110.000000           1           68.3373   
       138:      4140.000000           1           68.3423   
       139:      4170.000000           1           68.3700   
       140:      4200.000000           1           68.3681   
       141:      4230.000000           1           68.3505   
       142:      4260.000000           1           68.3668   
       143:      4290.000000           1           68.3679   
       144:      4320.000000           1           68.3630   
       145:      4350.000000           1           68.3963   
       146:      4380.000000           1           68.4044   
       147:      4410.000000           1           68.3727   
       148:      4440.000000           1           68.3409   
       150:      4500.000000           1           68.7226   
       152:      4560.000000           1           68.5413   
       153:      4590.000000           1           68.5373   
       154:      4620.000000           1           68.5054   
       155:      4650.000000           1           68.5413   
       717:     21510.000000           1          -87.6986   
       718:     21540.000000           1          -87.5809   
       719:     21570.000000           1          -87.5898   
       720:     21600.000000           1          -87.5449   
       721:     21630.000000           1          -87.4977   
       722:     21660.000000           1          -87.5039   
       723:     21690.000000           1          -87.5114   
       724:     21720.000000           1          -87.5284   
       725:     21750.000000           1          -87.5302   
       726:     21780.000000           1          -87.5060   
       729:     21870.000000           1          -87.4719   
       761:     22830.000000           1          -87.1288   
       762:     22860.000000           1          -87.1390   
       764:     22920.000000           1          -87.0872   
       765:     22950.000000           1          -87.0652   
       766:     22980.000000           1          -87.0531   
       767:     23010.000000           1          -87.0385   
       768:     23040.000000           1          -87.0224   
       769:     23070.000000           1          -87.0128   
       770:     23100.000000           1          -87.0039   
       771:     23130.000000           1          -86.9955   
       772:     23160.000000           1          -86.9814   
       774:     23220.000000           1          -86.9211   
       775:     23250.000000           1          -86.9027   
       776:     23280.000000           1          -86.8768   
       777:     23310.000000           1          -86.8486   
       778:     23340.000000           1          -86.8409   
       779:     23370.000000           1          -86.8263   
       780:     23400.000000           1          -86.8139   
       781:     23430.000000           1          -86.8033   
       782:     23460.000000           1          -86.7869   
       783:     23490.000000           1          -86.7686   
       784:     23520.000000           1          -86.7530   
       785:     23550.000000           1          -86.7292   
       786:     23580.000000           1          -86.7074   
       787:     23610.000000           1          -86.6851   
       864:     25920.000000           1          -85.8858   
       865:     25950.000000           1          -85.8855   
       866:     25980.000000           1          -85.8752   
       867:     26010.000000           1          -85.8646   
       868:     26040.000000           1          -85.8695   
       869:     26070.000000           1          -85.8623   
       870:     26100.000000           1          -85.8600   
       871:     26130.000000           1          -85.8554   
       872:     26160.000000           1          -85.8535   
       873:     26190.000000           1          -85.8474   
       874:     26220.000000           1          -85.8444   
       875:     26250.000000           1          -85.8439   
       876:     26280.000000           1          -85.8412   
       877:     26310.000000           1          -85.8363   
       878:     26340.000000           1          -85.8329   
       879:     26370.000000           1          -85.8235   
       880:     26400.000000           1          -85.8159   
       881:     26430.000000           1          -85.8019   
       882:     26460.000000           1          -85.7866   
       883:     26490.000000           1          -85.7766   
       884:     26520.000000           1          -85.7657   
       885:     26550.000000           1          -85.7597   
       886:     26580.000000           1          -85.7574   
       888:     26640.000000           1          -85.6427   
       889:     26670.000000           1          -85.5990   
       890:     26700.000000           1          -85.5664   
       891:     26730.000000           1          -85.5090   
       892:     26760.000000           1          -85.4876   
       893:     26790.000000           1          -85.4656   
       894:     26820.000000           1          -85.4533   
       895:     26850.000000           1          -85.4680   
       896:     26880.000000           1          -85.4868   
       897:     26910.000000           1          -85.4859   
       898:     26940.000000           1          -85.4847   
       899:     26970.000000           1          -85.4828   
       900:     27000.000000           1          -85.4705   
       901:     27030.000000           1          -85.4746   
       902:     27060.000000           1          -85.4766   
       903:     27090.000000           1          -85.4716   
       904:     27120.000000           1          -85.4672   
       905:     27150.000000           1          -85.4514   
       906:     27180.000000           1          -85.4353   
       907:     27210.000000           1          -85.4197   
       908:     27240.000000           1          -85.4149   
       909:     27270.000000           1          -85.4141   
       910:     27300.000000           1          -85.4156   
       911:     27330.000000           1          -85.4215   
       912:     27360.000000           1          -85.4306   
       913:     27390.000000           1          -85.4251   
       914:     27420.000000           1          -85.4226   
       915:     27450.000000           1          -85.4139   
       916:     27480.000000           1          -85.4024   
       917:     27510.000000           1          -85.3990   
       918:     27540.000000           1          -85.3881   
       919:     27570.000000           1          -85.3716   
       920:     27600.000000           1          -85.3619   
       921:     27630.000000           1          -85.3582   
       922:     27660.000000           1          -85.3564   
       923:     27690.000000           1          -85.3427   
       924:     27720.000000           1          -85.3290   
       925:     27750.000000           1          -85.3114   
       926:     27780.000000           1          -85.3015   
       927:     27810.000000           1          -85.2946   
       928:     27840.000000           1          -85.2831   
       929:     27870.000000           1          -85.2763   
       930:     27900.000000           1          -85.2661   
       931:     27930.000000           1         -306.8625   
       932:     27960.000000           1          -85.0870   
       933:     27990.000000           1          -85.2162   
       934:     28020.000000           1         -306.8395   
       935:     28050.000000           1         -306.8300   
       936:     28080.000000           1         -306.8219   
       937:     28110.000000           1         -306.8107   
       938:     28140.000000           1         -306.7938   
       939:     28170.000000           1         -306.7741   
       941:     28230.000000           1         -306.7329   
       943:     28290.000000           1         -306.7131   
       969:     29070.000000           1         -306.5169   
       970:     29100.000000           1         -306.5104   
      1012:     30360.000000           1         -306.2907   
      1013:     30390.000000           1         -306.2842   
      1014:     30420.000000           1         -306.2654   
      2315:     69450.000000           1         -370.5123   
      2316:     69480.000000           1         -370.5140   
      2317:     69510.000000           1         -370.5134   
      2318:     69540.000000           1         -370.5139   
      2319:     69570.000000           1         -370.5163   
      2320:     69600.000000           1         -370.5174   
      2321:     69630.000000           1         -370.5174   
      2322:     69660.000000           1            5.6808   
      2323:     69690.000000           1            5.6786   
      2324:     69720.000000           1            5.6802   
      2325:     69750.000000           1            5.6799   
      2326:     69780.000000           1            5.6799   
      2327:     69810.000000           1            5.6786   
      2328:     69840.000000           1            5.6785   
      2329:     69870.000000           1            5.6746   
      2330:     69900.000000           1            5.6724   
      2331:     69930.000000           1            5.6723   
      2332:     69960.000000           1            5.6693   
      2333:     69990.000000           1            5.6715   
      2334:     70020.000000           1            5.6725   
      2335:     70050.000000           1            5.6733   
      2336:     70080.000000           1            5.6744   
      2337:     70110.000000           1            5.6760   
      2339:     70170.000000           1           13.6781   
      2340:     70200.000000           1           13.6072   
      2341:     70230.000000           1           13.6838   
      2342:     70260.000000           1           13.6734   
      2343:     70290.000000           1           13.7171   
      2344:     70320.000000           1           13.7161   
      2345:     70350.000000           1           13.7120   
      2346:     70380.000000           1           13.6945   
      2347:     70410.000000           1           13.6721   
      2348:     70440.000000           1           13.6759   
      2349:     70470.000000           1           13.6658   
      2350:     70500.000000           1           13.6738   
      2351:     70530.000000           1           13.6560   
      2352:     70560.000000           1            5.6574   
      2353:     70590.000000           1            5.6569   
      2354:     70620.000000           1            5.6576   
      2355:     70650.000000           1            5.6587   
      2356:     70680.000000           1            5.6610   
      2357:     70710.000000           1            5.6617   
      2358:     70740.000000           1            5.6626   
      2359:     70770.000000           1            5.6627   
      2360:     70800.000000           1            5.6611   
      2361:     70830.000000           1            5.6602   
      2362:     70860.000000           1            5.6556   
      2363:     70890.000000           1            5.6548   
      2364:     70920.000000           1            5.6533   
      2365:     70950.000000           1            5.6530   
      2366:     70980.000000           1            5.6523   
      2367:     71010.000000           1            5.6542   
      2368:     71040.000000           1            5.6515   
      2369:     71070.000000           1            5.6506   
      2370:     71100.000000           1            5.6492   
      2371:     71130.000000           1            5.6493   
      2372:     71160.000000           1            5.6509   
      2373:     71190.000000           1            5.6529   
      2374:     71220.000000           1            5.6545   
      2375:     71250.000000           1            5.6572   
      2376:     71280.000000           1            5.6595   
      2377:     71310.000000           1            5.6593   
      2378:     71340.000000           1            5.6612   
      2379:     71370.000000           1            5.6630   
      2380:     71400.000000           1            5.6611   
      2381:     71430.000000           1            5.6598   
      2382:     71460.000000           1            5.6572   
      2383:     71490.000000           1            5.6560   
      2384:     71520.000000           1            5.6559   
      2385:     71550.000000           1            5.6551   
      2386:     71580.000000           1            5.6531   
      2387:     71610.000000           1            5.6544   
      2388:     71640.000000           1            5.6535   
      2389:     71670.000000           1            5.6560   
      2390:     71700.000000           1            5.6563   
      2391:     71730.000000           1            5.6558   
      2392:     71760.000000           1            5.6575   
      2393:     71790.000000           1            5.6604   
      2394:     71820.000000           1            5.6633   
      2395:     71850.000000           1            5.6662   
      2396:     71880.000000           1            5.6695   
      2397:     71910.000000           1            5.6699   
      2398:     71940.000000           1            5.6694   
      2399:     71970.000000           1            5.6700   
      2400:     72000.000000           1            5.6686   
      2401:     72030.000000           1         -370.5234   
      2402:     72060.000000           1         -370.5244   
      2403:     72090.000000           1         -370.5256   
      2404:     72120.000000           1         -370.5264   
      2405:     72150.000000           1         -370.5280   
      2406:     72180.000000           1         -370.5277   
      2407:     72210.000000           1         -370.5286   
      2408:     72240.000000           1         -370.5301   
      2409:     72270.000000           1         -370.5300   
      2410:     72300.000000           1         -370.5308   
      2411:     72330.000000           1         -370.5282   
      2413:     72390.000000           1         -370.5275   
      2422:     72660.000000           1         -370.5386   
      2423:     72690.000000           1         -370.5382   
      2424:     72720.000000           1         -370.5397   
      2425:     72750.000000           1         -370.5406   
      2426:     72780.000000           1         -370.5420   
      2427:     72810.000000           1         -370.5407   
      2428:     72840.000000           1         -370.5427   
      2429:     72870.000000           1         -370.5445   
      2430:     72900.000000           1         -370.5447   
      2431:     72930.000000           1         -370.5460   
      2432:     72960.000000           1            5.6429   
      2433:     72990.000000           1         -370.5429   
      2434:     73020.000000           1            4.7184   
      2435:     73050.000000           1            4.5604   
      2436:     73080.000000           1            4.5446   
      2437:     73110.000000           1            4.5207   
      2438:     73140.000000           1            4.5230   
      2439:     73170.000000           1            4.5159   
      2440:     73200.000000           1            4.5117   
      2441:     73230.000000           1            4.5099   
      2442:     73260.000000           1            4.5072   
      2443:     73290.000000           1            4.5090   
      2444:     73320.000000           1            4.5048   
      2445:     73350.000000           1            4.4929   
      2446:     73380.000000           1            4.4990   
      2447:     73410.000000           1            4.4930   
      2448:     73440.000000           1            4.4834   
      2449:     73470.000000           1            4.4836   
      2450:     73500.000000           1            4.4834   
      2451:     73530.000000           1           13.1211   
      2452:     73560.000000           1           13.1210   
      2453:     73590.000000           1           13.1194   
      2454:     73620.000000           1           13.1184   
      2455:     73650.000000           1           13.1201   
      2456:     73680.000000           1           13.1196   
      2457:     73710.000000           1           13.1212   
      2458:     73740.000000           1           13.1216   
      2459:     73770.000000           1           13.1193   
      2460:     73800.000000           1           13.1202   
      2461:     73830.000000           1           13.1179   
      2462:     73860.000000           1            4.5113   
      2463:     73890.000000           1           13.1049   
      2464:     73920.000000           1           13.0962   
      2465:     73950.000000           1           13.0903   
      2466:     73980.000000           1           13.0856   
      2467:     74010.000000           1           13.0825   
      2468:     74040.000000           1           13.0819   
      2469:     74070.000000           1           13.0810   
      2470:     74100.000000           1           13.0784   
      2471:     74130.000000           1           13.0740   
      2472:     74160.000000           1           13.0700   
      2473:     74190.000000           1           13.0657   
      2474:     74220.000000           1           13.0627   
      2475:     74250.000000           1           13.0621   
      2476:     74280.000000           1           13.0583   
      2477:     74310.000000           1           13.0569   
      2478:     74340.000000           1           13.0522   
      2479:     74370.000000           1           13.0499   
      2480:     74400.000000           1           13.0433   
      2481:     74430.000000           1           13.0378   
      2482:     74460.000000           1           13.0338   
      2483:     74490.000000           1           13.0343   
      2484:     74520.000000           1           13.0346   
      2485:     74550.000000           1           13.0365   
      2486:     74580.000000           1           13.0350   
      2487:     74610.000000           1           13.0344   
      2488:     74640.000000           1           13.0297   
      2489:     74670.000000           1           13.0299   
      2490:     74700.000000           1           13.0290   
      2491:     74730.000000           1           13.0291   
      2492:     74760.000000           1           13.0282   
      2493:     74790.000000           1           13.0268   
      2494:     74820.000000           1           13.0256   
      2495:     74850.000000           1           13.0242   
      2496:     74880.000000           1           13.0215   
      2497:     74910.000000           1           13.0161   
      2498:     74940.000000           1           13.0102   
      2499:     74970.000000           1           13.0072   
      2500:     75000.000000           1           13.0034   
      2501:     75030.000000           1           12.9969   
      2502:     75060.000000           1           12.9926   
      2503:     75090.000000           1           12.9872   
      2504:     75120.000000           1           12.9820   
      2505:     75150.000000           1           12.9794   
      2506:     75180.000000           1           12.9762   
      2507:     75210.000000           1           12.9755   
      2508:     75240.000000           1           12.9776   
      2509:     75270.000000           1           12.9747   
      2510:     75300.000000           1           12.9693   
      2511:     75330.000000           1         -370.6667   
      2512:     75360.000000           1         -370.6683   
      2551:     76530.000000           1         -370.7404   
      2552:     76560.000000           1         -370.7400   
      2553:     76590.000000           1         -370.7410   
      2554:     76620.000000           1         -370.7431   
      2555:     76650.000000           1         -370.7448   
      2556:     76680.000000           1         -370.7465   
      2557:     76710.000000           1         -370.7462   
      2558:     76740.000000           1         -370.7474   
      2559:     76770.000000           1          -30.3605   
      2560:     76800.000000           1          -30.4576   
      2561:     76830.000000           1          -30.5359   
      2562:     76860.000000           1          -30.5418   
      2563:     76890.000000           1          -30.5258   
      2564:     76920.000000           1          -30.5420   
      2565:     76950.000000           1          -30.5345   
      2566:     76980.000000           1           12.8871   
      2567:     77010.000000           1         -370.7708   
      2568:     77040.000000           1           12.8771   
      2569:     77070.000000           1           12.8740   
      2570:     77100.000000           1           12.8715   
      2571:     77130.000000           1           12.8676   
      2572:     77160.000000           1           12.8652   
      2573:     77190.000000           1           12.8604   
      2574:     77220.000000           1           12.8584   
      2575:     77250.000000           1           12.8567   
      2576:     77280.000000           1           12.8546   
      2577:     77310.000000           1           12.8517   
      2578:     77340.000000           1           12.8466   
      2579:     77370.000000           1           12.8417   
      2580:     77400.000000           1           12.8385   
      2581:     77430.000000           1           12.8365   
      2582:     77460.000000           1           12.8330   
      2583:     77490.000000           1           12.8287   
      2584:     77520.000000           1           12.8240   
      2585:     77550.000000           1           12.8231   
      2586:     77580.000000           1           12.8214   
      2587:     77610.000000           1           12.8207   
      2588:     77640.000000           1           12.8200   
      2589:     77670.000000           1           12.8168   
      2590:     77700.000000           1           12.8166   
      2591:     77730.000000           1           12.8156   
      2592:     77760.000000           1           12.8126   
      2593:     77790.000000           1           12.8093   
      2594:     77820.000000           1           12.8078   
      2595:     77850.000000           1           12.8068   
      2596:     77880.000000           1           12.8074   
      2597:     77910.000000           1           12.8051   
      2598:     77940.000000           1           12.8027   
      2599:     77970.000000           1           12.7997   
      2600:     78000.000000           1           12.7976   
      2601:     78030.000000           1           12.7939   
      2602:     78060.000000           1           12.7920   
      2603:     78090.000000           1           12.7888   
      2604:     78120.000000           1           12.7866   
      2605:     78150.000000           1           12.7813   
      2606:     78180.000000           1           12.7768   
      2607:     78210.000000           1           12.7722   
      2608:     78240.000000           1           12.7700   
      2609:     78270.000000           1          -30.6908   
      2610:     78300.000000           1          -30.6926   
      2611:     78330.000000           1          -30.6957   
      2612:     78360.000000           1          -30.6985   
      2613:     78390.000000           1          -30.6980   
      2614:     78420.000000           1          -30.6983   
      2615:     78450.000000           1          -30.6971   
      2616:     78480.000000           1          -30.7039   
      2617:     78510.000000           1          -30.7074   
      2618:     78540.000000           1          -30.7052   
      2619:     78570.000000           1          -30.6991   
      2620:     78600.000000           1          -30.6991   
      2621:     78630.000000           1          -30.6991   
      2622:     78660.000000           1          -30.6993   
      2623:     78690.000000           1          -30.7029   
      2624:     78720.000000           1          -30.7076   
      2625:     78750.000000           1          -30.7119   
      2626:     78780.000000           1          -30.7132   
      2627:     78810.000000           1          -30.7171   
      2628:     78840.000000           1          -30.7234   
      2629:     78870.000000           1          -30.7291   
      2630:     78900.000000           1          -30.7360   
      2631:     78930.000000           1          -30.7397   
      2632:     78960.000000           1          -30.7451   
      2633:     78990.000000           1          -30.7464   
      2634:     79020.000000           1          -30.7500   
      2635:     79050.000000           1          -30.7516   
      2636:     79080.000000           1          -30.7535   
      2637:     79110.000000           1          -30.7573   
      2638:     79140.000000           1          -30.7590   
      2639:     79170.000000           1          -30.7655   
      2640:     79200.000000           1          -30.7714   
      2641:     79230.000000           1          -30.7731   
      2642:     79260.000000           1          -30.7791   
      2643:     79290.000000           1          -30.7823   
      2644:     79320.000000           1          -30.7855   
      2645:     79350.000000           1          -30.7854   
      2646:     79380.000000           1          -30.7870   
      2647:     79410.000000           1          -30.7857   
      2648:     79440.000000           1          -30.7847   
      2649:     79470.000000           1          -30.7854   
      2650:     79500.000000           1          -30.7840   
      2651:     79530.000000           1          -30.7844   
      2652:     79560.000000           1          -30.7845   
      2653:     79590.000000           1          -30.7865   
      2654:     79620.000000           1           12.6411   
      2655:     79650.000000           1           12.6372   
      2656:     79680.000000           1           12.6337   
      2657:     79710.000000           1           12.6281   
      2658:     79740.000000           1           12.6273   
      2659:     79770.000000           1          -30.8122   
      2660:     79800.000000           1          -30.8124   
      2661:     79830.000000           1         -371.0335   
      2662:     79860.000000           1          -30.8266   
      2663:     79890.000000           1          -30.8334   
      2664:     79920.000000           1          -30.8368   
      2665:     79950.000000           1          -30.8400   
      2666:     79980.000000           1          -30.8423   
      2667:     80010.000000           1          -30.8519   
      2668:     80040.000000           1          -30.8564   
      2669:     80070.000000           1          -30.8617   
      2670:     80100.000000           1          -30.8651   
      2671:     80130.000000           1          -30.8662   
      2672:     80160.000000           1          -30.8671   
      2673:     80190.000000           1          -30.8699   
      2674:     80220.000000           1          -30.8708   
      2675:     80250.000000           1          -30.8741   
      2676:     80280.000000           1          -30.8753   
      2677:     80310.000000           1          -30.8778   
      2678:     80340.000000           1          -30.8782   
      2679:     80370.000000           1          -30.8807   
      2680:     80400.000000           1          -30.8830   
      2681:     80430.000000           1          -30.8858   
      2682:     80460.000000           1          -30.8918   
      2683:     80490.000000           1          -30.8930   
      2684:     80520.000000           1          -30.8952   
      2685:     80550.000000           1          -30.8989   
      2686:     80580.000000           1          -30.9009   
      2687:     80610.000000           1          -30.9057   
      2688:     80640.000000           1          -30.9076   
      2689:     80670.000000           1          -30.9089   
      2690:     80700.000000           1          -30.9122   
      2691:     80730.000000           1          -30.9134   
      2692:     80760.000000           1          -30.9170   
      2693:     80790.000000           1         -372.5725   
      2694:     80820.000000           1          -30.9251   
      2696:     80880.000000           1          -30.9350   
      2697:     80910.000000           1          -30.9355   
      2698:     80940.000000           1           12.4848   
      2699:     80970.000000           1           12.4806   
      2700:     81000.000000           1           12.4801   
      2701:     81030.000000           1           12.4779   
      2702:     81060.000000           1           12.4746   
      2703:     81090.000000           1           12.4716   
      2704:     81120.000000           1           12.4676   
      2705:     81150.000000           1           12.4656   
      2706:     81180.000000           1           12.4645   
      2707:     81210.000000           1           12.4635   
      2708:     81240.000000           1           12.4592   
      2709:     81270.000000           1           12.4569   
      2710:     81300.000000           1           12.4567   
      2711:     81330.000000           1           12.4520   
      2712:     81360.000000           1           12.4495   
      2713:     81390.000000           1           12.4463   
      2714:     81420.000000           1           12.4433   
      2715:     81450.000000           1           12.4387   
      2716:     81480.000000           1           12.4359   
      2717:     81510.000000           1          -30.9698   
      2718:     81540.000000           1           12.4275   
      2719:     81570.000000           1           12.4247   
      2720:     81600.000000           1           12.4214   
      2721:     81630.000000           1           12.4184   
      2722:     81660.000000           1           12.4157   
      2723:     81690.000000           1           12.4124   
      2724:     81720.000000           1           12.4073   
      2725:     81750.000000           1           12.4023   
      2726:     81780.000000           1           12.4005   
      2727:     81810.000000           1           12.3973   
      2728:     81840.000000           1           12.3941   
      2729:     81870.000000           1           12.3908   
      2730:     81900.000000           1           12.3893   
      2731:     81930.000000           1           12.3858   
      2732:     81960.000000           1           12.3837   
      2733:     81990.000000           1           12.3808   
      2734:     82020.000000           1          -31.0062   
      2735:     82050.000000           1          -31.0099   
      2736:     82080.000000           1          -31.0124   
      2737:     82110.000000           1          -31.0130   
      2738:     82140.000000           1          -31.0134   
      2739:     82170.000000           1          -31.0162   
      2740:     82200.000000           1          -31.0178   
      2741:     82230.000000           1          -31.0216   
      2742:     82260.000000           1            9.8219   
      2743:     82290.000000           1            9.8048   
      2744:     82320.000000           1            9.7853   
      2745:     82350.000000           1            9.7765   
      2746:     82380.000000           1            9.7890   
      2747:     82410.000000           1            9.7748   
      2748:     82440.000000           1            9.7759   
      2749:     82470.000000           1            9.7599   
      2750:     82500.000000           1            9.7675   
      2751:     82530.000000           1            9.7764   
      2753:     82590.000000           1            9.8272   
      2754:     82620.000000           1            9.8855   
      2755:     82650.000000           1            9.8678   
      2756:     82680.000000           1            9.8897   
      2757:     82710.000000           1            9.8895   
      2758:     82740.000000           1            9.8830   
      2759:     82770.000000           1            9.8795   
      2760:     82800.000000           1            9.8809   
      2761:     82830.000000           1            9.8749   
      2762:     82860.000000           1            9.8648   
      2763:     82890.000000           1            9.8683   
      2764:     82920.000000           1            9.8736   
      2765:     82950.000000           1            9.8781   
      2766:     82980.000000           1            9.8915   
      2774:     83220.000000           1            9.9041   
      2775:     83250.000000           1            9.9036   
      2776:     83280.000000           1            9.9024   
      2777:     83310.000000           1            9.8904   
      2778:     83340.000000           1            9.8849   
      2779:     83370.000000           1            9.8804   
      2780:     83400.000000           1            9.8680   
      2781:     83430.000000           1            9.8640   
      2782:     83460.000000           1            9.8562   
      2783:     83490.000000           1            9.8411   
      2784:     83520.000000           1            9.8173   
      2785:     83550.000000           1            9.8085   
      2786:     83580.000000           1            9.8002   
      2787:     83610.000000           1            9.7895   
      2788:     83640.000000           1            9.7769   
      2789:     83670.000000           1            9.7734   
      2790:     83700.000000           1            9.7637   
      2791:     83730.000000           1            9.7569   
      2792:     83760.000000           1            9.7434   
      2793:     83790.000000           1            9.7336   
      2794:     83820.000000           1            9.7308   
      2795:     83850.000000           1            9.7229   
      2796:     83880.000000           1          -31.1779   
      2797:     83910.000000           1            9.7056   
      2798:     83940.000000           1            9.7009   
      2799:     83970.000000           1          -31.1851   
      2800:     84000.000000           1          -31.1904   
      2801:     84030.000000           1          -31.1895   
      2802:     84060.000000           1          -31.1897   
      2803:     84090.000000           1           12.1556   
      2804:     84120.000000           1           12.1513   
      2805:     84150.000000           1           12.1492   
      2806:     84180.000000           1           12.1482   
      2807:     84210.000000           1           12.1466   
      2808:     84240.000000           1           12.1449   
      2809:     84270.000000           1           12.1425   
      2810:     84300.000000           1           12.1402   
      2811:     84330.000000           1           12.1400   
      2812:     84360.000000           1           12.1381   
      2813:     84390.000000           1           12.1362   
      2814:     84420.000000           1           12.1342   
      2815:     84450.000000           1           12.1302   
      2816:     84480.000000           1           12.1292   
      2817:     84510.000000           1           12.1265   
      2818:     84540.000000           1           12.1219   
      2819:     84570.000000           1          -31.2224   
      2820:     84600.000000           1          -31.2254   
      2821:     84630.000000           1           12.1121   
      2822:     84660.000000           1          -31.2325   
      2823:     84690.000000           1          -31.2339   
      2824:     84720.000000           1          -31.2359   
      2825:     84750.000000           1           12.1039   
      2826:     84780.000000           1          -31.2378   
      2827:     84810.000000           1          -31.2392   
      2828:     84840.000000           1          -31.2390   
      2829:     84870.000000           1           12.1040   
      2830:     84900.000000           1          -31.2415   
      2831:     84930.000000           1          -31.2422   
      2832:     84960.000000           1          -31.2445   
      2833:     84990.000000           1          -31.2469   
      2834:     85020.000000           1          -31.2521   
      2835:     85050.000000           1          -31.2570   
      2836:     85080.000000           1          -31.2592   
      2837:     85110.000000           1          -31.2596   
      2838:     85140.000000           1          -31.2623   
      2839:     85170.000000           1          -31.2642   
      2840:     85200.000000           1          -31.2641   
      2841:     85230.000000           1          -31.2650   
      2842:     85260.000000           1          -31.2661   
      2843:     85290.000000           1          -31.2655   
      2844:     85320.000000           1          -31.2638   
      2845:     85350.000000           1          -31.2641   
      2846:     85380.000000           1          -31.2667   
      2847:     85410.000000           1          -31.2682   
      2848:     85440.000000           1          -31.2707   
      2849:     85470.000000           1          -31.2740   
      2850:     85500.000000           1          -31.2752   
      2851:     85530.000000           1          -31.2765   
      2852:     85560.000000           1          -31.2769   
      2853:     85590.000000           1          -31.2766   
      2854:     85620.000000           1          -31.2786   
      2855:     85650.000000           1          -31.2809   
      2856:     85680.000000           1          -31.2846   
      2857:     85710.000000           1          -31.2862   
      2858:     85740.000000           1          -31.2879   
      2859:     85770.000000           1          -31.2906   
      2860:     85800.000000           1          -31.2936   
      2861:     85830.000000           1          -31.2954   
      2862:     85860.000000           1          -31.2978   
      2863:     85890.000000           1          -31.2995   
      2864:     85920.000000           1          -31.3014   
      2865:     85950.000000           1          -31.3057   
      2866:     85980.000000           1          -31.3091   
      2867:     86010.000000           1          -31.3130   
      2868:     86040.000000           1            9.6322   
      2869:     86070.000000           1          -31.3329   
      2870:     86100.000000           1          -31.3387   
      2871:     86130.000000           1          -31.3430   
      2872:     86160.000000           1          -31.3465   
      2873:     86190.000000           1          -31.3499   
      2874:     86220.000000           1          -31.3534   
      2875:     86250.000000           1           11.9940   
      2876:     86280.000000           1           11.9912   
      2877:     86310.000000           1           11.9882   
      2878:     86340.000000           1           11.9876   
      2879:     86370.000000           1           11.9864   
