       573:     17190.000000           1          112.7409   
       575:     17250.000000           1          112.7470   
       576:     17280.000000           1          112.7463   
       577:     17310.000000           1          112.7516   
       578:     17340.000000           1          112.7553   
       579:     17370.000000           1          112.7563   
       580:     17400.000000           1          112.7567   
       581:     17430.000000           1          112.7509   
       582:     17460.000000           1          112.7474   
       583:     17490.000000           1          112.7479   
       584:     17520.000000           1          112.7558   
       585:     17550.000000           1          112.7620   
       586:     17580.000000           1          112.7702   
       587:     17610.000000           1          112.7857   
       588:     17640.000000           1          112.7837   
       589:     17670.000000           1          112.7675   
       590:     17700.000000           1          112.7627   
       591:     17730.000000           1          112.7543   
       592:     17760.000000           1          112.7560   
       593:     17790.000000           1          112.7548   
       594:     17820.000000           1          112.7500   
       595:     17850.000000           1          112.7483   
       596:     17880.000000           1          112.7593   
       597:     17910.000000           1          112.7687   
       598:     17940.000000           1          112.7703   
       599:     17970.000000           1          112.7903   
       600:     18000.000000           1         -440.2867   
       601:     18030.000000           1         -440.3034   
       602:     18060.000000           1         -440.3111   
       603:     18090.000000           1         -440.3148   
       604:     18120.000000           1         -440.3569   
       605:     18150.000000           1         -440.3635   
       606:     18180.000000           1         -440.3994   
       607:     18210.000000           1         -440.3848   
       608:     18240.000000           1         -440.4078   
       609:     18270.000000           1         -440.3923   
       610:     18300.000000           1         -440.3864   
       611:     18330.000000           1         -440.3939   
       612:     18360.000000           1         -440.3740   
       613:     18390.000000           1         -440.3605   
       614:     18420.000000           1         -440.3519   
       615:     18450.000000           1         -440.3419   
       616:     18480.000000           1         -440.3151   
       617:     18510.000000           1         -440.2990   
       618:     18540.000000           1         -440.2980   
       619:     18570.000000           1         -440.3176   
       620:     18600.000000           1         -440.3060   
       621:     18630.000000           1         -440.2957   
       622:     18660.000000           1         -440.2991   
       623:     18690.000000           1         -440.2896   
       624:     18720.000000           1         -440.2835   
       625:     18750.000000           1         -440.2525   
       626:     18780.000000           1          112.9663   
       627:     18810.000000           1         -440.0986   
       628:     18840.000000           1         -440.0768   
       629:     18870.000000           1          112.9986   
       630:     18900.000000           1          112.9994   
       631:     18930.000000           1          112.9949   
       632:     18960.000000           1          113.0007   
       633:     18990.000000           1          113.0177   
       634:     19020.000000           1          113.0314   
       635:     19050.000000           1          113.0302   
       636:     19080.000000           1          113.0365   
       637:     19110.000000           1          113.0395   
       638:     19140.000000           1          113.0502   
       639:     19170.000000           1          113.0505   
       640:     19200.000000           1          113.0515   
       641:     19230.000000           1          113.0517   
       642:     19260.000000           1          113.0472   
       643:     19290.000000           1          113.0502   
       644:     19320.000000           1          113.0534   
       645:     19350.000000           1          113.0623   
       646:     19380.000000           1          113.0582   
       647:     19410.000000           1          113.0625   
       648:     19440.000000           1          113.0667   
       649:     19470.000000           1          -23.2629   
       650:     19500.000000           1          113.0828   
       651:     19530.000000           1          113.0867   
       652:     19560.000000           1          113.0834   
       653:     19590.000000           1          113.0913   
       654:     19620.000000           1          113.1073   
       655:     19650.000000           1          113.1138   
       656:     19680.000000           1          -23.2246   
       657:     19710.000000           1          113.1480   
       658:     19740.000000           1          113.1655   
       659:     19770.000000           1          113.1773   
       660:     19800.000000           1          113.1765   
       661:     19830.000000           1          113.1809   
       662:     19860.000000           1          113.1914   
       663:     19890.000000           1          113.2017   
       664:     19920.000000           1          113.2079   
       665:     19950.000000           1          113.2171   
       666:     19980.000000           1         -439.5914   
       667:     20010.000000           1         -439.5949   
       668:     20040.000000           1         -439.6058   
       669:     20070.000000           1         -439.6251   
       670:     20100.000000           1         -439.6384   
       671:     20130.000000           1         -439.6439   
       672:     20160.000000           1         -439.6442   
       673:     20190.000000           1         -439.6483   
       674:     20220.000000           1         -439.6500   
       675:     20250.000000           1         -439.6478   
       676:     20280.000000           1         -439.6465   
       677:     20310.000000           1         -439.6477   
       678:     20340.000000           1         -439.6382   
       679:     20370.000000           1         -439.6245   
       680:     20400.000000           1         -439.6299   
       681:     20430.000000           1         -439.6361   
       682:     20460.000000           1         -439.6309   
       683:     20490.000000           1         -439.6282   
       684:     20520.000000           1         -439.6204   
       685:     20550.000000           1          113.3454   
       686:     20580.000000           1          113.3522   
       687:     20610.000000           1          113.3587   
       688:     20640.000000           1          113.3548   
       689:     20670.000000           1          113.3573   
       690:     20700.000000           1          113.3629   
       691:     20730.000000           1          113.3607   
       692:     20760.000000           1          113.3722   
       693:     20790.000000           1          113.3713   
       694:     20820.000000           1          113.3699   
       695:     20850.000000           1          113.3657   
       696:     20880.000000           1          -22.9899   
       697:     20910.000000           1          113.3698   
       698:     20940.000000           1          113.3804   
       699:     20970.000000           1          113.3894   
       700:     21000.000000           1          113.3974   
       701:     21030.000000           1          113.4074   
       702:     21060.000000           1          113.4210   
       703:     21090.000000           1          -22.9134   
       704:     21120.000000           1          113.4693   
       705:     21150.000000           1          113.4792   
       706:     21180.000000           1          113.4832   
       707:     21210.000000           1          113.4965   
       708:     21240.000000           1          113.4979   
       709:     21270.000000           1          113.5058   
       710:     21300.000000           1          113.5075   
       711:     21330.000000           1          113.5027   
       712:     21360.000000           1          113.5114   
       713:     21390.000000           1          113.5100   
       714:     21420.000000           1          113.5264   
       715:     21450.000000           1          113.5368   
       716:     21480.000000           1         -439.5031   
       717:     21510.000000           1         -439.4866   
       718:     21540.000000           1         -439.4871   
       719:     21570.000000           1         -439.4768   
       720:     21600.000000           1         -439.4696   
       721:     21630.000000           1         -439.4628   
       722:     21660.000000           1         -439.4562   
       723:     21690.000000           1         -439.4507   
       724:     21720.000000           1         -439.4437   
       725:     21750.000000           1         -439.4412   
       726:     21780.000000           1         -439.4346   
       727:     21810.000000           1          113.6317   
       728:     21840.000000           1          113.6395   
       729:     21870.000000           1         -439.4047   
       730:     21900.000000           1          113.6820   
       731:     21930.000000           1          113.7031   
       732:     21960.000000           1          113.7044   
       733:     21990.000000           1          113.7036   
       734:     22020.000000           1          113.7157   
       735:     22050.000000           1          113.7161   
       736:     22080.000000           1          113.7221   
       737:     22110.000000           1          113.7292   
       738:     22140.000000           1          113.7331   
       739:     22170.000000           1          113.7494   
       740:     22200.000000           1          113.7582   
       741:     22230.000000           1          113.7674   
       742:     22260.000000           1          113.7747   
       743:     22290.000000           1          113.7788   
       744:     22320.000000           1          113.7840   
       745:     22350.000000           1          113.7930   
       746:     22380.000000           1          113.7975   
       747:     22410.000000           1          113.8023   
       748:     22440.000000           1          113.8120   
       749:     22470.000000           1          113.8250   
       750:     22500.000000           1          113.8338   
       751:     22530.000000           1          113.8434   
       752:     22560.000000           1          113.8490   
       753:     22590.000000           1          113.8615   
       754:     22620.000000           1          113.8728   
       755:     22650.000000           1          113.8802   
       756:     22680.000000           1          113.8869   
       757:     22710.000000           1          113.8996   
       758:     22740.000000           1          113.9038   
       759:     22770.000000           1          113.9097   
       760:     22800.000000           1          113.9131   
       761:     22830.000000           1         -439.1656   
       762:     22860.000000           1         -439.1730   
       763:     22890.000000           1          113.9297   
       764:     22920.000000           1         -439.1295   
       765:     22950.000000           1         -439.1178   
       766:     22980.000000           1         -439.1148   
       767:     23010.000000           1         -439.1063   
       768:     23040.000000           1         -439.0912   
       769:     23070.000000           1         -439.0822   
       770:     23100.000000           1         -439.0790   
       771:     23130.000000           1         -439.0733   
       772:     23160.000000           1         -439.0681   
       773:     23190.000000           1          114.0032   
       774:     23220.000000           1         -439.0319   
       775:     23250.000000           1         -439.0190   
       776:     23280.000000           1         -438.9978   
       777:     23310.000000           1         -438.9741   
       778:     23340.000000           1         -438.9693   
       779:     23370.000000           1         -438.9637   
       780:     23400.000000           1         -438.9571   
       781:     23430.000000           1         -438.9550   
       782:     23460.000000           1         -438.9464   
       783:     23490.000000           1         -438.9317   
       784:     23520.000000           1         -438.9189   
       785:     23550.000000           1         -438.9053   
       786:     23580.000000           1         -438.8935   
       787:     23610.000000           1         -438.8798   
       788:     23640.000000           1          114.2166   
       789:     23670.000000           1          114.2267   
       790:     23700.000000           1          114.2285   
       791:     23730.000000           1          114.2325   
       792:     23760.000000           1          114.2418   
       793:     23790.000000           1          114.2586   
       794:     23820.000000           1          114.2660   
       795:     23850.000000           1          114.2663   
       796:     23880.000000           1          114.2717   
       797:     23910.000000           1          114.2770   
       798:     23940.000000           1          114.2917   
       799:     23970.000000           1          114.3063   
       800:     24000.000000           1          114.3097   
       801:     24030.000000           1          114.3085   
       802:     24060.000000           1          114.3168   
       803:     24090.000000           1          -22.0305   
       804:     24120.000000           1          -22.0284   
       805:     24150.000000           1          -22.0234   
       806:     24180.000000           1          -22.0168   
       807:     24210.000000           1          -22.0020   
       808:     24240.000000           1          -21.9980   
       809:     24270.000000           1         -438.7123   
       810:     24300.000000           1          -21.9916   
       811:     24330.000000           1          -21.9872   
       812:     24360.000000           1          -21.9757   
       813:     24390.000000           1          -21.9778   
       814:     24420.000000           1         -438.6724   
       815:     24450.000000           1         -438.6594   
       816:     24480.000000           1         -438.6467   
       817:     24510.000000           1         -438.6378   
       818:     24540.000000           1         -438.6258   
       819:     24570.000000           1         -438.6165   
       820:     24600.000000           1         -438.6101   
       821:     24630.000000           1         -438.6038   
       822:     24660.000000           1         -438.5909   
       823:     24690.000000           1         -438.5911   
       824:     24720.000000           1         -438.5895   
       825:     24750.000000           1         -438.5836   
       826:     24780.000000           1         -438.5755   
       827:     24810.000000           1         -438.5715   
       828:     24840.000000           1         -438.5552   
       829:     24870.000000           1         -438.5471   
       830:     24900.000000           1         -438.5453   
       831:     24930.000000           1          -21.8125   
       832:     24960.000000           1          -21.8035   
       833:     24990.000000           1         -438.5249   
       834:     25020.000000           1          -21.7901   
       835:     25050.000000           1          -21.7706   
       836:     25080.000000           1          -21.7648   
       837:     25110.000000           1          -21.7538   
       838:     25140.000000           1          -21.7454   
       839:     25170.000000           1          -21.7426   
       840:     25200.000000           1          -21.7352   
       841:     25230.000000           1          -21.7286   
       842:     25260.000000           1          -21.7078   
       843:     25290.000000           1         -339.4468   
       844:     25320.000000           1          -21.6597   
       845:     25350.000000           1          -21.6413   
       846:     25380.000000           1          -21.6297   
       847:     25410.000000           1          -21.6161   
       848:     25440.000000           1          -21.6094   
       849:     25470.000000           1          -21.6039   
       850:     25500.000000           1          -21.5932   
       851:     25530.000000           1          -21.5895   
       852:     25560.000000           1          -21.5781   
       853:     25590.000000           1          -21.5713   
       854:     25620.000000           1          -21.5687   
       855:     25650.000000           1          -21.5549   
       856:     25680.000000           1          -21.5502   
       857:     25710.000000           1          -21.5470   
       858:     25740.000000           1          -21.5519   
       859:     25770.000000           1          -21.5475   
       860:     25800.000000           1          -21.5478   
       861:     25830.000000           1          -21.5375   
       862:     25860.000000           1          -21.5318   
       863:     25890.000000           1          -21.5208   
       864:     25920.000000           1         -438.2337   
       865:     25950.000000           1         -438.2335   
       866:     25980.000000           1         -438.2231   
       867:     26010.000000           1         -438.2138   
       868:     26040.000000           1         -438.2188   
       869:     26070.000000           1         -438.2117   
       870:     26100.000000           1         -438.2090   
       871:     26130.000000           1         -438.2051   
       872:     26160.000000           1         -438.2031   
       873:     26190.000000           1         -438.1967   
       874:     26220.000000           1         -438.1933   
       875:     26250.000000           1         -438.1920   
       876:     26280.000000           1         -438.1864   
       877:     26310.000000           1         -438.1795   
       878:     26340.000000           1         -438.1735   
       879:     26370.000000           1         -438.1639   
       880:     26400.000000           1         -438.1571   
       881:     26430.000000           1         -438.1435   
       882:     26460.000000           1         -438.1259   
       883:     26490.000000           1         -438.1160   
       884:     26520.000000           1         -438.1062   
       885:     26550.000000           1         -438.0994   
       886:     26580.000000           1         -438.0982   
       887:     26610.000000           1         -438.0853   
       888:     26640.000000           1         -438.0639   
       889:     26670.000000           1         -438.0591   
       890:     26700.000000           1         -438.0572   
       891:     26730.000000           1         -438.0499   
       892:     26760.000000           1         -438.0388   
       893:     26790.000000           1         -438.0269   
       894:     26820.000000           1         -438.0125   
       895:     26850.000000           1         -438.0106   
       896:     26880.000000           1         -437.9977   
       897:     26910.000000           1         -437.9827   
       898:     26940.000000           1         -437.9777   
       899:     26970.000000           1         -437.9670   
       900:     27000.000000           1         -437.9597   
       901:     27030.000000           1         -437.9543   
       902:     27060.000000           1         -437.9561   
       903:     27090.000000           1         -437.9524   
       904:     27120.000000           1         -437.9412   
       905:     27150.000000           1         -437.9226   
       906:     27180.000000           1         -437.9049   
       907:     27210.000000           1         -437.8879   
       908:     27240.000000           1         -437.8789   
       909:     27270.000000           1         -437.8778   
       910:     27300.000000           1         -437.8765   
       911:     27330.000000           1         -437.8771   
       912:     27360.000000           1         -437.8771   
       913:     27390.000000           1         -437.8694   
       914:     27420.000000           1         -437.8602   
       915:     27450.000000           1         -437.8499   
       916:     27480.000000           1         -437.8394   
       917:     27510.000000           1         -437.8357   
       918:     27540.000000           1         -437.8237   
       919:     27570.000000           1         -437.8096   
       920:     27600.000000           1         -437.8005   
       921:     27630.000000           1         -437.7948   
       922:     27660.000000           1         -437.7889   
       923:     27690.000000           1         -437.7765   
       924:     27720.000000           1         -437.7651   
       925:     27750.000000           1         -437.7502   
       926:     27780.000000           1         -437.7385   
       927:     27810.000000           1         -437.7351   
       928:     27840.000000           1         -437.7263   
       929:     27870.000000           1         -437.7211   
       930:     27900.000000           1         -437.7146   
       931:     27930.000000           1         -437.6981   
       932:     27960.000000           1         -437.6835   
       933:     27990.000000           1         -437.6841   
       934:     28020.000000           1          -20.9368   
       935:     28050.000000           1          -20.9320   
       936:     28080.000000           1          -20.9285   
       937:     28110.000000           1          -20.9235   
       938:     28140.000000           1          -20.9092   
       939:     28170.000000           1          -20.8921   
       940:     28200.000000           1          -20.8723   
       941:     28230.000000           1          -20.8469   
       942:     28260.000000           1         -338.5542   
       943:     28290.000000           1          -20.8375   
       944:     28320.000000           1         -338.5368   
       945:     28350.000000           1         -338.5294   
       946:     28380.000000           1         -338.5220   
       947:     28410.000000           1         -338.5214   
       948:     28440.000000           1         -338.5136   
       949:     28470.000000           1         -338.5049   
       950:     28500.000000           1         -338.4967   
       951:     28530.000000           1         -338.4733   
       952:     28560.000000           1         -338.4706   
       953:     28590.000000           1         -338.4552   
       954:     28620.000000           1         -338.4543   
       955:     28650.000000           1         -338.4438   
       956:     28680.000000           1         -338.4410   
       957:     28710.000000           1         -338.4345   
       958:     28740.000000           1         -338.4295   
       959:     28770.000000           1         -338.4220   
       960:     28800.000000           1         -338.4118   
       961:     28830.000000           1         -338.4046   
       962:     28860.000000           1         -338.3949   
       963:     28890.000000           1         -338.3808   
       964:     28920.000000           1         -338.3703   
       965:     28950.000000           1          -20.6538   
       966:     28980.000000           1          -20.6518   
       967:     29010.000000           1          -20.6409   
       968:     29040.000000           1          -20.6316   
       969:     29070.000000           1         -437.3535   
       970:     29100.000000           1         -437.3482   
       971:     29130.000000           1         -437.3315   
       972:     29160.000000           1         -437.3247   
       973:     29190.000000           1         -437.3194   
       974:     29220.000000           1         -437.3148   
       975:     29250.000000           1         -437.3063   
       976:     29280.000000           1         -437.2977   
       977:     29310.000000           1         -437.2848   
       978:     29340.000000           1         -437.2759   
       979:     29370.000000           1         -437.2644   
       980:     29400.000000           1         -437.2664   
       981:     29430.000000           1         -437.2561   
       982:     29460.000000           1         -437.2497   
       983:     29490.000000           1         -437.2467   
       984:     29520.000000           1         -437.2396   
       985:     29550.000000           1         -437.2329   
       986:     29580.000000           1         -437.2301   
       987:     29610.000000           1         -437.2222   
       988:     29640.000000           1         -437.2193   
       989:     29670.000000           1         -437.2151   
       990:     29700.000000           1         -437.2042   
       991:     29730.000000           1         -437.1961   
       992:     29760.000000           1         -437.1816   
       993:     29790.000000           1         -437.1739   
       994:     29820.000000           1         -437.1728   
       995:     29850.000000           1         -437.1700   
       996:     29880.000000           1         -437.1707   
       997:     29910.000000           1         -437.1673   
       998:     29940.000000           1         -437.1677   
       999:     29970.000000           1         -437.1609   
      1000:     30000.000000           1         -437.1588   
      1001:     30030.000000           1         -437.1507   
      1002:     30060.000000           1         -437.1506   
      1003:     30090.000000           1         -437.1420   
      1004:     30120.000000           1         -437.1405   
      1005:     30150.000000           1         -437.1365   
      1006:     30180.000000           1         -437.1443   
      1007:     30210.000000           1         -437.1454   
      1008:     30240.000000           1         -437.1390   
      1009:     30270.000000           1         -437.1326   
      1010:     30300.000000           1         -437.1301   
      1011:     30330.000000           1         -437.1230   
      1012:     30360.000000           1         -437.1214   
      1013:     30390.000000           1         -437.1146   
      1014:     30420.000000           1         -437.1022   
      1015:     30450.000000           1         -437.0992   
      1016:     30480.000000           1         -437.0880   
      1017:     30510.000000           1         -437.0815   
      1018:     30540.000000           1         -437.0694   
      1019:     30570.000000           1         -437.0656   
      1020:     30600.000000           1         -437.0642   
      1021:     30630.000000           1         -437.0551   
      1022:     30660.000000           1         -437.0498   
      1023:     30690.000000           1         -437.0453   
      1024:     30720.000000           1         -437.0337   
      1025:     30750.000000           1         -437.0248   
      1026:     30780.000000           1         -437.0126   
      1027:     30810.000000           1         -436.9994   
      1028:     30840.000000           1         -436.9966   
      1029:     30870.000000           1         -436.9883   
      1030:     30900.000000           1         -436.9751   
      1031:     30930.000000           1         -436.9647   
      1032:     30960.000000           1         -436.9567   
      1033:     30990.000000           1         -436.9615   
      1034:     31020.000000           1         -436.9602   
      1035:     31050.000000           1         -436.9602   
      1036:     31080.000000           1         -436.9515   
      1037:     31110.000000           1         -436.9389   
      1038:     31140.000000           1         -436.9356   
      1039:     31170.000000           1         -436.9374   
      1040:     31200.000000           1         -436.9319   
      1041:     31230.000000           1         -436.9245   
      1042:     31260.000000           1         -436.9126   
      1043:     31290.000000           1         -436.9050   
      1044:     31320.000000           1         -436.8982   
      1045:     31350.000000           1         -436.8966   
      1046:     31380.000000           1         -436.8991   
      1047:     31410.000000           1         -436.8936   
      1048:     31440.000000           1         -436.8883   
      1049:     31470.000000           1         -436.8847   
      1050:     31500.000000           1         -436.8843   
      1051:     31530.000000           1         -436.8804   
      1052:     31560.000000           1         -436.8725   
      1053:     31590.000000           1         -436.8580   
      1054:     31620.000000           1         -436.8480   
      1055:     31650.000000           1         -436.8375   
      1056:     31680.000000           1         -436.8336   
      1057:     31710.000000           1         -436.8298   
      1058:     31740.000000           1         -436.8213   
      1059:     31770.000000           1         -436.8161   
      1060:     31800.000000           1         -436.8076   
      1061:     31830.000000           1         -436.7985   
      1062:     31860.000000           1         -436.7883   
      1063:     31890.000000           1         -436.7808   
      1064:     31920.000000           1         -436.7769   
      1065:     31950.000000           1         -436.7738   
      1066:     31980.000000           1         -436.7677   
      1067:     32010.000000           1         -436.7698   
      1068:     32040.000000           1         -436.7722   
      1069:     32070.000000           1         -436.7755   
      1070:     32100.000000           1         -436.7734   
      1071:     32130.000000           1         -436.7653   
      1072:     32160.000000           1         -436.7601   
      1073:     32190.000000           1         -436.7506   
      1074:     32220.000000           1         -436.7488   
      1075:     32250.000000           1         -436.7432   
      1076:     32280.000000           1         -436.7350   
      1077:     32310.000000           1         -436.7325   
      1078:     32340.000000           1         -436.7175   
      1079:     32370.000000           1         -436.7110   
      1080:     32400.000000           1         -436.7075   
      1081:     32430.000000           1         -436.7158   
      1082:     32460.000000           1         -436.7104   
      1083:     32490.000000           1         -436.7077   
      1084:     32520.000000           1         -436.7021   
      1085:     32550.000000           1         -436.6966   
      1086:     32580.000000           1         -436.6888   
      1087:     32610.000000           1         -436.6880   
      1088:     32640.000000           1         -436.6821   
      1089:     32670.000000           1         -436.6773   
      1090:     32700.000000           1         -436.6678   
      1091:     32730.000000           1         -436.6651   
      1092:     32760.000000           1         -436.6531   
      1093:     32790.000000           1         -436.6550   
      1094:     32820.000000           1         -436.6579   
      1095:     32850.000000           1         -436.6565   
      1096:     32880.000000           1         -436.6480   
      1097:     32910.000000           1         -436.6498   
      1098:     32940.000000           1         -436.6332   
      1099:     32970.000000           1         -436.6296   
      1100:     33000.000000           1         -436.6224   
      1101:     33030.000000           1         -436.6099   
      1102:     33060.000000           1         -436.6077   
      1103:     33090.000000           1         -436.6015   
      1104:     33120.000000           1         -436.5997   
      1105:     33150.000000           1         -436.5955   
      1106:     33180.000000           1         -436.5879   
      1107:     33210.000000           1         -436.5821   
      1108:     33240.000000           1         -436.5754   
      1109:     33270.000000           1         -436.5670   
      1110:     33300.000000           1         -436.5594   
      1111:     33330.000000           1         -436.5440   
      1112:     33360.000000           1         -436.5383   
      1113:     33390.000000           1         -436.5303   
      1114:     33420.000000           1         -436.5184   
      1115:     33450.000000           1         -436.5086   
      1116:     33480.000000           1         -436.4971   
      1117:     33510.000000           1         -436.4851   
      1118:     33540.000000           1         -436.4784   
      1119:     33570.000000           1         -436.4682   
      1120:     33600.000000           1         -436.4600   
      1121:     33630.000000           1         -436.4527   
      1122:     33660.000000           1         -436.4538   
      1123:     33690.000000           1         -436.4590   
      1124:     33720.000000           1         -436.4521   
      1125:     33750.000000           1         -436.4452   
      1126:     33780.000000           1         -436.4363   
      1127:     33810.000000           1         -436.4305   
      1128:     33840.000000           1         -436.4324   
      1129:     33870.000000           1         -436.4181   
      1130:     33900.000000           1         -436.4170   
      1131:     33930.000000           1         -436.4146   
      1132:     33960.000000           1         -250.2492   
      1133:     33990.000000           1         -250.2445   
      1134:     34020.000000           1         -250.2252   
      1135:     34050.000000           1         -250.2115   
      1136:     34080.000000           1         -250.1990   
      1137:     34110.000000           1         -250.1952   
      1138:     34140.000000           1         -250.1896   
      1139:     34170.000000           1         -250.1714   
      1140:     34200.000000           1         -250.1624   
      1141:     34230.000000           1         -250.1630   
      1142:     34260.000000           1         -250.1596   
      1143:     34290.000000           1         -250.1583   
      1144:     34320.000000           1         -250.1497   
      1145:     34350.000000           1         -250.1403   
      1146:     34380.000000           1         -250.1336   
      1147:     34410.000000           1         -250.1350   
      1148:     34440.000000           1         -250.1321   
      1149:     34470.000000           1         -250.1247   
      1150:     34500.000000           1         -250.1095   
      1151:     34530.000000           1         -250.1074   
      1152:     34560.000000           1         -250.0947   
      1153:     34590.000000           1         -250.0792   
      1154:     34620.000000           1         -250.0742   
      1155:     34650.000000           1         -250.0727   
      1156:     34680.000000           1         -250.0670   
      1157:     34710.000000           1         -250.0633   
      1158:     34740.000000           1         -250.0617   
      1159:     34770.000000           1         -250.0605   
      1160:     34800.000000           1         -250.0569   
      1161:     34830.000000           1         -250.0515   
      1162:     34860.000000           1         -250.0493   
      1163:     34890.000000           1         -250.0423   
      1164:     34920.000000           1         -250.0373   
      1165:     34950.000000           1         -436.1754   
      1166:     34980.000000           1         -436.1671   
      1167:     35010.000000           1         -436.1638   
      1168:     35040.000000           1         -436.1602   
      1169:     35070.000000           1         -436.1577   
      1170:     35100.000000           1         -250.0043   
      1171:     35130.000000           1         -436.1369   
      1172:     35160.000000           1         -249.9736   
      1173:     35190.000000           1         -436.1157   
      1174:     35220.000000           1         -436.1083   
      1175:     35250.000000           1         -249.9514   
      1176:     35280.000000           1         -249.9440   
      1177:     35310.000000           1         -249.9343   
      1178:     35340.000000           1         -249.9310   
      1179:     35370.000000           1         -249.9246   
      1180:     35400.000000           1         -249.9148   
      1181:     35430.000000           1         -249.9115   
      1182:     35460.000000           1         -249.9048   
      1183:     35490.000000           1         -249.8978   
      1184:     35520.000000           1         -249.8897   
      1185:     35550.000000           1         -249.8825   
      1186:     35580.000000           1         -249.8766   
      1187:     35610.000000           1         -249.8711   
      1188:     35640.000000           1         -249.8642   
      1189:     35670.000000           1         -249.8590   
      1190:     35700.000000           1         -249.8585   
      1191:     35730.000000           1         -249.8525   
      1192:     35760.000000           1         -249.8460   
      1193:     35790.000000           1         -249.8384   
      1194:     35820.000000           1         -249.8278   
      1195:     35850.000000           1         -249.8146   
      1196:     35880.000000           1         -249.8026   
      1197:     35910.000000           1          -13.8931   
      1198:     35940.000000           1         -249.7830   
      1199:     35970.000000           1         -249.7782   
      1200:     36000.000000           1         -249.7663   
      1201:     36030.000000           1         -435.9415   
      1202:     36060.000000           1         -249.7614   
      1203:     36090.000000           1         -249.7641   
      1204:     36120.000000           1         -249.7637   
      1205:     36150.000000           1         -435.9357   
      1206:     36180.000000           1         -435.9334   
      1207:     36210.000000           1         -435.9303   
      1208:     36240.000000           1         -249.7505   
      1209:     36270.000000           1         -435.7543   
      1210:     36300.000000           1         -435.7751   
      1211:     36330.000000           1         -435.7467   
      1212:     36360.000000           1         -435.7657   
      1213:     36390.000000           1         -435.8258   
      1214:     36420.000000           1         -435.8329   
      1215:     36450.000000           1         -435.8699   
      1216:     36480.000000           1         -249.7307   
      1217:     36510.000000           1         -249.7256   
      1218:     36540.000000           1         -435.8648   
      1219:     36570.000000           1          -13.8606   
      1220:     36600.000000           1          -13.8558   
      1221:     36630.000000           1          -13.8463   
      1222:     36660.000000           1          -13.8461   
      1223:     36690.000000           1          -13.8332   
      1224:     36720.000000           1          -13.8335   
      1225:     36750.000000           1          -13.8258   
      1226:     36780.000000           1          -13.8178   
      1227:     36810.000000           1          -13.8112   
      1228:     36840.000000           1          -13.8081   
      1229:     36870.000000           1          -13.8038   
      1230:     36900.000000           1          -13.7972   
      1231:     36930.000000           1          -13.7956   
      1232:     36960.000000           1          -13.7946   
      1233:     36990.000000           1          -13.7896   
      1234:     37020.000000           1          -13.7855   
      1235:     37050.000000           1          -13.7839   
      1236:     37080.000000           1          -13.7829   
      1237:     37110.000000           1          -13.7798   
      1238:     37140.000000           1          -13.7826   
      1239:     37170.000000           1          -13.7836   
      1240:     37200.000000           1          -13.7925   
      1241:     37230.000000           1          -13.7957   
      1242:     37260.000000           1          -13.7955   
      1243:     37290.000000           1          -13.7901   
      1244:     37320.000000           1          -13.7896   
      1245:     37350.000000           1          -13.7829   
      1246:     37380.000000           1          -13.7778   
      1247:     37410.000000           1          -13.7714   
      1248:     37440.000000           1          -13.7748   
      1249:     37470.000000           1          -13.7688   
      1250:     37500.000000           1          -13.7606   
      1251:     37530.000000           1          -13.7568   
      1253:     37590.000000           1          -13.7475   
      1680:     50400.000000           1          -86.9344   
      1682:     50460.000000           1          -86.9327   
      1683:     50490.000000           1          -86.9309   
      1684:     50520.000000           1          -86.9316   
      1685:     50550.000000           1          -86.9348   
      1686:     50580.000000           1          -86.9317   
      1687:     50610.000000           1          -86.9332   
      1688:     50640.000000           1          -86.9380   
      1689:     50670.000000           1          -86.9395   
      1690:     50700.000000           1          -86.9361   
      1691:     50730.000000           1          -86.9321   
      1692:     50760.000000           1          -86.9331   
      1693:     50790.000000           1          -86.9336   
      1694:     50820.000000           1          -86.9327   
      1695:     50850.000000           1          -86.9321   
      1696:     50880.000000           1          -86.9315   
      1698:     50940.000000           1          -86.9256   
      1699:     50970.000000           1          -86.9237   
      1700:     51000.000000           1          -86.9231   
      1701:     51030.000000           1          -86.9243   
      1702:     51060.000000           1          -86.9252   
      1703:     51090.000000           1          -86.9304   
      1704:     51120.000000           1          -86.9318   
      1705:     51150.000000           1          -86.9330   
      1706:     51180.000000           1          -86.9298   
      1707:     51210.000000           1          -86.9286   
      1708:     51240.000000           1          -86.9304   
      1709:     51270.000000           1          -86.9279   
      1710:     51300.000000           1          -86.9264   
      1711:     51330.000000           1          -86.9272   
      1712:     51360.000000           1          -86.9280   
      1713:     51390.000000           1          -86.9270   
      1714:     51420.000000           1          181.0331   
      1715:     51450.000000           1          181.0424   
      1716:     51480.000000           1          181.0546   
      1717:     51510.000000           1          181.0844   
      1718:     51540.000000           1          181.0926   
      1719:     51570.000000           1          181.1072   
      1720:     51600.000000           1          181.1691   
      1721:     51630.000000           1          -86.9243   
      1722:     51660.000000           1          181.3715   
      1723:     51690.000000           1          -86.9156   
      1724:     51720.000000           1          181.4965   
      1725:     51750.000000           1          181.4779   
      1726:     51780.000000           1          181.4237   
      1727:     51810.000000           1          181.4258   
      1728:     51840.000000           1          181.4723   
      1729:     51870.000000           1          181.4597   
      1730:     51900.000000           1          181.4632   
      1731:     51930.000000           1          181.4691   
      1732:     51960.000000           1          181.4790   
      1733:     51990.000000           1          181.4923   
      1734:     52020.000000           1          181.5002   
      1735:     52050.000000           1          181.4999   
      1736:     52080.000000           1          181.5186   
      1737:     52110.000000           1          181.5216   
      1738:     52140.000000           1          181.5370   
      1739:     52170.000000           1          181.5416   
      1740:     52200.000000           1          181.5478   
      1741:     52230.000000           1          181.5606   
      1742:     52260.000000           1          181.5718   
      1743:     52290.000000           1          181.5856   
      1744:     52320.000000           1          181.6059   
      1745:     52350.000000           1          181.6239   
      1746:     52380.000000           1          181.6471   
      1747:     52410.000000           1          181.6708   
      1748:     52440.000000           1          181.6795   
      1749:     52470.000000           1          181.6888   
      1750:     52500.000000           1          181.7054   
      1751:     52530.000000           1          181.7176   
      1752:     52560.000000           1          181.7257   
      1753:     52590.000000           1          181.7354   
      1754:     52620.000000           1          181.7474   
      1755:     52650.000000           1          181.7539   
      1756:     52680.000000           1          181.7612   
      1757:     52710.000000           1          181.7580   
      1758:     52740.000000           1          181.7607   
      1759:     52770.000000           1          181.7602   
      1760:     52800.000000           1          181.7659   
      1761:     52830.000000           1          181.7657   
      1762:     52860.000000           1          181.7800   
      1763:     52890.000000           1          181.7900   
      1764:     52920.000000           1          181.7967   
      1765:     52950.000000           1          181.8054   
      1766:     52980.000000           1          181.8204   
      1767:     53010.000000           1          181.8240   
      1768:     53040.000000           1          181.8221   
      1769:     53070.000000           1          181.8208   
      1770:     53100.000000           1          181.8341   
      1771:     53130.000000           1          181.8441   
      1772:     53160.000000           1          181.8499   
      1773:     53190.000000           1          181.8546   
      1774:     53220.000000           1          -86.9757   
      1775:     53250.000000           1          181.8841   
      1776:     53280.000000           1          181.8916   
      1777:     53310.000000           1          181.8944   
      1778:     53340.000000           1            5.7780   
      1779:     53370.000000           1          -86.9880   
      1780:     53400.000000           1          -86.9900   
      1781:     53430.000000           1          -86.9911   
      1782:     53460.000000           1          -86.9909   
      1783:     53490.000000           1          -86.9917   
      1784:     53520.000000           1          -86.9938   
      1785:     53550.000000           1          -86.9969   
      1786:     53580.000000           1          -87.0009   
      1787:     53610.000000           1          -87.0009   
      1788:     53640.000000           1          -87.0004   
      1789:     53670.000000           1          -87.0000   
      1790:     53700.000000           1          -86.9977   
      1791:     53730.000000           1          -86.9973   
      1792:     53760.000000           1          -86.9963   
      1793:     53790.000000           1          -86.9921   
      1794:     53820.000000           1          -86.9898   
      1795:     53850.000000           1          -86.9937   
      1796:     53880.000000           1          -86.9930   
      1797:     53910.000000           1          -86.9965   
      1798:     53940.000000           1          -86.9993   
      1799:     53970.000000           1          -87.0022   
      1800:     54000.000000           1            5.9061   
      1801:     54030.000000           1          181.9195   
      1802:     54060.000000           1          -87.0201   
      1803:     54090.000000           1          -87.0231   
      1804:     54120.000000           1          -87.0215   
      1805:     54150.000000           1          -87.0187   
      1806:     54180.000000           1            5.8510   
      1807:     54210.000000           1          -87.0143   
      1808:     54240.000000           1          -87.0153   
      1809:     54270.000000           1          -87.0153   
      1810:     54300.000000           1            5.8299   
      1811:     54330.000000           1            5.8240   
      1812:     54360.000000           1            5.8216   
      1813:     54390.000000           1            5.8193   
      1814:     54420.000000           1            5.8092   
      1815:     54450.000000           1            5.8036   
      1816:     54480.000000           1            5.7997   
      1817:     54510.000000           1            5.7959   
      1818:     54540.000000           1            5.7918   
      1819:     54570.000000           1            5.7930   
      1820:     54600.000000           1            5.7978   
      1821:     54630.000000           1            5.7982   
      1822:     54660.000000           1            5.8035   
      1823:     54690.000000           1         -370.4716   
      1824:     54720.000000           1         -370.4306   
      1825:     54750.000000           1         -370.4300   
      1826:     54780.000000           1         -370.3988   
      1827:     54810.000000           1         -370.3818   
      1828:     54840.000000           1         -370.3580   
      1829:     54870.000000           1         -370.3564   
      1830:     54900.000000           1            5.8010   
      1831:     54930.000000           1            5.8029   
      1832:     54960.000000           1          -87.0560   
      1833:     54990.000000           1          -87.0571   
      1834:     55020.000000           1          -87.0534   
      1835:     55050.000000           1          -87.0552   
      1836:     55080.000000           1          -87.0545   
      1837:     55110.000000           1          -87.0529   
      1838:     55140.000000           1          -87.0538   
      1839:     55170.000000           1          -87.0553   
      1840:     55200.000000           1          -87.0591   
      1841:     55230.000000           1          -87.0635   
      1842:     55260.000000           1          -87.0675   
      1843:     55290.000000           1          -87.0679   
      1844:     55320.000000           1          -87.0704   
      1845:     55350.000000           1          -87.0732   
      1846:     55380.000000           1          -87.0777   
      1847:     55410.000000           1          -87.0875   
      1848:     55440.000000           1          -87.0891   
      1849:     55470.000000           1          -87.0887   
      1850:     55500.000000           1          -87.0882   
      1851:     55530.000000           1          -87.0904   
      1852:     55560.000000           1          -87.0929   
      1853:     55590.000000           1          -87.0949   
      1854:     55620.000000           1          -87.0987   
      1855:     55650.000000           1          -87.0996   
      1856:     55680.000000           1          -87.1042   
      1857:     55710.000000           1          -87.1072   
      1858:     55740.000000           1          -87.1066   
      1859:     55770.000000           1            5.7318   
      1860:     55800.000000           1          -87.1075   
      1861:     55830.000000           1          -87.1115   
      1862:     55860.000000           1          -87.1134   
      1863:     55890.000000           1          -87.1122   
      1864:     55920.000000           1          -87.1123   
      1865:     55950.000000           1          -87.1139   
      1866:     55980.000000           1          -87.1162   
      1867:     56010.000000           1          181.8903   
      1868:     56040.000000           1          181.8891   
      1869:     56070.000000           1          181.8885   
      1870:     56100.000000           1          181.8878   
      1871:     56130.000000           1          181.8869   
      1872:     56160.000000           1          181.8883   
      1873:     56190.000000           1          181.8933   
      1874:     56220.000000           1          181.8957   
      1875:     56250.000000           1          181.8911   
      1876:     56280.000000           1          181.8913   
      1877:     56310.000000           1          181.8954   
      1878:     56340.000000           1          181.8998   
      1879:     56370.000000           1          181.9021   
      1880:     56400.000000           1          181.9051   
      1881:     56430.000000           1          181.9089   
      1882:     56460.000000           1          181.9078   
      1883:     56490.000000           1          181.9073   
      1884:     56520.000000           1          181.9073   
      1885:     56550.000000           1          181.9042   
      1886:     56580.000000           1          181.9023   
      1887:     56610.000000           1          181.9019   
      1888:     56640.000000           1          181.9006   
      1889:     56670.000000           1          181.8963   
      1890:     56700.000000           1          181.8953   
      1891:     56730.000000           1          -87.1578   
      1892:     56760.000000           1          181.8817   
      1893:     56790.000000           1          181.8783   
      1894:     56820.000000           1          181.8763   
      1895:     56850.000000           1          181.8737   
      1896:     56880.000000           1          181.8733   
      1897:     56910.000000           1          181.8732   
      1898:     56940.000000           1          181.8706   
      1899:     56970.000000           1          -87.1755   
      1900:     57000.000000           1          -87.1781   
      1901:     57030.000000           1          -87.1785   
      1902:     57060.000000           1          -87.1799   
      1903:     57090.000000           1            5.7110   
      1904:     57120.000000           1            5.7088   
      1905:     57150.000000           1            5.7044   
      1906:     57180.000000           1            5.7072   
      1907:     57210.000000           1            5.7030   
      1908:     57240.000000           1            5.6986   
      1909:     57270.000000           1            5.6967   
      1910:     57300.000000           1            5.6952   
      1911:     57330.000000           1            5.6919   
      1912:     57360.000000           1            5.6928   
      1913:     57390.000000           1            5.6921   
      1914:     57420.000000           1            5.6923   
      1915:     57450.000000           1            5.6943   
      1916:     57480.000000           1            5.6924   
      1917:     57510.000000           1            5.6972   
      1918:     57540.000000           1            5.6964   
      1919:     57570.000000           1            5.6982   
      1920:     57600.000000           1            5.6977   
      1921:     57630.000000           1            5.6972   
      1922:     57660.000000           1            5.6988   
      1923:     57690.000000           1          -87.2078   
      1924:     57720.000000           1            5.6910   
      1925:     57750.000000           1            5.6895   
      1926:     57780.000000           1          -87.2102   
      1927:     57810.000000           1            5.6919   
      1928:     57840.000000           1          -87.2107   
      1929:     57870.000000           1          181.8409   
      1930:     57900.000000           1          181.8377   
      1931:     57930.000000           1          181.8375   
      1932:     57960.000000           1          181.8356   
      1933:     57990.000000           1          181.8320   
      1934:     58020.000000           1          181.8285   
      1935:     58050.000000           1          181.8284   
      1936:     58080.000000           1          181.8306   
      1937:     58110.000000           1          181.8290   
      1938:     58140.000000           1          181.8282   
      1939:     58170.000000           1          181.8266   
      1940:     58200.000000           1          181.8268   
      1941:     58230.000000           1          181.8263   
      1942:     58260.000000           1          181.8268   
      1943:     58290.000000           1          181.8246   
      1944:     58320.000000           1          181.8206   
      1945:     58350.000000           1          181.8200   
      1946:     58380.000000           1          181.8205   
      1947:     58410.000000           1          181.8217   
      1948:     58440.000000           1          181.8214   
      1949:     58470.000000           1          181.8186   
      1950:     58500.000000           1          181.8200   
      1951:     58530.000000           1          181.8190   
      1952:     58560.000000           1          181.8144   
      1953:     58590.000000           1          181.8149   
      1954:     58620.000000           1          181.8133   
      1955:     58650.000000           1          181.8120   
      1956:     58680.000000           1          181.8062   
      1957:     58710.000000           1          181.8004   
      1958:     58740.000000           1          181.7958   
      1959:     58770.000000           1          181.7932   
      1960:     58800.000000           1          181.7927   
      1961:     58830.000000           1          181.7920   
      1962:     58860.000000           1          181.7890   
      1963:     58890.000000           1          181.7846   
      1964:     58920.000000           1          181.7817   
      1965:     58950.000000           1          181.7797   
      1966:     58980.000000           1          181.7765   
      1967:     59010.000000           1          181.7752   
      1968:     59040.000000           1          181.7704   
      1969:     59070.000000           1          181.7662   
      1970:     59100.000000           1          181.7666   
      1971:     59130.000000           1          181.7630   
      1972:     59160.000000           1          181.7569   
      1973:     59190.000000           1          181.7549   
      1974:     59220.000000           1          181.7555   
      1975:     59250.000000           1          181.7548   
      1976:     59280.000000           1          181.7545   
      1977:     59310.000000           1          181.7551   
      1978:     59340.000000           1          181.7565   
      1979:     59370.000000           1          181.7561   
      1980:     59400.000000           1          181.7558   
      1981:     59430.000000           1          181.7569   
      1982:     59460.000000           1          181.7563   
      1983:     59490.000000           1          181.7571   
      1984:     59520.000000           1          181.7535   
      1985:     59550.000000           1          181.7520   
      1986:     59580.000000           1          181.7470   
      1987:     59610.000000           1          181.7457   
      1988:     59640.000000           1          181.7475   
      1989:     59670.000000           1          181.7467   
      1990:     59700.000000           1          181.7458   
      1991:     59730.000000           1          181.7453   
      1992:     59760.000000           1          181.7424   
      1993:     59790.000000           1          181.7420   
      1994:     59820.000000           1          -87.3365   
      1995:     59850.000000           1          181.7414   
      1996:     59880.000000           1          181.7384   
      1997:     59910.000000           1          181.7340   
      1998:     59940.000000           1          -87.3418   
      1999:     59970.000000           1          -87.3429   
      2000:     60000.000000           1          -87.3440   
      2001:     60030.000000           1          -87.3457   
      2002:     60060.000000           1          -87.3448   
      2003:     60090.000000           1          -87.3423   
      2004:     60120.000000           1          -87.3434   
      2005:     60150.000000           1          -87.3393   
      2006:     60180.000000           1          -87.3387   
      2007:     60210.000000           1          -87.3387   
      2008:     60240.000000           1          -87.3367   
      2009:     60270.000000           1          -87.3365   
      2010:     60300.000000           1          -87.3367   
      2011:     60330.000000           1          -87.3356   
      2012:     60360.000000           1          -87.3303   
      2013:     60390.000000           1          -87.3306   
      2014:     60420.000000           1          -87.3311   
      2015:     60450.000000           1          -87.3341   
      2016:     60480.000000           1            5.5645   
      2017:     60510.000000           1            5.5602   
      2018:     60540.000000           1            5.5590   
      2019:     60570.000000           1            5.5570   
      2020:     60600.000000           1            5.5565   
      2021:     60630.000000           1            5.5551   
      2022:     60660.000000           1          -87.3503   
      2023:     60690.000000           1          -87.3491   
      2024:     60720.000000           1            5.5541   
      2025:     60750.000000           1          -87.3422   
      2026:     60780.000000           1            5.5515   
      2027:     60810.000000           1          -87.3504   
      2028:     60840.000000           1          -87.3522   
      2029:     60870.000000           1            5.5448   
      2030:     60900.000000           1            5.5450   
      2031:     60930.000000           1            5.5456   
      2032:     60960.000000           1            5.5484   
      2033:     60990.000000           1            5.5513   
      2034:     61020.000000           1            5.5525   
      2035:     61050.000000           1          -87.3383   
      2036:     61080.000000           1          -87.3400   
      2037:     61110.000000           1          -87.3397   
      2038:     61140.000000           1            5.5470   
      2039:     61170.000000           1          -87.3485   
      2040:     61200.000000           1          -87.3531   
      2041:     61230.000000           1          -87.3554   
      2042:     61260.000000           1          -87.3552   
      2043:     61290.000000           1          181.7400   
      2044:     61320.000000           1          181.7387   
      2045:     61350.000000           1          181.7379   
      2046:     61380.000000           1          -87.3627   
      2047:     61410.000000           1          181.7472   
      2048:     61440.000000           1          181.7516   
      2049:     61470.000000           1          -87.3462   
      2050:     61500.000000           1          181.7597   
      2051:     61530.000000           1          181.7621   
      2052:     61560.000000           1          -87.3533   
      2053:     61590.000000           1          181.7589   
      2054:     61620.000000           1          -87.3593   
      2055:     61650.000000           1          181.7534   
      2056:     61680.000000           1          181.7544   
      2057:     61710.000000           1          181.7574   
      2058:     61740.000000           1          181.7594   
      2059:     61770.000000           1          181.7595   
      2060:     61800.000000           1          181.7624   
      2061:     61830.000000           1          181.7635   
      2062:     61860.000000           1          -87.3508   
      2063:     61890.000000           1          -87.3490   
      2064:     61920.000000           1          -87.3475   
      2065:     61950.000000           1          -87.3463   
      2066:     61980.000000           1          -87.3446   
      2067:     62010.000000           1          181.7727   
      2068:     62040.000000           1          181.7761   
      2069:     62070.000000           1          -87.3375   
      2070:     62100.000000           1            5.5533   
      2071:     62130.000000           1         -370.5742   
      2072:     62160.000000           1            5.5615   
      2073:     62190.000000           1            5.5639   
      2074:     62220.000000           1            5.5659   
      2075:     62250.000000           1          -87.3261   
      2076:     62280.000000           1            5.5576   
      2077:     62310.000000           1            5.5549   
      2078:     62340.000000           1          -87.3328   
      2079:     62370.000000           1         -370.5727   
      2080:     62400.000000           1            5.5537   
      2081:     62430.000000           1            5.5505   
      2082:     62460.000000           1            5.5504   
      2083:     62490.000000           1            5.5507   
      2084:     62520.000000           1            5.5505   
      2085:     62550.000000           1            5.5461   
      2086:     62580.000000           1            5.5441   
      2087:     62610.000000           1            5.5434   
      2088:     62640.000000           1            5.5436   
      2089:     62670.000000           1            5.5427   
      2090:     62700.000000           1            5.5459   
      2091:     62730.000000           1          -87.3427   
      2092:     62760.000000           1            5.5458   
      2093:     62790.000000           1         -370.5749   
      2094:     62820.000000           1            5.5462   
      2095:     62850.000000           1         -370.5763   
      2096:     62880.000000           1         -370.5780   
      2097:     62910.000000           1         -370.5774   
      2098:     62940.000000           1         -370.5789   
      2099:     62970.000000           1         -370.5761   
      2100:     63000.000000           1         -370.5751   
      2101:     63030.000000           1         -370.5733   
      2102:     63060.000000           1           91.4606   
      2103:     63090.000000           1         -370.5701   
      2104:     63120.000000           1         -370.5656   
      2105:     63150.000000           1         -370.5663   
      2106:     63180.000000           1         -370.5646   
      2107:     63210.000000           1         -370.5633   
      2108:     63240.000000           1         -370.5618   
      2109:     63270.000000           1         -370.5604   
      2110:     63300.000000           1         -370.5596   
      2111:     63330.000000           1         -370.5570   
      2112:     63360.000000           1         -370.5537   
      2113:     63390.000000           1         -370.5532   
      2114:     63420.000000           1            5.5736   
      2115:     63450.000000           1            5.5748   
      2116:     63480.000000           1            5.5768   
      2117:     63510.000000           1            5.5799   
      2118:     63540.000000           1            5.5825   
      2119:     63570.000000           1          -87.3032   
      2120:     63600.000000           1          -87.3020   
      2121:     63630.000000           1            5.5893   
      2122:     63660.000000           1            5.5933   
      2123:     63690.000000           1            5.5973   
      2124:     63720.000000           1            5.5950   
      2125:     63750.000000           1            5.5958   
      2126:     63780.000000           1            5.5964   
      2127:     63810.000000           1            5.5957   
      2128:     63840.000000           1            5.5949   
      2129:     63870.000000           1            5.5931   
      2130:     63900.000000           1            5.5926   
      2131:     63930.000000           1            5.5901   
      2132:     63960.000000           1            5.5901   
      2133:     63990.000000           1            5.5894   
      2134:     64020.000000           1            5.5879   
      2135:     64050.000000           1            5.5898   
      2136:     64080.000000           1            5.5900   
      2137:     64110.000000           1            5.5910   
      2138:     64140.000000           1            5.5920   
      2139:     64170.000000           1            5.5920   
      2140:     64200.000000           1            5.5947   
      2141:     64230.000000           1            5.5963   
      2142:     64260.000000           1            5.5996   
      2143:     64290.000000           1         -370.5288   
      2144:     64320.000000           1            5.6047   
      2145:     64350.000000           1            5.6039   
      2146:     64380.000000           1          -87.2937   
      2147:     64410.000000           1            5.5996   
      2148:     64440.000000           1          -87.2977   
      2149:     64470.000000           1          -87.2972   
      2150:     64500.000000           1          -87.2955   
