         0:         0.000000           1          -97.0746   
         1:        30.000000           1          -96.1089   
         2:        60.000000           1          -99.1899   
         3:        90.000000           1          -96.1223   
         4:       120.000000           1          -96.0447   
         5:       150.000000           1          -92.8751   
         6:       180.000000           1          -91.1536   
         7:       210.000000           1          -87.7766   
         8:       240.000000           1          -87.2809   
         9:       270.000000           1          -87.5220   
        10:       300.000000           1          -87.3315   
        11:       330.000000           1          -87.2339   
        12:       360.000000           1          -87.2663   
        13:       390.000000           1          -88.0363   
        14:       420.000000           1          -87.6000   
        15:       450.000000           1          -86.8569   
        16:       480.000000           1          -86.8398   
        17:       510.000000           1          -87.0588   
        18:       540.000000           1          -86.6099   
        19:       570.000000           1          -87.4882   
        20:       600.000000           1          -87.6187   
        21:       630.000000           1          -87.5925   
        22:       660.000000           1          -87.2912   
        23:       690.000000           1          -87.5737   
        24:       720.000000           1          -87.3327   
        25:       750.000000           1          -87.4849   
        26:       780.000000           1          -87.2205   
        27:       810.000000           1          -87.4060   
        28:       840.000000           1          -87.5195   
        29:       870.000000           1          -87.6927   
        30:       900.000000           1          -87.4493   
        31:       930.000000           1          -87.4127   
        32:       960.000000           1          -87.4222   
        33:       990.000000           1          -87.3996   
        34:      1020.000000           1          -87.5336   
        35:      1050.000000           1          -87.6248   
        36:      1080.000000           1          -87.8358   
        37:      1110.000000           1           52.6312   
        38:      1140.000000           1          -87.6595   
        39:      1170.000000           1          -87.6052   
        40:      1200.000000           1          -87.6006   
        41:      1230.000000           1          -87.1186   
        42:      1260.000000           1          -87.0125   
        43:      1290.000000           1          -87.0423   
        44:      1320.000000           1          -87.0472   
        45:      1350.000000           1          348.4558   
        46:      1380.000000           1          -87.0871   
        47:      1410.000000           1          -87.1535   
        48:      1440.000000           1          348.1617   
        49:      1470.000000           1          -87.0192   
        50:      1500.000000           1          -87.1819   
        51:      1530.000000           1          -87.1832   
        52:      1560.000000           1          -87.1365   
        53:      1590.000000           1          -87.0185   
        54:      1620.000000           1          -86.9381   
        55:      1650.000000           1          -86.9720   
        56:      1680.000000           1          -87.0919   
        57:      1710.000000           1          -87.0581   
        58:      1740.000000           1          -87.1760   
        59:      1770.000000           1          -87.0886   
        60:      1800.000000           1          -87.1550   
        61:      1830.000000           1          -87.2351   
        62:      1860.000000           1          -87.2403   
        63:      1890.000000           1          -87.3113   
        64:      1920.000000           1          -87.4147   
        65:      1950.000000           1          -87.4045   
        66:      1980.000000           1          -87.4921   
        67:      2010.000000           1          -87.5670   
        68:      2040.000000           1          -87.6037   
        69:      2070.000000           1          -87.7149   
        70:      2100.000000           1          -87.7115   
        71:      2130.000000           1          -87.7720   
        72:      2160.000000           1          -87.8248   
        73:      2190.000000           1          -87.8934   
        74:      2220.000000           1          -88.0296   
        75:      2250.000000           1          -88.0359   
        76:      2280.000000           1          -88.1029   
        77:      2310.000000           1          -88.0950   
        78:      2340.000000           1          -88.1917   
        79:      2370.000000           1          -88.2555   
        80:      2400.000000           1          347.8562   
        81:      2430.000000           1          347.8838   
        82:      2460.000000           1          347.9008   
        83:      2490.000000           1          347.8763   
        84:      2520.000000           1          347.9139   
        85:      2550.000000           1          348.0527   
        86:      2580.000000           1          348.1152   
        87:      2610.000000           1          348.2002   
        88:      2640.000000           1          348.1583   
        89:      2670.000000           1          348.2335   
        90:      2700.000000           1          348.2095   
        91:      2730.000000           1          348.2340   
        92:      2760.000000           1          348.2399   
        93:      2790.000000           1          348.2537   
        94:      2820.000000           1          348.1832   
        95:      2850.000000           1          348.2454   
        96:      2880.000000           1          348.2298   
        97:      2910.000000           1          348.2263   
        98:      2940.000000           1          348.2235   
        99:      2970.000000           1          348.2203   
       100:      3000.000000           1          348.1196   
       101:      3030.000000           1          348.0853   
       102:      3060.000000           1          348.0979   
       103:      3090.000000           1          348.0750   
       104:      3120.000000           1          348.0911   
       105:      3150.000000           1          348.1347   
       106:      3180.000000           1          348.1174   
      1407:     42210.000000           1          -76.8547   
      1408:     42240.000000           1          -76.8555   
      1409:     42270.000000           1          -76.8606   
      1410:     42300.000000           1          -76.8626   
      1411:     42330.000000           1          -76.8606   
      1413:     42390.000000           1          -76.8704   
      1415:     42450.000000           1          -76.8746   
      1416:     42480.000000           1          -76.8765   
      1417:     42510.000000           1          -76.8794   
      1418:     42540.000000           1          -76.8777   
      1419:     42570.000000           1          -76.8765   
      1420:     42600.000000           1          -76.8760   
      1421:     42630.000000           1          -76.8722   
      1422:     42660.000000           1          -76.8671   
      1423:     42690.000000           1          -76.8651   
      1424:     42720.000000           1          -76.8667   
      1425:     42750.000000           1          -76.8611   
      1426:     42780.000000           1          -76.8517   
      1427:     42810.000000           1          -76.8479   
      1428:     42840.000000           1          -76.8467   
      1429:     42870.000000           1          -76.8466   
      1430:     42900.000000           1          -76.8467   
      1431:     42930.000000           1          -76.8432   
      1432:     42960.000000           1          -76.8439   
      1433:     42990.000000           1          -76.8453   
      1434:     43020.000000           1          -76.8426   
      1435:     43050.000000           1          -76.8441   
      1436:     43080.000000           1          -76.8437   
      1437:     43110.000000           1          -76.8408   
      1438:     43140.000000           1           42.6682   
      1439:     43170.000000           1           42.7707   
      1440:     43200.000000           1           42.8100   
      1441:     43230.000000           1           42.8507   
      1442:     43260.000000           1           42.8608   
      1443:     43290.000000           1           42.8570   
      1444:     43320.000000           1           42.8523   
      1445:     43350.000000           1          -76.8588   
      1446:     43380.000000           1          -76.8518   
      1447:     43410.000000           1          -76.8380   
      1448:     43440.000000           1          -76.8382   
      1449:     43470.000000           1          -76.8341   
      1450:     43500.000000           1          -76.8358   
      1451:     43530.000000           1          -76.8242   
      1452:     43560.000000           1          -76.8105   
      1453:     43590.000000           1          -76.8024   
      1454:     43620.000000           1          -76.8010   
      1455:     43650.000000           1          -76.7972   
      1456:     43680.000000           1          -76.7998   
      1457:     43710.000000           1          -76.8004   
      1458:     43740.000000           1         -249.1623   
      1459:     43770.000000           1          -76.6037   
      1460:     43800.000000           1          -76.6454   
      1461:     43830.000000           1          -76.5921   
      1462:     43860.000000           1          -76.6002   
      1463:     43890.000000           1          -76.5976   
      1464:     43920.000000           1          -76.5793   
      1465:     43950.000000           1          -76.5750   
      1466:     43980.000000           1          -76.5621   
      1467:     44010.000000           1          -76.5379   
      1468:     44040.000000           1          -76.5399   
      1469:     44070.000000           1          -76.5433   
      1470:     44100.000000           1          -76.5381   
      1471:     44130.000000           1          -76.5247   
      1472:     44160.000000           1           42.8394   
      1473:     44190.000000           1           42.8362   
      1474:     44220.000000           1           42.8304   
      1475:     44250.000000           1           42.8277   
      1476:     44280.000000           1           42.8273   
      1477:     44310.000000           1           42.8291   
      1478:     44340.000000           1           42.8322   
      1479:     44370.000000           1           42.8346   
      1480:     44400.000000           1           42.8359   
      1481:     44430.000000           1           42.8322   
      1482:     44460.000000           1           42.8261   
      1483:     44490.000000           1           42.8252   
      1484:     44520.000000           1           42.8142   
      1485:     44550.000000           1           42.8117   
      1486:     44580.000000           1           42.7984   
      1487:     44610.000000           1           42.7979   
      1488:     44640.000000           1           42.7996   
      1489:     44670.000000           1           42.8018   
      1490:     44700.000000           1           42.8025   
      1491:     44730.000000           1           42.7938   
      1492:     44760.000000           1           42.7897   
      1493:     44790.000000           1           42.8013   
      1494:     44820.000000           1           42.8075   
      1495:     44850.000000           1           42.8128   
      1496:     44880.000000           1           42.8131   
      1497:     44910.000000           1           42.8167   
      1498:     44940.000000           1           42.8225   
      1499:     44970.000000           1           42.8182   
      1500:     45000.000000           1           42.8237   
      1501:     45030.000000           1           42.8138   
      1502:     45060.000000           1           42.8037   
      1503:     45090.000000           1           42.7923   
      1504:     45120.000000           1           42.7814   
      1505:     45150.000000           1           42.7711   
      1506:     45180.000000           1           42.7621   
      1507:     45210.000000           1           42.7581   
      1508:     45240.000000           1           42.7461   
      1509:     45270.000000           1           42.7475   
      1510:     45300.000000           1           42.7378   
      1511:     45330.000000           1           42.7322   
      1512:     45360.000000           1         -328.7710   
      1513:     45390.000000           1           42.6674   
      1514:     45420.000000           1           42.7029   
      1515:     45450.000000           1           42.7028   
      1516:     45480.000000           1           42.7051   
      1517:     45510.000000           1           42.7030   
      1518:     45540.000000           1           42.7082   
      1519:     45570.000000           1           42.6975   
      1520:     45600.000000           1           42.6967   
      1521:     45630.000000           1           42.7036   
      1522:     45660.000000           1           42.7132   
      1523:     45690.000000           1           42.7229   
      1524:     45720.000000           1           42.7244   
      1525:     45750.000000           1           42.7383   
      1526:     45780.000000           1           42.7413   
      1527:     45810.000000           1         -328.8157   
      1528:     45840.000000           1           42.7821   
      1529:     45870.000000           1         -328.8414   
      1530:     45900.000000           1           42.7913   
      1531:     45930.000000           1           42.8001   
      1532:     45960.000000           1           42.8114   
      1533:     45990.000000           1           42.8105   
      1534:     46020.000000           1           42.8099   
      1535:     46050.000000           1           42.8071   
      1536:     46080.000000           1           42.8029   
      1537:     46110.000000           1         -328.8426   
      1538:     46140.000000           1           42.8077   
      1539:     46170.000000           1           42.8081   
      1540:     46200.000000           1           42.8103   
      1541:     46230.000000           1           42.8115   
      1542:     46260.000000           1           42.8150   
      1543:     46290.000000           1           42.8116   
      1544:     46320.000000           1           42.8131   
      1545:     46350.000000           1         -328.8414   
      1546:     46380.000000           1           42.7960   
      1547:     46410.000000           1           42.7898   
      1548:     46440.000000           1           42.7808   
      1549:     46470.000000           1           42.7756   
      1550:     46500.000000           1           42.7714   
      1551:     46530.000000           1           42.7662   
      1552:     46560.000000           1           42.7558   
      1553:     46590.000000           1           42.7504   
      1554:     46620.000000           1           42.7431   
      1555:     46650.000000           1           42.7377   
      1556:     46680.000000           1           42.7286   
      1557:     46710.000000           1           42.7273   
      1558:     46740.000000           1           42.7240   
      1559:     46770.000000           1           42.7220   
      1560:     46800.000000           1         -328.9284   
      1561:     46830.000000           1           42.6838   
      1562:     46860.000000           1           42.6839   
      1563:     46890.000000           1           42.6751   
      1564:     46920.000000           1           42.6695   
      1565:     46950.000000           1           42.6621   
      1566:     46980.000000           1           42.6565   
      1567:     47010.000000           1           42.6543   
      1568:     47040.000000           1           42.6491   
      1569:     47070.000000           1           42.6487   
      1570:     47100.000000           1           42.6457   
      1571:     47130.000000           1           42.6434   
      1572:     47160.000000           1           42.6438   
      1573:     47190.000000           1           42.6415   
      1574:     47220.000000           1         -328.9758   
      1575:     47250.000000           1           42.6463   
      1576:     47280.000000           1           42.6385   
      1577:     47310.000000           1           42.6389   
      1578:     47340.000000           1           42.6372   
      1579:     47370.000000           1           42.6346   
      1580:     47400.000000           1           42.6328   
      1581:     47430.000000           1         -329.0000   
      1582:     47460.000000           1         -329.0068   
      1583:     47490.000000           1         -329.0136   
      1584:     47520.000000           1         -329.0185   
      1585:     47550.000000           1         -329.0281   
      1586:     47580.000000           1         -329.0339   
      1587:     47610.000000           1         -329.0370   
      1588:     47640.000000           1         -329.0435   
      1589:     47670.000000           1         -329.0484   
      1590:     47700.000000           1         -329.0489   
      1591:     47730.000000           1         -329.0543   
      1592:     47760.000000           1         -329.0574   
      1593:     47790.000000           1         -329.0578   
      1594:     47820.000000           1         -329.0553   
      1595:     47850.000000           1         -329.0540   
      1596:     47880.000000           1         -329.0540   
      1597:     47910.000000           1         -329.0553   
      1598:     47940.000000           1         -329.0515   
      1599:     47970.000000           1         -329.0517   
      1600:     48000.000000           1         -329.0493   
      1601:     48030.000000           1         -329.0464   
      1602:     48060.000000           1           42.5781   
      1603:     48090.000000           1         -329.0405   
      1604:     48120.000000           1         -329.0411   
      1605:     48150.000000           1         -329.0399   
      1606:     48180.000000           1         -329.0450   
      1607:     48210.000000           1         -329.0520   
      1608:     48240.000000           1           42.5633   
      1609:     48270.000000           1           42.5631   
      1610:     48300.000000           1           42.5632   
      1611:     48330.000000           1           42.5611   
      1612:     48360.000000           1         -329.0623   
      1613:     48390.000000           1         -329.0634   
      1614:     48420.000000           1         -329.0601   
      1615:     48450.000000           1         -329.0641   
      1616:     48480.000000           1         -329.0698   
      1617:     48510.000000           1         -329.0726   
      1618:     48540.000000           1         -329.0740   
      1619:     48570.000000           1         -329.0745   
      1620:     48600.000000           1         -329.0779   
      1621:     48630.000000           1         -329.0764   
      1622:     48660.000000           1         -329.0751   
      1623:     48690.000000           1         -329.0781   
      1624:     48720.000000           1         -329.0794   
      1625:     48750.000000           1         -329.0809   
      1626:     48780.000000           1         -329.0856   
      1627:     48810.000000           1         -329.0878   
      1628:     48840.000000           1         -329.0881   
      1629:     48870.000000           1         -329.0853   
      1630:     48900.000000           1         -329.0830   
      1631:     48930.000000           1         -329.0814   
      1632:     48960.000000           1         -329.0780   
      1633:     48990.000000           1         -329.0751   
      1634:     49020.000000           1         -329.0777   
      1635:     49050.000000           1         -329.0838   
      1636:     49080.000000           1         -329.0858   
      1637:     49110.000000           1         -329.0879   
      1638:     49140.000000           1         -329.0872   
      1639:     49170.000000           1         -329.0879   
      1640:     49200.000000           1           42.5341   
      1641:     49230.000000           1           42.5325   
      1642:     49260.000000           1           42.5355   
      1643:     49290.000000           1           42.5346   
      1644:     49320.000000           1           42.5353   
      1645:     49350.000000           1           42.5336   
      1646:     49380.000000           1           42.5313   
      1647:     49410.000000           1           42.5277   
      1648:     49440.000000           1           42.5227   
      1649:     49470.000000           1           42.5185   
      1650:     49500.000000           1           42.5187   
      1651:     49530.000000           1           42.5193   
      1652:     49560.000000           1           42.5170   
      1653:     49590.000000           1           42.5135   
      1654:     49620.000000           1           42.5099   
      1655:     49650.000000           1           42.5076   
      1656:     49680.000000           1           42.5047   
      1657:     49710.000000           1           42.5044   
      1658:     49740.000000           1           42.5023   
      1659:     49770.000000           1           42.5018   
      1660:     49800.000000           1           42.5040   
      1661:     49830.000000           1           42.5028   
      1662:     49860.000000           1           42.5032   
      1663:     49890.000000           1           42.5035   
      1664:     49920.000000           1           42.5011   
      1665:     49950.000000           1           42.4950   
      1666:     49980.000000           1           42.4912   
      1667:     50010.000000           1           42.4883   
      1668:     50040.000000           1           42.4873   
      1669:     50070.000000           1           42.4886   
      1670:     50100.000000           1           42.4905   
      1671:     50130.000000           1           42.4957   
      1672:     50160.000000           1           42.5002   
      1673:     50190.000000           1           42.5043   
      1674:     50220.000000           1           42.5027   
      1675:     50250.000000           1           42.5050   
      1676:     50280.000000           1           42.5020   
      1677:     50310.000000           1           42.5067   
      1678:     50340.000000           1           42.5038   
      1679:     50370.000000           1           42.5033   
      1680:     50400.000000           1           42.5128   
      1681:     50430.000000           1           42.5142   
      1682:     50460.000000           1           42.5170   
      1683:     50490.000000           1           42.5187   
      1684:     50520.000000           1           42.5174   
      1685:     50550.000000           1           42.5141   
      1686:     50580.000000           1           42.5184   
      1687:     50610.000000           1           42.5170   
      1688:     50640.000000           1           42.5122   
      1689:     50670.000000           1           42.5104   
      1690:     50700.000000           1           42.5142   
      1691:     50730.000000           1           42.5181   
      1692:     50760.000000           1           42.5171   
      1693:     50790.000000           1           42.5157   
      1694:     50820.000000           1           42.5164   
      1695:     50850.000000           1           42.5165   
      1696:     50880.000000           1           42.5166   
      1697:     50910.000000           1         -329.0752   
      1698:     50940.000000           1           42.5173   
      1699:     50970.000000           1           42.5191   
      1700:     51000.000000           1           42.5195   
      1701:     51030.000000           1           42.5190   
      1702:     51060.000000           1           42.5183   
      1703:     51090.000000           1           42.5144   
      1704:     51120.000000           1           42.5146   
      1705:     51150.000000           1           42.5143   
      1706:     51180.000000           1           42.5191   
      1707:     51210.000000           1           42.5215   
      1708:     51240.000000           1           42.5202   
      1709:     51270.000000           1           42.5232   
      1710:     51300.000000           1           42.5247   
      1711:     51330.000000           1           42.5238   
      1712:     51360.000000           1           42.5226   
      1713:     51390.000000           1           42.5229   
      1714:     51420.000000           1           42.5241   
      1715:     51450.000000           1           42.5231   
      1716:     51480.000000           1           42.5215   
      1717:     51510.000000           1           42.5201   
      1718:     51540.000000           1           42.5234   
      1719:     51570.000000           1           42.5256   
      1720:     51600.000000           1           42.5270   
      1721:     51630.000000           1           42.5312   
      1722:     51660.000000           1           42.5318   
      1723:     51690.000000           1           42.5399   
      1724:     51720.000000           1           42.5447   
      1725:     51750.000000           1           42.5425   
      1726:     51780.000000           1           42.5390   
      1727:     51810.000000           1           42.5359   
      1728:     51840.000000           1           42.5339   
      1729:     51870.000000           1           42.5375   
      1730:     51900.000000           1           42.5384   
      1731:     51930.000000           1           42.5399   
      1732:     51960.000000           1           42.5387   
      1733:     51990.000000           1           42.5402   
      1734:     52020.000000           1           42.5389   
      1735:     52050.000000           1           42.5366   
      1736:     52080.000000           1           42.5364   
      1737:     52110.000000           1           42.5377   
      1738:     52140.000000           1           42.5370   
      1739:     52170.000000           1           42.5375   
      1740:     52200.000000           1           42.5364   
      1741:     52230.000000           1           42.5355   
      1742:     52260.000000           1           42.5325   
      1743:     52290.000000           1           42.5320   
      1744:     52320.000000           1           42.5333   
      1745:     52350.000000           1           42.5314   
      1746:     52380.000000           1           42.5254   
      1747:     52410.000000           1           42.5280   
      1748:     52440.000000           1           42.5296   
      1749:     52470.000000           1           42.5289   
      1750:     52500.000000           1           42.5330   
      1751:     52530.000000           1           42.5373   
      1752:     52560.000000           1           42.5377   
      1753:     52590.000000           1           42.5396   
      1754:     52620.000000           1           42.5405   
      1755:     52650.000000           1           42.5425   
      1756:     52680.000000           1           42.5441   
      1757:     52710.000000           1           42.5427   
      1758:     52740.000000           1           42.5388   
      1759:     52770.000000           1           42.5368   
      1760:     52800.000000           1           42.5360   
      1761:     52830.000000           1           42.5374   
      1762:     52860.000000           1           42.5416   
      1763:     52890.000000           1           42.5420   
      1764:     52920.000000           1           42.5382   
      1765:     52950.000000           1           42.5402   
      1766:     52980.000000           1           42.5406   
      1767:     53010.000000           1           42.5390   
      1768:     53040.000000           1           42.5329   
      1769:     53070.000000           1           42.5269   
      1770:     53100.000000           1           42.5251   
      1771:     53130.000000           1           42.5253   
      1772:     53160.000000           1           42.5257   
      1773:     53190.000000           1           42.5263   
      1774:     53220.000000           1         -329.1021   
      1775:     53250.000000           1           42.5704   
      1776:     53280.000000           1           42.6027   
      1777:     53310.000000           1           42.5779   
      1778:     53340.000000           1         -249.5266   
      1779:     53370.000000           1         -329.1138   
      1780:     53400.000000           1         -329.1158   
      1781:     53430.000000           1         -329.1166   
      1782:     53460.000000           1         -329.1161   
      1783:     53490.000000           1         -329.1168   
      1784:     53520.000000           1         -329.1187   
      1785:     53550.000000           1         -329.1219   
      1786:     53580.000000           1         -329.1256   
      1787:     53610.000000           1         -329.1253   
      1788:     53640.000000           1         -329.1244   
      1789:     53670.000000           1         -329.1238   
      1790:     53700.000000           1         -329.1214   
      1791:     53730.000000           1         -329.1207   
      1792:     53760.000000           1         -329.1195   
      1793:     53790.000000           1         -329.1151   
      1794:     53820.000000           1         -329.1126   
      1795:     53850.000000           1         -329.1166   
      1796:     53880.000000           1         -329.1160   
      1797:     53910.000000           1         -329.1196   
      1798:     53940.000000           1         -329.1229   
      1799:     53970.000000           1         -329.1258   
      1800:     54000.000000           1         -329.1298   
      1801:     54030.000000           1           42.5340   
      1802:     54060.000000           1         -329.1453   
      1803:     54090.000000           1           42.5071   
      1804:     54120.000000           1           42.5032   
      1805:     54150.000000           1           42.5051   
      1806:     54180.000000           1         -329.1417   
      1807:     54210.000000           1           42.4983   
      1808:     54240.000000           1           42.4907   
      1809:     54270.000000           1           42.4838   
      1810:     54300.000000           1         -329.1408   
      1811:     54330.000000           1         -329.1414   
      1812:     54360.000000           1         -329.1411   
      1813:     54390.000000           1         -329.1414   
      1814:     54420.000000           1         -329.1494   
      1815:     54450.000000           1         -329.1565   
      1816:     54480.000000           1         -329.1600   
      1817:     54510.000000           1         -329.1644   
      1818:     54540.000000           1         -329.1703   
      1819:     54570.000000           1         -329.1706   
      1820:     54600.000000           1         -329.1706   
      1821:     54630.000000           1         -329.1689   
      1822:     54660.000000           1         -329.1662   
      1823:     54690.000000           1          -13.7888   
      1824:     54720.000000           1          -13.7885   
      1825:     54750.000000           1          -13.7878   
      1826:     54780.000000           1          -13.7912   
      1827:     54810.000000           1          -13.7938   
      1828:     54840.000000           1          -13.7949   
      1829:     54870.000000           1          -13.8006   
      1830:     54900.000000           1         -329.1820   
      1831:     54930.000000           1         -329.1816   
      1832:     54960.000000           1         -329.1829   
      1833:     54990.000000           1         -329.1840   
      1834:     55020.000000           1         -329.1802   
      1835:     55050.000000           1         -329.1820   
      1836:     55080.000000           1         -329.1813   
      1837:     55110.000000           1         -329.1796   
      1838:     55140.000000           1         -329.1806   
      1839:     55170.000000           1         -329.1824   
      1840:     55200.000000           1         -329.1865   
      1841:     55230.000000           1         -329.1912   
      1842:     55260.000000           1         -329.1955   
      1843:     55290.000000           1         -329.1963   
      1844:     55320.000000           1         -329.1988   
      1845:     55350.000000           1         -329.2019   
      1846:     55380.000000           1         -329.2065   
      1847:     55410.000000           1         -329.2166   
      1848:     55440.000000           1         -329.2184   
      1849:     55470.000000           1         -329.2181   
      1850:     55500.000000           1         -329.2177   
      1851:     55530.000000           1         -329.2200   
      1852:     55560.000000           1         -329.2227   
      1853:     55590.000000           1         -329.2249   
      1854:     55620.000000           1         -329.2291   
      1855:     55650.000000           1         -329.2302   
      1856:     55680.000000           1         -329.2351   
      1857:     55710.000000           1         -329.2384   
      1858:     55740.000000           1         -329.2380   
      1859:     55770.000000           1          -13.8547   
      1860:     55800.000000           1         -329.2389   
      1861:     55830.000000           1         -329.2429   
      1862:     55860.000000           1         -329.2450   
      1863:     55890.000000           1         -329.2441   
      1864:     55920.000000           1         -329.2443   
      1865:     55950.000000           1         -329.2458   
      1866:     55980.000000           1         -329.2485   
      2287:     68610.000000           1          -18.4108   
      2288:     68640.000000           1          -18.4064   
      2289:     68670.000000           1          -18.4067   
      2290:     68700.000000           1          -18.4088   
      2291:     68730.000000           1          -18.4124   
      2292:     68760.000000           1          -18.4128   
      2293:     68790.000000           1          -18.4122   
      2294:     68820.000000           1          -18.4112   
      2295:     68850.000000           1          -18.4088   
      2296:     68880.000000           1          -18.4077   
      2297:     68910.000000           1          -18.4056   
      2298:     68940.000000           1          -18.4056   
      2299:     68970.000000           1          -18.4046   
      2300:     69000.000000           1          -18.4027   
      2301:     69030.000000           1          -18.3986   
      2302:     69060.000000           1          -18.3949   
      2303:     69090.000000           1          -18.3907   
      2304:     69120.000000           1          -18.3902   
      2305:     69150.000000           1          -18.3931   
      2306:     69180.000000           1          -18.3971   
      2307:     69210.000000           1          -18.3992   
      2308:     69240.000000           1          -18.3991   
      2309:     69270.000000           1          -18.3993   
      2310:     69300.000000           1          -18.3996   
      2311:     69330.000000           1          -18.3988   
      2312:     69360.000000           1          -18.3986   
      2313:     69390.000000           1          -18.3986   
      2314:     69420.000000           1          -18.3999   
      2315:     69450.000000           1          -18.4026   
      2316:     69480.000000           1          -18.4037   
      2317:     69510.000000           1          -18.4022   
      2318:     69540.000000           1          -18.4017   
      2319:     69570.000000           1          -18.4028   
      2320:     69600.000000           1          -18.4028   
      2321:     69630.000000           1           15.8447   
      2322:     69660.000000           1           15.9028   
      2323:     69690.000000           1           15.8960   
      2324:     69720.000000           1           15.8426   
      2325:     69750.000000           1           15.8583   
      2326:     69780.000000           1           15.8707   
      2327:     69810.000000           1           15.8714   
      2328:     69840.000000           1           15.8932   
      2329:     69870.000000           1           15.8799   
      2330:     69900.000000           1           15.8592   
      2331:     69930.000000           1           15.8356   
      2332:     69960.000000           1           15.8269   
      2333:     69990.000000           1           15.8170   
      2334:     70020.000000           1           15.8012   
      2335:     70050.000000           1           15.8032   
      2336:     70080.000000           1           15.7868   
      2337:     70110.000000           1           15.7823   
      2338:     70140.000000           1          -18.3943   
      2339:     70170.000000           1           15.6896   
      2340:     70200.000000           1           15.7117   
      2341:     70230.000000           1           15.7328   
      2342:     70260.000000           1           15.7606   
      2343:     70290.000000           1           15.7476   
      2344:     70320.000000           1           15.7853   
      2345:     70350.000000           1           15.8351   
      2346:     70380.000000           1           15.8295   
      2347:     70410.000000           1           15.8372   
      2348:     70440.000000           1           15.8493   
      2349:     70470.000000           1           15.8361   
      2350:     70500.000000           1           15.8365   
      2351:     70530.000000           1           15.8365   
      2352:     70560.000000           1          -18.4047   
      2353:     70590.000000           1          -18.4046   
      2354:     70620.000000           1          -18.4031   
      2355:     70650.000000           1          -18.4013   
      2356:     70680.000000           1          -18.3986   
      2357:     70710.000000           1          -18.3974   
      2358:     70740.000000           1          -18.3961   
      2359:     70770.000000           1          -18.3958   
      2360:     70800.000000           1          -18.3972   
      2361:     70830.000000           1          -18.3981   
      2362:     70860.000000           1          -18.4026   
      2363:     70890.000000           1          -18.4034   
      2364:     70920.000000           1          -18.4050   
      2365:     70950.000000           1          -18.4052   
      2366:     70980.000000           1          -18.4061   
      2367:     71010.000000           1          -18.4045   
      2368:     71040.000000           1          -18.4074   
      2369:     71070.000000           1          -18.4087   
      2370:     71100.000000           1          -18.4106   
      2371:     71130.000000           1          -18.4106   
      2372:     71160.000000           1          -18.4090   
      2373:     71190.000000           1          -18.4068   
      2374:     71220.000000           1          -18.4051   
      2375:     71250.000000           1          -18.4024   
      2376:     71280.000000           1          -18.4000   
      2377:     71310.000000           1          -18.3999   
      2378:     71340.000000           1          -18.3980   
      2379:     71370.000000           1          -18.3960   
      2380:     71400.000000           1          -18.3977   
      2381:     71430.000000           1          -18.3989   
      2382:     71460.000000           1          -18.4014   
      2383:     71490.000000           1          -18.4024   
      2384:     71520.000000           1          -18.4026   
      2385:     71550.000000           1          -18.4033   
      2386:     71580.000000           1          -18.4053   
      2387:     71610.000000           1          -18.4038   
      2388:     71640.000000           1          -18.4045   
      2389:     71670.000000           1          -18.4019   
      2390:     71700.000000           1          -18.4014   
      2391:     71730.000000           1          -18.4019   
      2392:     71760.000000           1          -18.4001   
      2393:     71790.000000           1          -18.3973   
      2394:     71820.000000           1          -18.3944   
      2395:     71850.000000           1          -18.3916   
      2396:     71880.000000           1          -18.3883   
      2397:     71910.000000           1          -18.3880   
      2398:     71940.000000           1          -18.3886   
      2399:     71970.000000           1          -18.3883   
      2400:     72000.000000           1          -18.3899   
      2401:     72030.000000           1          -18.3896   
      2402:     72060.000000           1          -18.3909   
      2403:     72090.000000           1          -18.3920   
      2404:     72120.000000           1          -18.3930   
      2405:     72150.000000           1          -18.3948   
      2406:     72180.000000           1          -18.3946   
      2407:     72210.000000           1          -18.3957   
      2408:     72240.000000           1          -18.3973   
      2409:     72270.000000           1          -18.3973   
      2410:     72300.000000           1          -18.3982   
      2411:     72330.000000           1          -18.3958   
      2412:     72360.000000           1          -18.3957   
      2413:     72390.000000           1          -18.3951   
      2414:     72420.000000           1          -18.3953   
      2415:     72450.000000           1          -18.3934   
      2416:     72480.000000           1          -18.3926   
      2417:     72510.000000           1          -18.3939   
      2418:     72540.000000           1          -18.3945   
      2419:     72570.000000           1          -18.3991   
      2420:     72600.000000           1          -18.4011   
      2421:     72630.000000           1          -18.4021   
      2422:     72660.000000           1           15.8748   
      2423:     72690.000000           1           15.8760   
      2424:     72720.000000           1           15.8759   
      2425:     72750.000000           1           15.8752   
      2426:     72780.000000           1           15.8729   
      2427:     72810.000000           1           15.8727   
      2428:     72840.000000           1           15.8678   
      2429:     72870.000000           1           15.8642   
      2430:     72900.000000           1           15.8617   
      2431:     72930.000000           1           15.8578   
      2432:     72960.000000           1           15.8573   
      2433:     72990.000000           1           15.8586   
      2434:     73020.000000           1           15.8528   
      2435:     73050.000000           1           15.8354   
      2436:     73080.000000           1           15.8349   
      2437:     73110.000000           1           15.8331   
      2438:     73140.000000           1           15.8352   
      2439:     73170.000000           1           15.8344   
      2440:     73200.000000           1           15.8345   
      2441:     73230.000000           1           15.8364   
      2442:     73260.000000           1           15.8371   
      2443:     73290.000000           1           15.8400   
      2444:     73320.000000           1           15.8392   
      2445:     73350.000000           1           15.8381   
      2446:     73380.000000           1           15.8373   
      2447:     73410.000000           1           15.8361   
      2448:     73440.000000           1           15.8348   
      2449:     73470.000000           1           15.8357   
      2450:     73500.000000           1           15.8382   
      2451:     73530.000000           1           15.8440   
      2452:     73560.000000           1           15.8432   
      2453:     73590.000000           1           15.8410   
      2454:     73620.000000           1           15.8401   
      2455:     73650.000000           1           15.8409   
      2456:     73680.000000           1           15.8419   
      2457:     73710.000000           1           15.8417   
      2458:     73740.000000           1           15.8413   
      2459:     73770.000000           1           15.8376   
      2460:     73800.000000           1           15.8371   
      2461:     73830.000000           1           15.8354   
      2462:     73860.000000           1           15.8291   
      2463:     73890.000000           1           15.8266   
      2464:     73920.000000           1           15.8216   
      2465:     73950.000000           1           15.8172   
      2466:     73980.000000           1           15.8147   
      2467:     74010.000000           1           15.8142   
      2468:     74040.000000           1           15.8170   
      2469:     74070.000000           1           15.8195   
      2470:     74100.000000           1           15.8207   
      2471:     74130.000000           1           15.8205   
      2472:     74160.000000           1           15.8205   
      2473:     74190.000000           1           15.8193   
      2474:     74220.000000           1           15.8196   
      2475:     74250.000000           1           15.8225   
      2476:     74280.000000           1           15.8220   
      2477:     74310.000000           1           15.8240   
      2478:     74340.000000           1           15.8216   
      2479:     74370.000000           1           15.8213   
      2480:     74400.000000           1           15.8159   
      2481:     74430.000000           1           15.8128   
      2482:     74460.000000           1           15.8098   
      2483:     74490.000000           1           15.8110   
      2484:     74520.000000           1           15.8118   
      2485:     74550.000000           1           15.8145   
      2486:     74580.000000           1           15.8124   
      2487:     74610.000000           1           15.8105   
      2488:     74640.000000           1           15.8060   
      2489:     74670.000000           1           15.8046   
      2490:     74700.000000           1           15.8029   
      2491:     74730.000000           1           15.8033   
      2492:     74760.000000           1           15.8021   
      2493:     74790.000000           1           15.8001   
      2494:     74820.000000           1           15.7996   
      2495:     74850.000000           1           15.8004   
      2496:     74880.000000           1           15.8007   
      2497:     74910.000000           1           15.7987   
      2498:     74940.000000           1           15.7964   
      2499:     74970.000000           1           15.7975   
      2500:     75000.000000           1           15.7984   
      2501:     75030.000000           1           15.7973   
      2502:     75060.000000           1           15.7973   
      2503:     75090.000000           1           15.7963   
      2504:     75120.000000           1           15.7932   
      2505:     75150.000000           1           15.7937   
      2506:     75180.000000           1           15.7931   
      2507:     75210.000000           1           15.7928   
      2508:     75240.000000           1           15.7960   
      2509:     75270.000000           1           15.7960   
      2510:     75300.000000           1           15.7910   
      2511:     75330.000000           1           15.7885   
      2512:     75360.000000           1           15.7922   
      2513:     75390.000000           1          -18.5394   
      2514:     75420.000000           1           15.7811   
      2515:     75450.000000           1           15.8163   
      2516:     75480.000000           1           15.8437   
      2517:     75510.000000           1           15.8158   
      2518:     75540.000000           1           15.8175   
      2519:     75570.000000           1           15.8281   
      2520:     75600.000000           1           15.8128   
      2521:     75630.000000           1           15.8113   
      2522:     75660.000000           1           15.8162   
      2523:     75690.000000           1           15.8092   
      2524:     75720.000000           1           15.8139   
      2525:     75750.000000           1           15.8182   
      2526:     75780.000000           1           15.8171   
      2527:     75810.000000           1           15.8188   
      2528:     75840.000000           1           15.8275   
      2529:     75870.000000           1           15.8273   
      2530:     75900.000000           1           15.8353   
      2531:     75930.000000           1           15.8372   
      2532:     75960.000000           1           15.8416   
      2533:     75990.000000           1           15.8511   
      2534:     76020.000000           1           15.8489   
      2535:     76050.000000           1           15.8540   
      2536:     76080.000000           1           15.8520   
      2537:     76110.000000           1           15.8512   
      2538:     76140.000000           1           15.8502   
      2539:     76170.000000           1           15.8519   
      2540:     76200.000000           1           15.8528   
      2541:     76230.000000           1           15.8456   
      2542:     76260.000000           1           15.8446   
      2543:     76290.000000           1           15.8424   
      2544:     76320.000000           1           15.8415   
      2545:     76350.000000           1           15.8391   
      2546:     76380.000000           1           15.8357   
      2547:     76410.000000           1           15.8318   
      2548:     76440.000000           1           15.8285   
      2549:     76470.000000           1           15.8234   
      2550:     76500.000000           1           15.8174   
      2551:     76530.000000           1           15.8165   
      2552:     76560.000000           1           15.8156   
      2553:     76590.000000           1           15.8157   
      2554:     76620.000000           1           15.8149   
      2555:     76650.000000           1           15.8141   
      2556:     76680.000000           1           15.8122   
      2557:     76710.000000           1           15.8142   
      2558:     76740.000000           1           15.8142   
      2559:     76770.000000           1           15.8165   
      2560:     76800.000000           1           15.8143   
      2561:     76830.000000           1           15.8138   
      2562:     76860.000000           1           15.8116   
      2563:     76890.000000           1           15.8141   
      2564:     76920.000000           1           15.8116   
      2565:     76950.000000           1           15.8108   
      2566:     76980.000000           1           15.8071   
      2567:     77010.000000           1           15.8085   
      2568:     77040.000000           1           15.8035   
      2569:     77070.000000           1           15.8015   
      2570:     77100.000000           1           15.7986   
      2571:     77130.000000           1           15.7950   
      2572:     77160.000000           1           15.7926   
      2573:     77190.000000           1           15.7880   
      2574:     77220.000000           1           15.7857   
      2575:     77250.000000           1           15.7830   
      2576:     77280.000000           1           15.7800   
      2577:     77310.000000           1           15.7751   
      2578:     77340.000000           1           15.7678   
      2579:     77370.000000           1           15.7614   
      2580:     77400.000000           1           15.7550   
      2581:     77430.000000           1           15.7509   
      2582:     77460.000000           1           15.7461   
      2583:     77490.000000           1           15.7408   
      2584:     77520.000000           1           15.7355   
      2585:     77550.000000           1           15.7341   
      2586:     77580.000000           1           15.7323   
      2587:     77610.000000           1           15.7310   
      2588:     77640.000000           1           15.7309   
      2589:     77670.000000           1           15.7290   
      2590:     77700.000000           1           15.7300   
      2591:     77730.000000           1           15.7303   
      2592:     77760.000000           1           15.7283   
      2593:     77790.000000           1           15.7255   
      2594:     77820.000000           1           15.7243   
      2595:     77850.000000           1           15.7231   
      2596:     77880.000000           1           15.7238   
      2597:     77910.000000           1           15.7217   
      2598:     77940.000000           1           15.7196   
      2599:     77970.000000           1           15.7168   
      2600:     78000.000000           1           15.7142   
      2601:     78030.000000           1           15.7107   
      2602:     78060.000000           1           15.7082   
      2603:     78090.000000           1           15.7043   
      2604:     78120.000000           1           15.7023   
      2605:     78150.000000           1           15.6969   
      2606:     78180.000000           1           15.6914   
      2607:     78210.000000           1           15.6865   
      2608:     78240.000000           1           15.6836   
      2609:     78270.000000           1           15.6814   
      2610:     78300.000000           1           15.6774   
      2611:     78330.000000           1           15.6737   
      2612:     78360.000000           1           15.6715   
      2613:     78390.000000           1           15.6713   
      2614:     78420.000000           1           15.6711   
      2615:     78450.000000           1           15.6710   
      2616:     78480.000000           1           15.6691   
      2617:     78510.000000           1           15.6681   
      2618:     78540.000000           1           15.6671   
      2619:     78570.000000           1           15.6658   
      2620:     78600.000000           1           15.6618   
      2621:     78630.000000           1           15.6579   
      2622:     78660.000000           1           15.6537   
      2623:     78690.000000           1           15.6506   
      2624:     78720.000000           1           15.6460   
      2625:     78750.000000           1           15.6413   
      2626:     78780.000000           1           15.6374   
      2627:     78810.000000           1           15.6332   
      2628:     78840.000000           1           15.6306   
      2629:     78870.000000           1           15.6269   
      2630:     78900.000000           1           15.6233   
      2631:     78930.000000           1           15.6208   
      2632:     78960.000000           1           15.6190   
      2633:     78990.000000           1           15.6182   
      2634:     79020.000000           1           15.6177   
      2635:     79050.000000           1           15.6160   
      2636:     79080.000000           1           15.6149   
      2637:     79110.000000           1           15.6132   
      2638:     79140.000000           1           15.6121   
      2639:     79170.000000           1           15.6092   
      2640:     79200.000000           1           15.6042   
      2641:     79230.000000           1           15.6013   
      2642:     79260.000000           1           15.5970   
      2643:     79290.000000           1           15.5919   
      2644:     79320.000000           1           15.5885   
      2645:     79350.000000           1           15.5845   
      2646:     79380.000000           1           15.5809   
      2647:     79410.000000           1           15.5778   
      2648:     79440.000000           1           15.5745   
      2649:     79470.000000           1           15.5704   
      2650:     79500.000000           1           15.5681   
      2651:     79530.000000           1           15.5648   
      2652:     79560.000000           1           15.5617   
      2653:     79590.000000           1           15.5589   
      2654:     79620.000000           1           15.5517   
      2655:     79650.000000           1           15.5473   
      2656:     79680.000000           1           15.5435   
      2657:     79710.000000           1           15.5377   
      2658:     79740.000000           1           15.5364   
      2659:     79770.000000           1           15.5305   
      2660:     79800.000000           1           15.5289   
      2661:     79830.000000           1           15.5208   
      2662:     79860.000000           1           15.5156   
      2663:     79890.000000           1           15.5100   
      2664:     79920.000000           1           15.5068   
      2665:     79950.000000           1           15.5044   
      2666:     79980.000000           1           15.5018   
      2667:     80010.000000           1           15.4949   
      2668:     80040.000000           1           15.4904   
      2669:     80070.000000           1           15.4864   
      2670:     80100.000000           1           15.4851   
      2671:     80130.000000           1           15.4833   
      2672:     80160.000000           1           15.4821   
      2673:     80190.000000           1           15.4783   
      2674:     80220.000000           1           15.4769   
      2675:     80250.000000           1           15.4720   
      2676:     80280.000000           1           15.4691   
      2677:     80310.000000           1           15.4651   
      2678:     80340.000000           1           15.4635   
      2679:     80370.000000           1           15.4601   
      2680:     80400.000000           1           15.4567   
      2681:     80430.000000           1           15.4537   
      2682:     80460.000000           1           15.4494   
      2683:     80490.000000           1           15.4480   
      2684:     80520.000000           1           15.4451   
      2685:     80550.000000           1           15.4423   
      2686:     80580.000000           1           15.4391   
      2687:     80610.000000           1           15.4346   
      2688:     80640.000000           1           15.4319   
      2689:     80670.000000           1           15.4297   
      2690:     80700.000000           1           15.4268   
      2691:     80730.000000           1           15.4247   
      2692:     80760.000000           1           15.4200   
      2693:     80790.000000           1           15.4116   
      2694:     80820.000000           1           15.4082   
      2695:     80850.000000           1           15.3997   
      2696:     80880.000000           1           15.3956   
      2697:     80910.000000           1           15.3938   
      2698:     80940.000000           1           15.3914   
      2699:     80970.000000           1           15.3874   
      2700:     81000.000000           1           15.3871   
      2701:     81030.000000           1           15.3851   
      2702:     81060.000000           1           15.3813   
      2703:     81090.000000           1           15.3780   
      2704:     81120.000000           1           15.3739   
      2705:     81150.000000           1           15.3714   
      2706:     81180.000000           1           15.3698   
      2707:     81210.000000           1           15.3682   
      2708:     81240.000000           1           15.3637   
      2709:     81270.000000           1           15.3613   
      2710:     81300.000000           1           15.3607   
      2711:     81330.000000           1           15.3557   
      2712:     81360.000000           1           15.3527   
      2713:     81390.000000           1           15.3493   
      2714:     81420.000000           1           15.3460   
      2715:     81450.000000           1           15.3412   
      2716:     81480.000000           1           15.3378   
      2717:     81510.000000           1           15.3303   
      2718:     81540.000000           1           15.3272   
      2719:     81570.000000           1           15.3242   
      2720:     81600.000000           1           15.3207   
      2721:     81630.000000           1           15.3176   
      2722:     81660.000000           1           15.3150   
      2723:     81690.000000           1           15.3116   
      2724:     81720.000000           1           15.3070   
      2725:     81750.000000           1           15.3023   
      2726:     81780.000000           1           15.3006   
      2727:     81810.000000           1           15.2976   
      2728:     81840.000000           1           15.2946   
      2729:     81870.000000           1           15.2916   
      2730:     81900.000000           1           15.2905   
      2731:     81930.000000           1           15.2873   
      2732:     81960.000000           1           15.2852   
      2733:     81990.000000           1           15.2825   
      2734:     82020.000000           1           15.2773   
      2735:     82050.000000           1           15.2733   
      2736:     82080.000000           1           15.2706   
      2737:     82110.000000           1           15.2690   
      2738:     82140.000000           1           15.2671   
      2739:     82170.000000           1           15.2627   
      2740:     82200.000000           1           15.2594   
      2741:     82230.000000           1           15.2528   
      2742:     82260.000000           1           15.2507   
      2743:     82290.000000           1           15.2508   
      2744:     82320.000000           1           15.2502   
      2745:     82350.000000           1           15.2495   
      2746:     82380.000000           1           15.2479   
      2747:     82410.000000           1           15.2463   
      2748:     82440.000000           1           15.2455   
      2749:     82470.000000           1           15.2403   
      2750:     82500.000000           1           15.2377   
      2751:     82530.000000           1           15.2332   
      2752:     82560.000000           1           15.2259   
      2753:     82590.000000           1           15.2219   
      2754:     82620.000000           1           15.2200   
      2755:     82650.000000           1           15.2174   
      2756:     82680.000000           1           15.2156   
      2757:     82710.000000           1           15.2146   
      2758:     82740.000000           1           15.2121   
      2759:     82770.000000           1           15.2103   
      2760:     82800.000000           1           15.2065   
      2761:     82830.000000           1           15.2046   
      2762:     82860.000000           1           15.2018   
      2763:     82890.000000           1           15.1976   
      2764:     82920.000000           1           15.1961   
      2765:     82950.000000           1           15.1902   
      2766:     82980.000000           1           15.1870   
      2767:     83010.000000           1          -30.5474   
      2768:     83040.000000           1          -30.5507   
      2769:     83070.000000           1          -30.5536   
      2770:     83100.000000           1          -30.5597   
      2771:     83130.000000           1          -30.5627   
      2772:     83160.000000           1          -30.5685   
      2773:     83190.000000           1          -30.5714   
      2774:     83220.000000           1          -30.5779   
      2775:     83250.000000           1          -30.5831   
      2776:     83280.000000           1          -30.5863   
      2777:     83310.000000           1          -30.5934   
      2778:     83340.000000           1          -30.5981   
      2779:     83370.000000           1          -30.5992   
      2780:     83400.000000           1          -30.6046   
      2781:     83430.000000           1          -30.6077   
      2782:     83460.000000           1          -30.6108   
      2783:     83490.000000           1          -30.6138   
      2784:     83520.000000           1          -30.6221   
      2785:     83550.000000           1          -30.6257   
      2786:     83580.000000           1          -30.6303   
      2787:     83610.000000           1          -30.6324   
      2788:     83640.000000           1          -30.6378   
      2789:     83670.000000           1          -30.6395   
      2790:     83700.000000           1          -30.6428   
      2791:     83730.000000           1          -30.6440   
      2792:     83760.000000           1          -30.6536   
      2793:     83790.000000           1          -30.6578   
      2794:     83820.000000           1          -30.6589   
      2795:     83850.000000           1          -30.6619   
      2796:     83880.000000           1          -30.6656   
      2797:     83910.000000           1          -30.6696   
      2798:     83940.000000           1          -30.6701   
      2799:     83970.000000           1           15.0734   
      2800:     84000.000000           1           15.0669   
      2801:     84030.000000           1           15.0666   
      2802:     84060.000000           1           15.0655   
      2803:     84090.000000           1           15.0655   
      2804:     84120.000000           1           15.0614   
      2805:     84150.000000           1           15.0592   
      2806:     84180.000000           1           15.0582   
      2807:     84210.000000           1           15.0565   
      2808:     84240.000000           1           15.0550   
      2809:     84270.000000           1           15.0528   
      2810:     84300.000000           1           15.0508   
      2811:     84330.000000           1           15.0508   
      2812:     84360.000000           1           15.0492   
      2813:     84390.000000           1           15.0473   
      2814:     84420.000000           1           15.0455   
      2815:     84450.000000           1           15.0418   
      2816:     84480.000000           1           15.0411   
      2817:     84510.000000           1           15.0388   
      2818:     84540.000000           1           15.0347   
      2819:     84570.000000           1          -30.7204   
      2820:     84600.000000           1          -30.7234   
      2821:     84630.000000           1           15.0266   
      2822:     84660.000000           1          -30.7300   
      2823:     84690.000000           1          -30.7309   
      2824:     84720.000000           1          -30.7326   
      2825:     84750.000000           1           15.0193   
      2826:     84780.000000           1          -30.7340   
      2827:     84810.000000           1          -30.7351   
      2828:     84840.000000           1          -30.7352   
      2829:     84870.000000           1           15.0198   
      2830:     84900.000000           1          -30.7388   
      2831:     84930.000000           1          -30.7402   
      2832:     84960.000000           1          -30.7430   
      2833:     84990.000000           1          -30.7461   
      2834:     85020.000000           1          -30.7522   
      2835:     85050.000000           1          -30.7579   
      2836:     85080.000000           1          -30.7609   
      2837:     85110.000000           1          -30.7619   
      2838:     85140.000000           1          -30.7649   
      2839:     85170.000000           1          -30.7673   
      2840:     85200.000000           1          -30.7684   
      2841:     85230.000000           1          -30.7710   
      2842:     85260.000000           1          -30.7733   
      2843:     85290.000000           1          -30.7737   
      2844:     85320.000000           1          -30.7727   
      2845:     85350.000000           1          -30.7738   
      2846:     85380.000000           1          -30.7770   
      2847:     85410.000000           1          -30.7790   
      2848:     85440.000000           1          -30.7818   
      2849:     85470.000000           1           14.9793   
      2850:     85500.000000           1           14.9783   
      2851:     85530.000000           1           14.9769   
      2852:     85560.000000           1           14.9763   
      2853:     85590.000000           1           14.9763   
      2854:     85620.000000           1           14.9747   
      2855:     85650.000000           1           14.9732   
      2856:     85680.000000           1           14.9701   
      2857:     85710.000000           1           14.9687   
      2858:     85740.000000           1           14.9676   
      2859:     85770.000000           1           14.9658   
      2860:     85800.000000           1           14.9639   
      2861:     85830.000000           1           14.9630   
      2862:     85860.000000           1           14.9615   
      2863:     85890.000000           1           14.9608   
      2864:     85920.000000           1           14.9601   
      2865:     85950.000000           1           14.9577   
      2866:     85980.000000           1           14.9559   
      2867:     86010.000000           1           14.9537   
      2868:     86040.000000           1          -30.8273   
      2869:     86070.000000           1           14.9389   
      2870:     86100.000000           1           14.9347   
      2871:     86130.000000           1           14.9317   
      2872:     86160.000000           1           14.9291   
      2873:     86190.000000           1           14.9269   
      2874:     86220.000000           1           14.9246   
      2875:     86250.000000           1           14.9231   
      2876:     86280.000000           1           14.9205   
      2877:     86310.000000           1           14.9176   
      2878:     86340.000000           1           14.9170   
      2879:     86370.000000           1           14.9157   
