       442:     13260.000000           1         -167.6733   
       444:     13320.000000           1         -167.6814   
       445:     13350.000000           1         -167.6794   
       446:     13380.000000           1         -167.6744   
       447:     13410.000000           1         -167.6876   
       448:     13440.000000           1         -167.6892   
       449:     13470.000000           1         -167.6879   
       450:     13500.000000           1         -167.6862   
       451:     13530.000000           1         -167.6757   
       452:     13560.000000           1         -167.6813   
       453:     13590.000000           1         -167.6941   
       454:     13620.000000           1         -167.6928   
       455:     13650.000000           1         -167.6971   
       456:     13680.000000           1         -167.7053   
       457:     13710.000000           1         -167.7190   
       458:     13740.000000           1         -167.7390   
       459:     13770.000000           1         -167.7444   
       460:     13800.000000           1         -167.7363   
       461:     13830.000000           1         -167.7349   
       462:     13860.000000           1         -167.7286   
       463:     13890.000000           1         -167.7211   
       464:     13920.000000           1         -167.7158   
       465:     13950.000000           1         -167.7171   
       466:     13980.000000           1         -167.7279   
       467:     14010.000000           1         -167.7188   
       468:     14040.000000           1         -167.7048   
       469:     14070.000000           1         -167.7126   
       470:     14100.000000           1         -167.6981   
       471:     14130.000000           1         -167.6624   
       472:     14160.000000           1         -167.6686   
       473:     14190.000000           1         -167.6708   
       474:     14220.000000           1         -167.6723   
       475:     14250.000000           1         -167.6770   
       476:     14280.000000           1         -167.6668   
       477:     14310.000000           1         -167.6692   
       478:     14340.000000           1         -167.6727   
       479:     14370.000000           1         -167.6697   
       480:     14400.000000           1        -1052.9303   
       481:     14430.000000           1         -167.7014   
       482:     14460.000000           1        -1052.8153   
       483:     14490.000000           1         -167.7413   
       484:     14520.000000           1        -1039.2949   
       485:     14550.000000           1        -1039.4716   
       486:     14580.000000           1        -1039.4405   
       487:     14610.000000           1        -1039.4153   
       488:     14640.000000           1        -1039.4557   
       489:     14670.000000           1         -167.7592   
       490:     14700.000000           1         -167.7525   
       491:     14730.000000           1        -1138.2871   
       492:     14760.000000           1        -1138.4028   
       493:     14790.000000           1        -1138.4492   
       494:     14820.000000           1        -1138.4242   
       495:     14850.000000           1        -1138.4607   
       496:     14880.000000           1        -1138.4872   
       497:     14910.000000           1        -1138.5180   
       498:     14940.000000           1        -1138.5626   
       499:     14970.000000           1        -1138.5815   
       500:     15000.000000           1        -1138.5907   
       501:     15030.000000           1        -1138.6033   
       502:     15060.000000           1        -1138.6227   
       503:     15090.000000           1        -1138.6492   
       504:     15120.000000           1         -167.7586   
       505:     15150.000000           1          157.7467   
       506:     15180.000000           1          157.7423   
       507:     15210.000000           1          157.7106   
       508:     15240.000000           1          157.7088   
       509:     15270.000000           1          157.6899   
       510:     15300.000000           1          157.6814   
       511:     15330.000000           1          157.6697   
       512:     15360.000000           1          157.6233   
       513:     15390.000000           1          157.6003   
       514:     15420.000000           1          157.6088   
       515:     15450.000000           1          157.5870   
       516:     15480.000000           1          157.5712   
       517:     15510.000000           1          157.5802   
       518:     15540.000000           1          157.5786   
       519:     15570.000000           1          157.5751   
       520:     15600.000000           1          157.5625   
       521:     15630.000000           1          157.5553   
       522:     15660.000000           1          157.5687   
       523:     15690.000000           1          157.5638   
       524:     15720.000000           1          157.5698   
       525:     15750.000000           1          157.5706   
       526:     15780.000000           1          157.5944   
       527:     15810.000000           1          157.5924   
       528:     15840.000000           1          157.6138   
       529:     15870.000000           1          157.6314   
       530:     15900.000000           1          157.6374   
       531:     15930.000000           1          157.6308   
       532:     15960.000000           1          157.6226   
       533:     15990.000000           1          157.6211   
       534:     16020.000000           1          157.6098   
       535:     16050.000000           1          157.6066   
       536:     16080.000000           1          157.6110   
       537:     16110.000000           1          157.5898   
       538:     16140.000000           1          157.5869   
       539:     16170.000000           1          157.5706   
       540:     16200.000000           1          157.5770   
       541:     16230.000000           1          157.5674   
       542:     16260.000000           1          157.5596   
       543:     16290.000000           1          157.5429   
       544:     16320.000000           1          157.5190   
       545:     16350.000000           1          157.5158   
       546:     16380.000000           1          157.5116   
       547:     16410.000000           1          157.5057   
       548:     16440.000000           1          157.5239   
       549:     16470.000000           1          157.5231   
       550:     16500.000000           1          157.5384   
       551:     16530.000000           1          157.5410   
       552:     16560.000000           1          157.5408   
       553:     16590.000000           1          157.5381   
       554:     16620.000000           1          157.5461   
       555:     16650.000000           1          157.5440   
       556:     16680.000000           1          157.5516   
       557:     16710.000000           1          157.5581   
       558:     16740.000000           1          157.5579   
       559:     16770.000000           1          157.5548   
       560:     16800.000000           1          157.5539   
       561:     16830.000000           1          157.5543   
       562:     16860.000000           1          157.5660   
       563:     16890.000000           1          157.5545   
       564:     16920.000000           1          157.5594   
       565:     16950.000000           1          157.5534   
       566:     16980.000000           1          157.5535   
       567:     17010.000000           1          157.5551   
       568:     17040.000000           1          157.5531   
       569:     17070.000000           1          157.5605   
       570:     17100.000000           1          157.5566   
       571:     17130.000000           1          157.5533   
       572:     17160.000000           1          157.5558   
       573:     17190.000000           1          157.5524   
       574:     17220.000000           1          157.5537   
       575:     17250.000000           1          157.5502   
       576:     17280.000000           1          157.5477   
       577:     17310.000000           1          157.5511   
       578:     17340.000000           1          157.5521   
       579:     17370.000000           1          157.5513   
       580:     17400.000000           1          157.5478   
       581:     17430.000000           1          157.5400   
       582:     17460.000000           1          157.5344   
       583:     17490.000000           1          157.5328   
       584:     17520.000000           1          157.5393   
       585:     17550.000000           1          157.5444   
       586:     17580.000000           1          157.5502   
       587:     17610.000000           1          157.5610   
       588:     17640.000000           1          157.5542   
       589:     17670.000000           1          157.5333   
       590:     17700.000000           1          157.5246   
       591:     17730.000000           1          157.5133   
       592:     17760.000000           1          157.5145   
       593:     17790.000000           1          157.5110   
       594:     17820.000000           1          157.5030   
       595:     17850.000000           1          157.4972   
       596:     17880.000000           1          157.5050   
       597:     17910.000000           1          157.5109   
       598:     17940.000000           1          157.5072   
       599:     17970.000000           1          157.5244   
       600:     18000.000000           1          157.5520   
       601:     18030.000000           1          157.5577   
       602:     18060.000000           1          157.5669   
       603:     18090.000000           1          157.5719   
       604:     18120.000000           1          157.5700   
       605:     18150.000000           1          157.5751   
       606:     18180.000000           1          157.5733   
       607:     18210.000000           1          157.5714   
       608:     18240.000000           1          157.5672   
       609:     18270.000000           1          157.5655   
       610:     18300.000000           1          157.5684   
       611:     18330.000000           1          157.5604   
       612:     18360.000000           1          157.5564   
       613:     18390.000000           1          157.5540   
       614:     18420.000000           1          157.5510   
       615:     18450.000000           1          157.5526   
       616:     18480.000000           1          157.5642   
       617:     18510.000000           1          157.5694   
       618:     18540.000000           1          157.5509   
       619:     18570.000000           1          157.5590   
       620:     18600.000000           1          157.5666   
       621:     18630.000000           1          157.5760   
       622:     18660.000000           1          157.5703   
       623:     18690.000000           1          157.5774   
       624:     18720.000000           1          157.5821   
       625:     18750.000000           1          157.6097   
       626:     18780.000000           1          157.6329   
       627:     18810.000000           1          157.6457   
       628:     18840.000000           1          157.6547   
       629:     18870.000000           1          157.6603   
       630:     18900.000000           1          157.6598   
       631:     18930.000000           1          157.6527   
       632:     18960.000000           1          157.6586   
       633:     18990.000000           1          157.6737   
       634:     19020.000000           1          157.6856   
       635:     19050.000000           1          157.6831   
       636:     19080.000000           1          157.6885   
       637:     19110.000000           1          157.6909   
       638:     19140.000000           1          157.7009   
       639:     19170.000000           1          157.7012   
       640:     19200.000000           1          157.7014   
       641:     19230.000000           1          157.7009   
       642:     19260.000000           1          157.6955   
       643:     19290.000000           1          157.6970   
       644:     19320.000000           1          157.6996   
       645:     19350.000000           1          157.7079   
       646:     19380.000000           1          157.7037   
       647:     19410.000000           1          157.7077   
       648:     19440.000000           1          157.7115   
       649:     19470.000000           1          157.7245   
       650:     19500.000000           1          157.7278   
       651:     19530.000000           1          157.7303   
       652:     19560.000000           1          157.7252   
       653:     19590.000000           1          157.7315   
       654:     19620.000000           1          157.7467   
       655:     19650.000000           1          157.7528   
       656:     19680.000000           1          157.7576   
       657:     19710.000000           1          157.7821   
       658:     19740.000000           1          157.7977   
       659:     19770.000000           1          157.8083   
       660:     19800.000000           1          157.8064   
       661:     19830.000000           1          157.8092   
       662:     19860.000000           1          157.8180   
       663:     19890.000000           1          157.8269   
       664:     19920.000000           1          157.8325   
       665:     19950.000000           1          157.8419   
       666:     19980.000000           1          157.8509   
       667:     20010.000000           1          157.8593   
       668:     20040.000000           1          157.8618   
       669:     20070.000000           1          157.8642   
       670:     20100.000000           1          157.8655   
       671:     20130.000000           1          157.8743   
       672:     20160.000000           1          157.8804   
       673:     20190.000000           1          157.8838   
       674:     20220.000000           1          157.8878   
       675:     20250.000000           1          157.8906   
       676:     20280.000000           1          157.8976   
       677:     20310.000000           1          157.8981   
       678:     20340.000000           1          157.9052   
       679:     20370.000000           1          157.9233   
       680:     20400.000000           1          157.9225   
       681:     20430.000000           1          157.9196   
       682:     20460.000000           1          157.9243   
       683:     20490.000000           1          157.9282   
       684:     20520.000000           1          157.9358   
       685:     20550.000000           1          157.9554   
       686:     20580.000000           1          157.9609   
       687:     20610.000000           1          157.9661   
       688:     20640.000000           1          157.9609   
       689:     20670.000000           1          157.9618   
       690:     20700.000000           1          157.9658   
       691:     20730.000000           1          157.9622   
       692:     20760.000000           1          157.9722   
       693:     20790.000000           1          157.9706   
       694:     20820.000000           1          157.9677   
       695:     20850.000000           1          157.9629   
       696:     20880.000000           1          157.9589   
       697:     20910.000000           1          157.9636   
       698:     20940.000000           1          157.9739   
       699:     20970.000000           1          157.9832   
       700:     21000.000000           1          157.9913   
       701:     21030.000000           1          158.0011   
       702:     21060.000000           1          158.0149   
       703:     21090.000000           1          158.0377   
       704:     21120.000000           1          158.0646   
       705:     21150.000000           1          158.0748   
       706:     21180.000000           1          158.0783   
       707:     21210.000000           1          158.0908   
       708:     21240.000000           1          158.0923   
       709:     21270.000000           1          158.0991   
       710:     21300.000000           1          158.1005   
       711:     21330.000000           1          158.0948   
       712:     21360.000000           1          158.1030   
       713:     21390.000000           1          158.1008   
       714:     21420.000000           1          158.1164   
       715:     21450.000000           1          158.1262   
       716:     21480.000000           1          158.1314   
       717:     21510.000000           1          158.1465   
       718:     21540.000000           1          158.1452   
       719:     21570.000000           1          158.1531   
       720:     21600.000000           1          158.1584   
       721:     21630.000000           1          158.1666   
       722:     21660.000000           1          158.1754   
       723:     21690.000000           1          158.1813   
       724:     21720.000000           1          158.1889   
       725:     21750.000000           1          158.1946   
       726:     21780.000000           1          158.2003   
       727:     21810.000000           1          158.2099   
       728:     21840.000000           1          158.2176   
       729:     21870.000000           1          158.2316   
       730:     21900.000000           1          158.2608   
       731:     21930.000000           1          158.2829   
       732:     21960.000000           1          158.2846   
       733:     21990.000000           1          158.2841   
       734:     22020.000000           1          158.2966   
       735:     22050.000000           1          158.2972   
       736:     22080.000000           1          158.3035   
       737:     22110.000000           1          158.3111   
       738:     22140.000000           1          158.3152   
       739:     22170.000000           1          158.3321   
       740:     22200.000000           1          158.3409   
       741:     22230.000000           1          158.3505   
       742:     22260.000000           1          158.3581   
       743:     22290.000000           1          158.3620   
       744:     22320.000000           1          158.3671   
       745:     22350.000000           1          158.3755   
       746:     22380.000000           1          158.3796   
       747:     22410.000000           1          158.3839   
       748:     22440.000000           1          158.3932   
       749:     22470.000000           1          158.4058   
       750:     22500.000000           1          158.4144   
       751:     22530.000000           1          158.4239   
       752:     22560.000000           1          158.4297   
       753:     22590.000000           1          158.4424   
       754:     22620.000000           1          158.4541   
       755:     22650.000000           1          158.4618   
       756:     22680.000000           1          158.4688   
       757:     22710.000000           1          158.4815   
       758:     22740.000000           1          158.4858   
       759:     22770.000000           1          158.4919   
       760:     22800.000000           1          158.4959   
       761:     22830.000000           1          158.4997   
       762:     22860.000000           1          158.4920   
       763:     22890.000000           1          158.5143   
       764:     22920.000000           1          158.5339   
       765:     22950.000000           1          158.5457   
       766:     22980.000000           1          158.5479   
       767:     23010.000000           1          158.5554   
       768:     23040.000000           1          158.5700   
       769:     23070.000000           1          158.5790   
       770:     23100.000000           1          158.5814   
       771:     23130.000000           1          158.5865   
       772:     23160.000000           1          158.5914   
       773:     23190.000000           1          158.5903   
       774:     23220.000000           1          158.6212   
       775:     23250.000000           1          158.6319   
       776:     23280.000000           1          158.6510   
       777:     23310.000000           1          158.6737   
       778:     23340.000000           1          158.6781   
       779:     23370.000000           1          158.6826   
       780:     23400.000000           1          158.6888   
       781:     23430.000000           1          158.6908   
       782:     23460.000000           1          158.6992   
       783:     23490.000000           1          158.7139   
       784:     23520.000000           1          158.7272   
       785:     23550.000000           1          158.7420   
       786:     23580.000000           1          158.7556   
       787:     23610.000000           1          158.7712   
       788:     23640.000000           1          158.8056   
       789:     23670.000000           1          158.8160   
       790:     23700.000000           1          158.8183   
       791:     23730.000000           1          158.8230   
       792:     23760.000000           1          158.8330   
       793:     23790.000000           1          158.8501   
       794:     23820.000000           1          158.8578   
       795:     23850.000000           1          158.8583   
       796:     23880.000000           1          158.8639   
       797:     23910.000000           1          158.8696   
       798:     23940.000000           1          158.8845   
       799:     23970.000000           1          158.8994   
       800:     24000.000000           1          158.9029   
       801:     24030.000000           1          158.9021   
       802:     24060.000000           1          158.9109   
       803:     24090.000000           1          158.9235   
       804:     24120.000000           1          158.9261   
       805:     24150.000000           1          158.9313   
       806:     24180.000000           1          158.9380   
       807:     24210.000000           1          158.9529   
       808:     24240.000000           1          158.9569   
       809:     24270.000000           1          158.9575   
       810:     24300.000000           1          158.9638   
       811:     24330.000000           1          158.9684   
       812:     24360.000000           1          158.9803   
       813:     24390.000000           1          158.9786   
       814:     24420.000000           1          158.9978   
       815:     24450.000000           1          159.0114   
       816:     24480.000000           1          159.0247   
       817:     24510.000000           1          159.0343   
       818:     24540.000000           1          159.0474   
       819:     24570.000000           1          159.0580   
       820:     24600.000000           1          159.0659   
       821:     24630.000000           1          159.0735   
       822:     24660.000000           1          159.0875   
       823:     24690.000000           1          159.0886   
       824:     24720.000000           1          159.0909   
       825:     24750.000000           1          159.0977   
       826:     24780.000000           1          159.1066   
       827:     24810.000000           1          159.1117   
       828:     24840.000000           1          159.1285   
       829:     24870.000000           1          159.1376   
       830:     24900.000000           1          159.1406   
       831:     24930.000000           1          159.1510   
       832:     24960.000000           1          159.1602   
       833:     24990.000000           1          159.1631   
       834:     25020.000000           1          159.1743   
       835:     25050.000000           1          159.1940   
       836:     25080.000000           1          159.1999   
       837:     25110.000000           1          159.2113   
       838:     25140.000000           1          159.2198   
       839:     25170.000000           1          159.2227   
       840:     25200.000000           1          159.2301   
       841:     25230.000000           1          159.2367   
       842:     25260.000000           1          159.2576   
       843:     25290.000000           1          159.2885   
       844:     25320.000000           1          159.3063   
       845:     25350.000000           1          159.3248   
       846:     25380.000000           1          159.3366   
       847:     25410.000000           1          159.3505   
       848:     25440.000000           1          159.3573   
       849:     25470.000000           1          159.3630   
       850:     25500.000000           1          159.3740   
       851:     25530.000000           1          159.3781   
       852:     25560.000000           1          159.3899   
       853:     25590.000000           1          159.3969   
       854:     25620.000000           1          159.3998   
       855:     25650.000000           1          159.4137   
       856:     25680.000000           1          159.4185   
       857:     25710.000000           1          159.4219   
       858:     25740.000000           1          159.4171   
       859:     25770.000000           1          159.4218   
       860:     25800.000000           1          159.4218   
       861:     25830.000000           1          159.4324   
       862:     25860.000000           1          159.4383   
       863:     25890.000000           1          159.4494   
       864:     25920.000000           1          159.4665   
       865:     25950.000000           1          159.4673   
       866:     25980.000000           1          159.4778   
       867:     26010.000000           1          159.4873   
       868:     26040.000000           1          159.4825   
       869:     26070.000000           1          159.4899   
       870:     26100.000000           1          159.4928   
       871:     26130.000000           1          159.4969   
       872:     26160.000000           1          159.4993   
       873:     26190.000000           1          159.5060   
       874:     26220.000000           1          159.5098   
       875:     26250.000000           1          159.5112   
       876:     26280.000000           1          159.5164   
       877:     26310.000000           1          159.5225   
       878:     26340.000000           1          159.5283   
       879:     26370.000000           1          159.5378   
       880:     26400.000000           1          159.5445   
       881:     26430.000000           1          159.5582   
       882:     26460.000000           1          159.5754   
       883:     26490.000000           1          159.5853   
       884:     26520.000000           1          159.5953   
       885:     26550.000000           1          159.6026   
       886:     26580.000000           1          159.6041   
       887:     26610.000000           1          159.6180   
       888:     26640.000000           1          159.6402   
       889:     26670.000000           1          159.6455   
       890:     26700.000000           1          159.6493   
       891:     26730.000000           1          159.6572   
       892:     26760.000000           1          159.6684   
       893:     26790.000000           1          159.6802   
       894:     26820.000000           1          159.6946   
       895:     26850.000000           1          159.6971   
       896:     26880.000000           1          159.7103   
       897:     26910.000000           1          159.7257   
       898:     26940.000000           1          159.7315   
       899:     26970.000000           1          159.7430   
       900:     27000.000000           1          159.7513   
       901:     27030.000000           1          159.7574   
       902:     27060.000000           1          159.7559   
       903:     27090.000000           1          159.7597   
       904:     27120.000000           1          159.7707   
       905:     27150.000000           1          159.7890   
       906:     27180.000000           1          159.8068   
       907:     27210.000000           1          159.8241   
       908:     27240.000000           1          159.8338   
       909:     27270.000000           1          159.8358   
       910:     27300.000000           1          159.8379   
       911:     27330.000000           1          159.8376   
       912:     27360.000000           1          159.8377   
       913:     27390.000000           1          159.8450   
       914:     27420.000000           1          159.8538   
       915:     27450.000000           1          159.8637   
       916:     27480.000000           1          159.8738   
       917:     27510.000000           1          159.8776   
       918:     27540.000000           1          159.8895   
       919:     27570.000000           1          159.9032   
       920:     27600.000000           1          159.9118   
       921:     27630.000000           1          159.9169   
       922:     27660.000000           1          159.9221   
       923:     27690.000000           1          159.9339   
       924:     27720.000000           1          159.9448   
       925:     27750.000000           1          159.9597   
       926:     27780.000000           1          159.9717   
       927:     27810.000000           1          159.9755   
       928:     27840.000000           1          159.9844   
       929:     27870.000000           1          159.9902   
       930:     27900.000000           1          159.9968   
       931:     27930.000000           1          160.0140   
       932:     27960.000000           1          160.0295   
       933:     27990.000000           1          160.0293   
       934:     28020.000000           1          160.0381   
       935:     28050.000000           1          160.0430   
       936:     28080.000000           1          160.0464   
       937:     28110.000000           1          160.0514   
       938:     28140.000000           1          160.0656   
       939:     28170.000000           1          160.0827   
       940:     28200.000000           1          160.1023   
       941:     28230.000000           1          160.1276   
       942:     28260.000000           1         -126.1579   
       943:     28290.000000           1          160.1368   
       944:     28320.000000           1         -126.1482   
       945:     28350.000000           1         -126.1467   
       946:     28380.000000           1         -126.1475   
       947:     28410.000000           1         -126.1512   
       948:     28440.000000           1         -126.1450   
       949:     28470.000000           1         -126.1408   
       950:     28500.000000           1         -126.1400   
       951:     28530.000000           1         -126.1274   
       952:     28560.000000           1         -126.1381   
       953:     28590.000000           1         -126.1348   
       954:     28620.000000           1         -126.1537   
       955:     28650.000000           1         -126.1482   
       956:     28680.000000           1         -126.1495   
       957:     28710.000000           1         -126.1498   
       958:     28740.000000           1         -126.1534   
       959:     28770.000000           1         -126.1495   
       960:     28800.000000           1         -126.1410   
       961:     28830.000000           1         -126.1348   
       962:     28860.000000           1         -126.1262   
       963:     28890.000000           1         -126.1130   
       964:     28920.000000           1         -126.1053   
       965:     28950.000000           1         -126.0919   
       966:     28980.000000           1         -126.0914   
       967:     29010.000000           1         -126.0806   
       968:     29040.000000           1         -126.0719   
       969:     29070.000000           1          160.3612   
       970:     29100.000000           1          160.3668   
       971:     29130.000000           1          160.3837   
       972:     29160.000000           1          160.3905   
       973:     29190.000000           1          160.3961   
       974:     29220.000000           1          160.4007   
       975:     29250.000000           1          160.4092   
       976:     29280.000000           1          160.4178   
       977:     29310.000000           1          160.4306   
       978:     29340.000000           1          160.4397   
       979:     29370.000000           1          160.4513   
       980:     29400.000000           1          160.4497   
       981:     29430.000000           1          160.4602   
       982:     29460.000000           1          160.4669   
       983:     29490.000000           1          160.4708   
       984:     29520.000000           1          160.4784   
       985:     29550.000000           1          160.4856   
       986:     29580.000000           1          160.4891   
       987:     29610.000000           1          160.4972   
       988:     29640.000000           1          160.5005   
       989:     29670.000000           1          160.5052   
       990:     29700.000000           1          160.5165   
       991:     29730.000000           1          160.5246   
       992:     29760.000000           1          160.5392   
       993:     29790.000000           1          160.5472   
       994:     29820.000000           1          160.5486   
       995:     29850.000000           1          160.5515   
       996:     29880.000000           1          160.5510   
       997:     29910.000000           1          160.5544   
       998:     29940.000000           1          160.5541   
       999:     29970.000000           1          160.5609   
      1000:     30000.000000           1          160.5630   
      1001:     30030.000000           1          160.5710   
      1002:     30060.000000           1          160.5712   
      1003:     30090.000000           1          160.5798   
      1004:     30120.000000           1          160.5817   
      1005:     30150.000000           1          160.5858   
      1006:     30180.000000           1          160.5783   
      1007:     30210.000000           1          160.5771   
      1008:     30240.000000           1          160.5832   
      1009:     30270.000000           1          160.5893   
      1010:     30300.000000           1          160.5919   
      1011:     30330.000000           1          160.5987   
      1012:     30360.000000           1          160.6003   
      1013:     30390.000000           1          160.6072   
      1014:     30420.000000           1          160.6201   
      1015:     30450.000000           1          160.6228   
      1016:     30480.000000           1          160.6333   
      1017:     30510.000000           1          160.6389   
      1018:     30540.000000           1          160.6504   
      1019:     30570.000000           1          160.6537   
      1020:     30600.000000           1          160.6551   
      1021:     30630.000000           1          160.6639   
      1022:     30660.000000           1          160.6690   
      1023:     30690.000000           1          160.6736   
      1024:     30720.000000           1          160.6848   
      1025:     30750.000000           1          160.6940   
      1026:     30780.000000           1          160.7061   
      1027:     30810.000000           1          160.7193   
      1028:     30840.000000           1          160.7223   
      1029:     30870.000000           1          160.7307   
      1030:     30900.000000           1          160.7437   
      1031:     30930.000000           1          160.7541   
      1032:     30960.000000           1          160.7619   
      1033:     30990.000000           1          160.7576   
      1034:     31020.000000           1          160.7593   
      1035:     31050.000000           1          160.7592   
      1036:     31080.000000           1          160.7677   
      1037:     31110.000000           1          160.7804   
      1038:     31140.000000           1          160.7836   
      1039:     31170.000000           1          160.7822   
      1040:     31200.000000           1          160.7876   
      1041:     31230.000000           1          160.7944   
      1042:     31260.000000           1          160.8059   
      1043:     31290.000000           1          160.8132   
      1044:     31320.000000           1          160.8199   
      1045:     31350.000000           1          160.8216   
      1046:     31380.000000           1          160.8191   
      1047:     31410.000000           1          160.8243   
      1048:     31440.000000           1          160.8294   
      1049:     31470.000000           1          160.8331   
      1050:     31500.000000           1          160.8335   
      1051:     31530.000000           1          160.8375   
      1052:     31560.000000           1          160.8451   
      1053:     31590.000000           1          160.8592   
      1054:     31620.000000           1          160.8689   
      1055:     31650.000000           1          160.8792   
      1056:     31680.000000           1          160.8833   
      1057:     31710.000000           1          160.8872   
      1058:     31740.000000           1          160.8954   
      1059:     31770.000000           1          160.9002   
      1060:     31800.000000           1          160.9084   
      1061:     31830.000000           1          160.9173   
      1062:     31860.000000           1          160.9274   
      1063:     31890.000000           1          160.9347   
      1064:     31920.000000           1          160.9385   
      1065:     31950.000000           1          160.9415   
      1066:     31980.000000           1          160.9475   
      1067:     32010.000000           1          160.9456   
      1068:     32040.000000           1          160.9434   
      1069:     32070.000000           1          160.9400   
      1070:     32100.000000           1          160.9420   
      1071:     32130.000000           1          160.9501   
      1072:     32160.000000           1          160.9553   
      1073:     32190.000000           1          160.9649   
      1074:     32220.000000           1          160.9668   
      1075:     32250.000000           1          160.9723   
      1076:     32280.000000           1          160.9805   
      1077:     32310.000000           1          160.9832   
      1078:     32340.000000           1          160.9981   
      1079:     32370.000000           1          161.0045   
      1080:     32400.000000           1          161.0080   
      1081:     32430.000000           1          161.0002   
      1082:     32460.000000           1          161.0058   
      1083:     32490.000000           1          161.0087   
      1084:     32520.000000           1          161.0143   
      1085:     32550.000000           1          161.0197   
      1086:     32580.000000           1          161.0274   
      1087:     32610.000000           1          161.0281   
      1088:     32640.000000           1          161.0339   
      1089:     32670.000000           1          161.0386   
      1090:     32700.000000           1          161.0479   
      1091:     32730.000000           1          161.0505   
      1092:     32760.000000           1          161.0622   
      1093:     32790.000000           1          161.0603   
      1094:     32820.000000           1          161.0576   
      1095:     32850.000000           1          161.0590   
      1096:     32880.000000           1          161.0673   
      1097:     32910.000000           1          161.0655   
      1098:     32940.000000           1          161.0818   
      1099:     32970.000000           1          161.0857   
      1100:     33000.000000           1          161.0929   
      1101:     33030.000000           1          161.1052   
      1102:     33060.000000           1          161.1074   
      1103:     33090.000000           1          161.1135   
      1104:     33120.000000           1          161.1154   
      1105:     33150.000000           1          161.1196   
      1106:     33180.000000           1          161.1270   
      1107:     33210.000000           1          161.1329   
      1108:     33240.000000           1          161.1394   
      1109:     33270.000000           1          161.1478   
      1110:     33300.000000           1          161.1552   
      1111:     33330.000000           1          161.1704   
      1112:     33360.000000           1          161.1760   
      1113:     33390.000000           1          161.1838   
      1114:     33420.000000           1          161.1954   
      1115:     33450.000000           1          161.2050   
      1116:     33480.000000           1          161.2162   
      1117:     33510.000000           1          161.2279   
      1118:     33540.000000           1          161.2345   
      1119:     33570.000000           1          161.2444   
      1120:     33600.000000           1          161.2524   
      1121:     33630.000000           1          161.2595   
      1122:     33660.000000           1          161.2587   
      1123:     33690.000000           1          161.2538   
      1124:     33720.000000           1          161.2606   
      1125:     33750.000000           1          161.2673   
      1126:     33780.000000           1          161.2761   
      1127:     33810.000000           1          161.2818   
      1128:     33840.000000           1          161.2801   
      1129:     33870.000000           1          161.2941   
      1130:     33900.000000           1          161.2953   
      1131:     33930.000000           1          161.2980   
      1132:     33960.000000           1          161.3088   
      1133:     33990.000000           1          161.3148   
      1134:     34020.000000           1          161.3363   
      1135:     34050.000000           1          161.3503   
      1136:     34080.000000           1          161.3647   
      1137:     34110.000000           1          161.3689   
      1138:     34140.000000           1          161.3722   
      1139:     34170.000000           1          161.3877   
      1140:     34200.000000           1          161.3959   
      1141:     34230.000000           1          161.3948   
      1142:     34260.000000           1          161.3965   
      1143:     34290.000000           1          161.3965   
      1144:     34320.000000           1          161.4047   
      1145:     34350.000000           1          161.4130   
      1146:     34380.000000           1          161.4202   
      1147:     34410.000000           1          161.4195   
      1148:     34440.000000           1          161.4225   
      1149:     34470.000000           1          161.4299   
      1150:     34500.000000           1          161.4455   
      1151:     34530.000000           1          161.4484   
      1152:     34560.000000           1          161.4606   
      1153:     34590.000000           1          161.4753   
      1154:     34620.000000           1          161.4799   
      1155:     34650.000000           1          161.4820   
      1156:     34680.000000           1          161.4874   
      1157:     34710.000000           1          161.4914   
      1158:     34740.000000           1          161.4925   
      1159:     34770.000000           1          161.4944   
      1160:     34800.000000           1          161.4991   
      1161:     34830.000000           1          161.5050   
      1162:     34860.000000           1          161.5082   
      1163:     34890.000000           1          161.5156   
      1164:     34920.000000           1          161.5208   
      1165:     34950.000000           1          161.5335   
      1166:     34980.000000           1          161.5416   
      1167:     35010.000000           1          161.5450   
      1168:     35040.000000           1          161.5484   
      1169:     35070.000000           1          161.5509   
      1170:     35100.000000           1           33.6418   
      1171:     35130.000000           1          161.3408   
      1172:     35160.000000           1           33.6346   
      1173:     35190.000000           1         -655.4314   
      1174:     35220.000000           1         -655.2388   
      1175:     35250.000000           1           33.6737   
      1176:     35280.000000           1           33.6843   
      1177:     35310.000000           1           33.7038   
      1178:     35340.000000           1           33.7129   
      1179:     35370.000000           1           33.7229   
      1180:     35400.000000           1           33.7512   
      1181:     35430.000000           1           33.7612   
      1182:     35460.000000           1           33.7653   
      1183:     35490.000000           1           33.7878   
      1184:     35520.000000           1           33.8095   
      1185:     35550.000000           1           33.8341   
      1186:     35580.000000           1           33.8486   
      1187:     35610.000000           1           33.8655   
      1188:     35640.000000           1           33.8855   
      1189:     35670.000000           1           33.8883   
      1190:     35700.000000           1           33.8886   
      1191:     35730.000000           1           33.8938   
      1192:     35760.000000           1           33.9072   
      1193:     35790.000000           1           33.9085   
      1194:     35820.000000           1           33.9135   
      1195:     35850.000000           1           33.9196   
      1196:     35880.000000           1           33.9223   
      1197:     35910.000000           1           33.9134   
      1198:     35940.000000           1           33.9218   
      1199:     35970.000000           1           33.9233   
      1200:     36000.000000           1           33.9278   
      1202:     36060.000000           1           33.9194   
      1203:     36090.000000           1           33.9153   
      1204:     36120.000000           1           33.9171   
      2511:     75330.000000           1           12.9683   
      2514:     75420.000000           1         -370.6753   
      2515:     75450.000000           1         -370.6776   
      2516:     75480.000000           1         -370.6799   
      2517:     75510.000000           1         -370.6806   
      2518:     75540.000000           1         -370.6798   
      2519:     75570.000000           1         -370.6825   
      2520:     75600.000000           1         -370.6846   
      2521:     75630.000000           1         -370.6850   
      2522:     75660.000000           1         -370.6858   
      2523:     75690.000000           1         -370.6879   
      2524:     75720.000000           1         -370.6899   
      2525:     75750.000000           1         -370.6928   
      2526:     75780.000000           1         -370.6950   
      2527:     75810.000000           1         -370.6960   
      2528:     75840.000000           1         -370.6974   
      2529:     75870.000000           1         -370.7007   
      2530:     75900.000000           1         -370.7008   
      2531:     75930.000000           1         -370.7044   
      2532:     75960.000000           1         -370.7043   
      2533:     75990.000000           1         -370.7049   
      2534:     76020.000000           1         -370.7091   
      2535:     76050.000000           1         -370.7102   
      2536:     76080.000000           1         -370.7126   
      2537:     76110.000000           1         -370.7137   
      2538:     76140.000000           1         -370.7163   
      2539:     76170.000000           1         -370.7154   
      2540:     76200.000000           1         -370.7175   
      2541:     76230.000000           1         -370.7239   
      2542:     76260.000000           1         -370.7257   
      2543:     76290.000000           1         -370.7284   
      2544:     76320.000000           1         -370.7290   
      2545:     76350.000000           1         -370.7311   
      2546:     76380.000000           1         -370.7329   
      2547:     76410.000000           1         -370.7336   
      2548:     76440.000000           1         -370.7338   
      2549:     76470.000000           1         -370.7370   
      2550:     76500.000000           1         -370.7402   
      2551:     76530.000000           1           12.9189   
      2552:     76560.000000           1           12.9202   
      2553:     76590.000000           1           12.9198   
      2554:     76620.000000           1           12.9177   
      2555:     76650.000000           1           12.9160   
      2556:     76680.000000           1           12.9141   
      2557:     76710.000000           1           12.9143   
      2558:     76740.000000           1           12.9122   
      2559:     76770.000000           1           12.9098   
      2560:     76800.000000           1           12.9066   
      2561:     76830.000000           1           12.9033   
      2562:     76860.000000           1           12.8995   
      2563:     76890.000000           1           12.8990   
      2564:     76920.000000           1           12.8950   
      2565:     76950.000000           1           12.8925   
      2566:     76980.000000           1         -297.0735   
      2567:     77010.000000           1           12.8835   
      2568:     77040.000000           1         -318.5914   
      2569:     77070.000000           1         -318.5810   
      2570:     77100.000000           1         -318.5574   
      2571:     77130.000000           1         -318.5158   
      2572:     77160.000000           1         -318.5427   
      2573:     77190.000000           1         -318.5550   
      2574:     77220.000000           1         -318.5622   
      2575:     77250.000000           1         -318.5444   
      2576:     77280.000000           1         -318.5285   
      2577:     77310.000000           1         -318.5119   
      2578:     77340.000000           1         -318.5043   
      2579:     77370.000000           1         -318.5002   
      2580:     77400.000000           1         -318.4866   
      2581:     77430.000000           1         -318.4863   
      2582:     77460.000000           1         -318.4939   
      2583:     77490.000000           1         -318.4851   
      2584:     77520.000000           1         -318.4790   
      2585:     77550.000000           1         -318.4904   
      2586:     77580.000000           1         -318.4976   
      2587:     77610.000000           1         -318.5063   
      2588:     77640.000000           1         -318.5161   
      2589:     77670.000000           1         -318.5221   
      2590:     77700.000000           1         -318.5242   
      2591:     77730.000000           1         -318.5296   
      2592:     77760.000000           1         -318.5399   
      2593:     77790.000000           1         -318.5520   
      2594:     77820.000000           1         -318.5548   
      2595:     77850.000000           1         -318.5636   
      2596:     77880.000000           1         -318.5721   
      2597:     77910.000000           1         -318.5893   
      2598:     77940.000000           1         -318.5953   
      2599:     77970.000000           1         -318.6053   
      2600:     78000.000000           1         -318.6122   
      2601:     78030.000000           1         -318.6179   
      2602:     78060.000000           1         -318.6296   
      2603:     78090.000000           1         -318.6414   
      2604:     78120.000000           1         -318.6468   
      2605:     78150.000000           1         -318.6564   
      2606:     78180.000000           1         -318.6650   
      2607:     78210.000000           1         -318.6724   
      2608:     78240.000000           1         -318.6763   
      2609:     78270.000000           1           12.7687   
      2610:     78300.000000           1           12.7657   
      2611:     78330.000000           1           12.7628   
      2612:     78360.000000           1           12.7607   
      2613:     78390.000000           1           12.7607   
      2614:     78420.000000           1           12.7613   
      2615:     78450.000000           1           12.7621   
      2616:     78480.000000           1           12.7603   
      2617:     78510.000000           1           12.7589   
      2618:     78540.000000           1           12.7577   
      2619:     78570.000000           1           12.7562   
      2620:     78600.000000           1           12.7517   
      2621:     78630.000000           1           12.7475   
      2622:     78660.000000           1           12.7425   
      2623:     78690.000000           1           12.7385   
      2624:     78720.000000           1           12.7328   
      2625:     78750.000000           1           12.7273   
      2626:     78780.000000           1           12.7224   
      2627:     78810.000000           1           12.7175   
      2628:     78840.000000           1           12.7144   
      2629:     78870.000000           1           12.7100   
      2630:     78900.000000           1           12.7059   
      2631:     78930.000000           1           12.7034   
      2632:     78960.000000           1           12.7017   
      2633:     78990.000000           1           12.7009   
      2634:     79020.000000           1           12.7006   
      2635:     79050.000000           1           12.6988   
      2636:     79080.000000           1           12.6979   
      2637:     79110.000000           1           12.6960   
      2638:     79140.000000           1           12.6954   
      2639:     79170.000000           1           12.6928   
      2640:     79200.000000           1           12.6878   
      2641:     79230.000000           1           12.6856   
      2642:     79260.000000           1           12.6810   
      2643:     79290.000000           1           12.6757   
      2644:     79320.000000           1           12.6727   
      2645:     79350.000000           1           12.6692   
      2646:     79380.000000           1           12.6662   
      2647:     79410.000000           1           12.6639   
      2648:     79440.000000           1           12.6611   
      2649:     79470.000000           1           12.6575   
      2650:     79500.000000           1           12.6556   
      2651:     79530.000000           1           12.6530   
      2652:     79560.000000           1           12.6502   
      2653:     79590.000000           1           12.6475   
      2654:     79620.000000           1         -318.9199   
      2655:     79650.000000           1         -318.9222   
      2656:     79680.000000           1         -318.9250   
      2657:     79710.000000           1         -318.9299   
      2658:     79740.000000           1         -318.9284   
      2659:     79770.000000           1           12.6224   
      2660:     79800.000000           1           12.6211   
      2661:     79830.000000           1          -30.8206   
      2662:     79860.000000           1           12.6072   
      2663:     79890.000000           1           12.6015   
      2664:     79920.000000           1           12.5981   
      2665:     79950.000000           1           12.5955   
      2666:     79980.000000           1           12.5928   
      2667:     80010.000000           1           12.5850   
      2668:     80040.000000           1           12.5812   
      2669:     80070.000000           1           12.5772   
      2670:     80100.000000           1           12.5758   
      2671:     80130.000000           1           12.5736   
      2672:     80160.000000           1           12.5725   
      2673:     80190.000000           1           12.5690   
      2674:     80220.000000           1           12.5677   
      2675:     80250.000000           1           12.5630   
      2676:     80280.000000           1           12.5606   
      2677:     80310.000000           1           12.5568   
      2678:     80340.000000           1           12.5554   
      2679:     80370.000000           1           12.5525   
      2680:     80400.000000           1           12.5495   
      2681:     80430.000000           1           12.5471   
      2682:     80460.000000           1           12.5430   
      2683:     80490.000000           1           12.5417   
      2684:     80520.000000           1           12.5394   
      2685:     80550.000000           1           12.5370   
      2686:     80580.000000           1           12.5342   
      2687:     80610.000000           1           12.5298   
      2688:     80640.000000           1           12.5272   
      2689:     80670.000000           1           12.5250   
      2690:     80700.000000           1           12.5219   
      2691:     80730.000000           1           12.5198   
      2692:     80760.000000           1           12.5152   
      2693:     80790.000000           1          -30.9238   
      2694:     80820.000000           1           12.5030   
      2695:     80850.000000           1          -30.9330   
      2696:     80880.000000           1           12.4892   
      2697:     80910.000000           1           12.4875   
      2698:     80940.000000           1         -272.6262   
      2699:     80970.000000           1         -272.6326   
      2700:     81000.000000           1         -272.6371   
      2701:     81030.000000           1         -272.6303   
      2702:     81060.000000           1         -272.6475   
      2703:     81090.000000           1         -272.6260   
      2704:     81120.000000           1         -272.6109   
      2705:     81150.000000           1         -272.6008   
      2706:     81180.000000           1         -272.6037   
      2707:     81210.000000           1         -272.6156   
      2708:     81240.000000           1         -272.6185   
      2709:     81270.000000           1         -272.6091   
      2710:     81300.000000           1         -272.6041   
      2711:     81330.000000           1         -272.6037   
      2712:     81360.000000           1         -272.6019   
      2713:     81390.000000           1         -272.6074   
      2714:     81420.000000           1         -272.6212   
      2715:     81450.000000           1         -272.6237   
      2716:     81480.000000           1         -272.6337   
      2717:     81510.000000           1           12.4293   
      2718:     81540.000000           1         -272.6470   
      2719:     81570.000000           1         -272.6523   
      2720:     81600.000000           1         -272.6596   
      2721:     81630.000000           1         -272.6604   
      2722:     81660.000000           1         -272.6572   
      2723:     81690.000000           1         -272.6670   
      2724:     81720.000000           1         -272.6746   
      2725:     81750.000000           1         -272.6772   
      2726:     81780.000000           1         -272.6754   
      2727:     81810.000000           1         -272.6830   
      2728:     81840.000000           1         -272.6907   
      2729:     81870.000000           1         -272.6927   
      2730:     81900.000000           1         -272.6951   
      2731:     81930.000000           1         -272.6968   
      2732:     81960.000000           1         -272.6972   
      2733:     81990.000000           1         -272.6987   
      2734:     82020.000000           1           12.3753   
      2735:     82050.000000           1           12.3712   
      2736:     82080.000000           1           12.3686   
      2737:     82110.000000           1           12.3670   
      2738:     82140.000000           1           12.3655   
      2739:     82170.000000           1           12.3613   
      2740:     82200.000000           1           12.3583   
      2741:     82230.000000           1           12.3525   
      2742:     82260.000000           1          -31.0223   
      2743:     82290.000000           1          -31.0212   
      2744:     82320.000000           1          -31.0204   
      2745:     82350.000000           1          -31.0199   
      2746:     82380.000000           1          -31.0198   
      2747:     82410.000000           1          -31.0197   
      2748:     82440.000000           1          -31.0186   
      2749:     82470.000000           1          -31.0237   
      2750:     82500.000000           1          -31.0262   
      2751:     82530.000000           1          -31.0305   
      2752:     82560.000000           1          -31.0366   
      2753:     82590.000000           1          -31.0388   
      2754:     82620.000000           1          -31.0394   
      2755:     82650.000000           1          -31.0411   
      2756:     82680.000000           1          -31.0429   
      2757:     82710.000000           1          -31.0440   
      2758:     82740.000000           1          -31.0468   
      2759:     82770.000000           1          -31.0490   
      2760:     82800.000000           1          -31.0525   
      2761:     82830.000000           1          -31.0535   
      2762:     82860.000000           1          -31.0555   
      2763:     82890.000000           1          -31.0593   
      2764:     82920.000000           1          -31.0611   
      2765:     82950.000000           1          -31.0681   
      2766:     82980.000000           1          -31.0714   
      2767:     83010.000000           1            9.9104   
      2768:     83040.000000           1            9.9193   
      2769:     83070.000000           1            9.9203   
      2770:     83100.000000           1            9.9140   
      2771:     83130.000000           1            9.9155   
      2772:     83160.000000           1            9.9146   
      2773:     83190.000000           1            9.9102   
      2774:     83220.000000           1          -31.1015   
      2775:     83250.000000           1          -31.1049   
      2776:     83280.000000           1          -31.1060   
      2777:     83310.000000           1          -31.1094   
      2778:     83340.000000           1          -31.1128   
      2779:     83370.000000           1          -31.1131   
      2780:     83400.000000           1          -31.1184   
      2781:     83430.000000           1          -31.1213   
      2782:     83460.000000           1          -31.1244   
      2783:     83490.000000           1          -31.1267   
      2784:     83520.000000           1          -31.1348   
      2785:     83550.000000           1          -31.1386   
      2786:     83580.000000           1          -31.1436   
      2787:     83610.000000           1          -31.1460   
      2788:     83640.000000           1          -31.1521   
      2789:     83670.000000           1          -31.1541   
      2790:     83700.000000           1          -31.1572   
      2791:     83730.000000           1          -31.1583   
      2792:     83760.000000           1          -31.1671   
      2793:     83790.000000           1          -31.1706   
      2794:     83820.000000           1          -31.1716   
      2795:     83850.000000           1          -31.1746   
      2797:     83910.000000           1          -31.1813   
      2798:     83940.000000           1          -31.1811   
      2799:     83970.000000           1           12.1626   
      2800:     84000.000000           1           12.1565   
      2801:     84030.000000           1           12.1565   
      2802:     84060.000000           1           12.1556   
