       831:     24930.000000           1          350.5272   
       832:     24960.000000           1          350.5361   
       834:     25020.000000           1          350.5496   
       835:     25050.000000           1          350.5689   
       836:     25080.000000           1          350.5745   
       837:     25110.000000           1          350.5853   
       838:     25140.000000           1          350.5936   
       839:     25170.000000           1          350.5963   
       840:     25200.000000           1          350.6034   
       841:     25230.000000           1          350.6099   
       842:     25260.000000           1          350.6305   
       843:     25290.000000           1          -37.5686   
       844:     25320.000000           1          350.5525   
       845:     25350.000000           1          350.6205   
       846:     25380.000000           1          350.6245   
       847:     25410.000000           1          350.6471   
       848:     25440.000000           1          350.6593   
       849:     25470.000000           1          350.6755   
       850:     25500.000000           1          350.6917   
       851:     25530.000000           1          350.6913   
       852:     25560.000000           1          350.7081   
       853:     25590.000000           1          350.7146   
       854:     25620.000000           1          350.7223   
       855:     25650.000000           1          350.7345   
       856:     25680.000000           1          350.7383   
       857:     25710.000000           1          350.7432   
       858:     25740.000000           1          350.7380   
       859:     25770.000000           1          350.7453   
       860:     25800.000000           1          350.7419   
       861:     25830.000000           1          350.7515   
       862:     25860.000000           1          350.7561   
       863:     25890.000000           1          350.7630   
       864:     25920.000000           1         -125.5528   
       865:     25950.000000           1         -125.6963   
       866:     25980.000000           1         -125.8167   
       867:     26010.000000           1         -125.8405   
       868:     26040.000000           1         -125.8580   
       869:     26070.000000           1         -125.8611   
       870:     26100.000000           1         -125.8936   
       871:     26130.000000           1         -125.9014   
       872:     26160.000000           1         -125.9225   
       873:     26190.000000           1         -125.9376   
       874:     26220.000000           1         -125.9541   
       875:     26250.000000           1         -125.9800   
       876:     26280.000000           1         -125.9942   
       877:     26310.000000           1         -126.0209   
       878:     26340.000000           1         -126.0508   
       879:     26370.000000           1         -126.0616   
       880:     26400.000000           1         -126.0768   
       881:     26430.000000           1         -126.0796   
       882:     26460.000000           1         -126.0926   
       883:     26490.000000           1         -126.0982   
       884:     26520.000000           1         -126.0998   
       885:     26550.000000           1         -126.1145   
       886:     26580.000000           1         -126.1288   
       887:     26610.000000           1         -126.1457   
       888:     26640.000000           1         -126.1570   
       889:     26670.000000           1         -126.1686   
       890:     26700.000000           1         -126.2152   
       891:     26730.000000           1         -126.2302   
       892:     26760.000000           1         -126.2317   
       893:     26790.000000           1         -126.2389   
       894:     26820.000000           1         -126.2349   
       895:     26850.000000           1         -126.2508   
       896:     26880.000000           1         -126.2486   
       897:     26910.000000           1         -126.2488   
       898:     26940.000000           1         -126.2546   
       899:     26970.000000           1         -126.2526   
       900:     27000.000000           1         -126.2476   
       901:     27030.000000           1         -126.2474   
       902:     27060.000000           1         -126.2564   
       903:     27090.000000           1         -126.2580   
       904:     27120.000000           1         -126.2513   
       905:     27150.000000           1         -126.2326   
       906:     27180.000000           1         -126.2182   
       907:     27210.000000           1         -126.2117   
       908:     27240.000000           1         -126.2078   
       909:     27270.000000           1         -126.2130   
       910:     27300.000000           1         -126.2221   
       911:     27330.000000           1         -126.2300   
       912:     27360.000000           1         -126.2416   
       913:     27390.000000           1         -126.2429   
       914:     27420.000000           1         -126.2345   
       915:     27450.000000           1         -126.2306   
       916:     27480.000000           1         -126.2279   
       917:     27510.000000           1         -126.2323   
       918:     27540.000000           1         -126.2309   
       919:     27570.000000           1         -126.2233   
       920:     27600.000000           1         -126.2196   
       921:     27630.000000           1         -126.2217   
       922:     27660.000000           1         -126.2278   
       923:     27690.000000           1         -126.2207   
       924:     27720.000000           1         -126.2218   
       925:     27750.000000           1         -126.2160   
       926:     27780.000000           1         -126.2135   
       927:     27810.000000           1         -126.2167   
       928:     27840.000000           1         -126.2139   
       929:     27870.000000           1         -126.2160   
       930:     27900.000000           1         -126.2095   
       931:     27930.000000           1         -126.1899   
       932:     27960.000000           1         -126.1770   
       933:     27990.000000           1         -126.1825   
       934:     28020.000000           1         -126.1794   
       935:     28050.000000           1         -126.1799   
       936:     28080.000000           1         -126.1787   
       937:     28110.000000           1         -126.1779   
       938:     28140.000000           1         -126.1724   
       939:     28170.000000           1         -126.1641   
       940:     28200.000000           1         -126.1649   
       941:     28230.000000           1         -126.1545   
       942:     28260.000000           1          -36.8047   
       943:     28290.000000           1         -126.1553   
       944:     28320.000000           1          -36.7897   
       945:     28350.000000           1          -36.7835   
       946:     28380.000000           1          -36.7772   
       947:     28410.000000           1          -36.7778   
       948:     28440.000000           1          -36.7711   
       949:     28470.000000           1          -36.7632   
       950:     28500.000000           1          -36.7555   
       951:     28530.000000           1          -36.7343   
       952:     28560.000000           1          -36.7342   
       953:     28590.000000           1          -36.7202   
       954:     28620.000000           1          -36.7211   
       955:     28650.000000           1          -36.7112   
       956:     28680.000000           1          -36.7090   
       957:     28710.000000           1          -36.7032   
       958:     28740.000000           1          -36.6988   
       959:     28770.000000           1          -36.6911   
       960:     28800.000000           1          -36.6802   
       961:     28830.000000           1          -36.6729   
       962:     28860.000000           1          -36.6634   
       963:     28890.000000           1          -36.6498   
       964:     28920.000000           1          -36.6401   
       965:     28950.000000           1          -36.6230   
       966:     28980.000000           1          -36.6213   
       967:     29010.000000           1          -36.6105   
       968:     29040.000000           1          -36.6014   
       969:     29070.000000           1         -126.0579   
       970:     29100.000000           1         -126.0555   
       971:     29130.000000           1         -126.0505   
       972:     29160.000000           1         -126.0487   
       973:     29190.000000           1         -126.0481   
       974:     29220.000000           1         -126.0484   
       975:     29250.000000           1         -126.0456   
       976:     29280.000000           1         -126.0422   
       977:     29310.000000           1         -126.0351   
       978:     29340.000000           1         -126.0326   
       979:     29370.000000           1         -126.0244   
       980:     29400.000000           1         -126.0302   
       981:     29430.000000           1         -126.0225   
       982:     29460.000000           1         -126.0193   
       983:     29490.000000           1         -126.0179   
       984:     29520.000000           1         -126.0129   
       985:     29550.000000           1         -126.0079   
       986:     29580.000000           1         -126.0064   
       987:     29610.000000           1         -125.9988   
       988:     29640.000000           1         -125.9962   
       989:     29670.000000           1         -125.9931   
       990:     29700.000000           1         -125.9826   
       991:     29730.000000           1         -125.9758   
       992:     29760.000000           1         -125.9636   
       993:     29790.000000           1         -125.9591   
       994:     29820.000000           1         -125.9618   
       995:     29850.000000           1         -125.9633   
       996:     29880.000000           1         -125.9678   
       997:     29910.000000           1         -125.9677   
       998:     29940.000000           1         -125.9734   
       999:     29970.000000           1         -125.9705   
      1000:     30000.000000           1         -125.9740   
      1001:     30030.000000           1         -125.9722   
      1002:     30060.000000           1         -125.9772   
      1003:     30090.000000           1         -125.9745   
      1004:     30120.000000           1         -125.9784   
      1005:     30150.000000           1         -125.9794   
      1006:     30180.000000           1         -125.9912   
      1007:     30210.000000           1         -125.9966   
      1008:     30240.000000           1         -125.9941   
      1009:     30270.000000           1         -125.9902   
      1010:     30300.000000           1         -125.9913   
      1011:     30330.000000           1         -125.9854   
      1012:     30360.000000           1         -125.9879   
      1013:     30390.000000           1         -125.9818   
      1014:     30420.000000           1         -125.9685   
      1015:     30450.000000           1         -125.9658   
      1016:     30480.000000           1         -125.9549   
      1017:     30510.000000           1         -125.9487   
      1018:     30540.000000           1         -125.9359   
      1019:     30570.000000           1         -125.9321   
      1020:     30600.000000           1         -125.9313   
      1021:     30630.000000           1         -125.9223   
      1022:     30660.000000           1         -125.9175   
      1023:     30690.000000           1         -125.9143   
      1024:     30720.000000           1         -125.9035   
      1025:     30750.000000           1         -125.8970   
      1026:     30780.000000           1         -125.8867   
      1027:     30810.000000           1         -125.8759   
      1028:     30840.000000           1         -125.8767   
      1029:     30870.000000           1         -125.8718   
      1030:     30900.000000           1         -125.8617   
      1031:     30930.000000           1         -125.8537   
      1032:     30960.000000           1         -125.8482   
      1033:     30990.000000           1         -125.8562   
      1034:     31020.000000           1         -125.8574   
      1035:     31050.000000           1         -125.8602   
      1036:     31080.000000           1         -125.8564   
      1037:     31110.000000           1         -125.8488   
      1038:     31140.000000           1         -125.8475   
      1039:     31170.000000           1         -125.8513   
      1040:     31200.000000           1         -125.8468   
      1041:     31230.000000           1         -125.8393   
      1042:     31260.000000           1         -125.8275   
      1043:     31290.000000           1         -125.8196   
      1044:     31320.000000           1         -125.8131   
      1045:     31350.000000           1         -125.8109   
      1046:     31380.000000           1         -125.8129   
      1047:     31410.000000           1         -125.8072   
      1048:     31440.000000           1         -125.8013   
      1049:     31470.000000           1         -125.7964   
      1050:     31500.000000           1         -125.7957   
      1051:     31530.000000           1         -125.7909   
      1052:     31560.000000           1         -125.7816   
      1053:     31590.000000           1         -125.7663   
      1054:     31620.000000           1         -125.7562   
      1055:     31650.000000           1         -125.7471   
      1056:     31680.000000           1         -125.7447   
      1057:     31710.000000           1         -125.7416   
      1058:     31740.000000           1         -125.7332   
      1059:     31770.000000           1         -125.7279   
      1060:     31800.000000           1         -125.7198   
      1061:     31830.000000           1         -125.7113   
      1062:     31860.000000           1         -125.7023   
      1063:     31890.000000           1         -125.6961   
      1064:     31920.000000           1         -125.6938   
      1065:     31950.000000           1         -125.6923   
      1066:     31980.000000           1         -125.6876   
      1067:     32010.000000           1         -125.6906   
      1068:     32040.000000           1         -125.6929   
      1069:     32070.000000           1         -125.6961   
      1070:     32100.000000           1         -125.6940   
      1071:     32130.000000           1         -125.6865   
      1072:     32160.000000           1         -125.6818   
      1073:     32190.000000           1         -125.6730   
      1074:     32220.000000           1         -125.6717   
      1075:     32250.000000           1         -125.6667   
      1076:     32280.000000           1         -125.6593   
      1077:     32310.000000           1         -125.6573   
      1078:     32340.000000           1         -125.6426   
      1079:     32370.000000           1         -125.6367   
      1080:     32400.000000           1         -125.6346   
      1081:     32430.000000           1         -125.6439   
      1082:     32460.000000           1         -125.6394   
      1083:     32490.000000           1         -125.6374   
      1084:     32520.000000           1         -125.6326   
      1085:     32550.000000           1         -125.6284   
      1086:     32580.000000           1         -125.6214   
      1087:     32610.000000           1         -125.6218   
      1088:     32640.000000           1         -125.6168   
      1089:     32670.000000           1         -125.6134   
      1090:     32700.000000           1         -125.6049   
      1091:     32730.000000           1         -125.6039   
      1092:     32760.000000           1         -125.5930   
      1093:     32790.000000           1         -125.5965   
      1094:     32820.000000           1         -125.6005   
      1095:     32850.000000           1         -125.5997   
      1096:     32880.000000           1         -125.5917   
      1097:     32910.000000           1         -125.5944   
      1098:     32940.000000           1         -125.5782   
      1099:     32970.000000           1         -125.5755   
      1100:     33000.000000           1         -125.5687   
      1101:     33030.000000           1         -125.5572   
      1102:     33060.000000           1         -125.5558   
      1103:     33090.000000           1         -125.5503   
      1104:     33120.000000           1         -125.5490   
      1105:     33150.000000           1         -125.5451   
      1106:     33180.000000           1         -125.5376   
      1107:     33210.000000           1         -125.5316   
      1108:     33240.000000           1         -125.5246   
      1109:     33270.000000           1         -125.5156   
      1110:     33300.000000           1         -125.5079   
      1111:     33330.000000           1         -125.4918   
      1112:     33360.000000           1         -125.4858   
      1113:     33390.000000           1         -125.4778   
      1114:     33420.000000           1         -125.4664   
      1115:     33450.000000           1         -125.4570   
      1116:     33480.000000           1         -125.4463   
      1117:     33510.000000           1         -125.4351   
      1118:     33540.000000           1         -125.4295   
      1119:     33570.000000           1         -125.4203   
      1120:     33600.000000           1         -125.4137   
      1121:     33630.000000           1         -125.4077   
      1122:     33660.000000           1         -125.4112   
      1123:     33690.000000           1         -125.4187   
      1124:     33720.000000           1         -125.4131   
      1125:     33750.000000           1         -125.4071   
      1126:     33780.000000           1         -125.4001   
      1127:     33810.000000           1         -125.3955   
      1128:     33840.000000           1         -125.3982   
      1129:     33870.000000           1         -125.3850   
      1130:     33900.000000           1         -125.3841   
      1131:     33930.000000           1         -125.3817   
      1132:     33960.000000           1          -35.6479   
      1133:     33990.000000           1          -35.6420   
      1134:     34020.000000           1          -35.6203   
      1135:     34050.000000           1          -35.6062   
      1136:     34080.000000           1          -35.5917   
      1137:     34110.000000           1          -35.5877   
      1138:     34140.000000           1          -35.5846   
      1139:     34170.000000           1          -35.5692   
      1140:     34200.000000           1          -35.5609   
      1141:     34230.000000           1          -35.5620   
      1142:     34260.000000           1          -35.5605   
      1143:     34290.000000           1          -35.5606   
      1144:     34320.000000           1          -35.5522   
      1145:     34350.000000           1          -35.5437   
      1146:     34380.000000           1          -35.5363   
      1147:     34410.000000           1          -35.5370   
      1148:     34440.000000           1          -35.5341   
      1149:     34470.000000           1          -35.5264   
      1150:     34500.000000           1          -35.5103   
      1151:     34530.000000           1          -35.5072   
      1152:     34560.000000           1          -35.4944   
      1153:     34590.000000           1          -35.4792   
      1154:     34620.000000           1          -35.4745   
      1155:     34650.000000           1          -35.4720   
      1156:     34680.000000           1          -35.4661   
      1157:     34710.000000           1          -35.4618   
      1158:     34740.000000           1          -35.4604   
      1159:     34770.000000           1          -35.4583   
      1160:     34800.000000           1          -35.4533   
      1161:     34830.000000           1          -35.4475   
      1162:     34860.000000           1          -35.4442   
      1163:     34890.000000           1          -35.4368   
      1164:     34920.000000           1          -35.4316   
      1165:     34950.000000           1         -125.1562   
      1166:     34980.000000           1         -125.1480   
      1167:     35010.000000           1         -125.1451   
      1168:     35040.000000           1         -125.1417   
      1169:     35070.000000           1         -125.1394   
      1170:     35100.000000           1          -35.4017   
      1171:     35130.000000           1         -125.1198   
      1172:     35160.000000           1          -35.3677   
      1173:     35190.000000           1         -125.0991   
      1174:     35220.000000           1         -125.0918   
      1175:     35250.000000           1          -35.3450   
      1176:     35280.000000           1          -35.3381   
      1177:     35310.000000           1          -35.3283   
      1178:     35340.000000           1          -35.3250   
      1179:     35370.000000           1          -35.3182   
      1180:     35400.000000           1          -35.3072   
      1181:     35430.000000           1          -35.3029   
      1182:     35460.000000           1          -35.2947   
      1183:     35490.000000           1          -35.2867   
      1184:     35520.000000           1          -35.2769   
      1185:     35550.000000           1          -35.2684   
      1186:     35580.000000           1          -35.2611   
      1187:     35610.000000           1          -35.2543   
      1188:     35640.000000           1          -35.2462   
      1189:     35670.000000           1          -35.2390   
      1190:     35700.000000           1          -35.2363   
      1191:     35730.000000           1          -35.2295   
      1192:     35760.000000           1          -35.2222   
      1193:     35790.000000           1          -35.2143   
      1194:     35820.000000           1          -35.2035   
      1195:     35850.000000           1          -35.1903   
      1196:     35880.000000           1          -35.1782   
      1197:     35910.000000           1          -35.1680   
      1198:     35940.000000           1          -35.1564   
      1199:     35970.000000           1          -35.1514   
      1200:     36000.000000           1          -35.1396   
      1201:     36030.000000           1         -124.8715   
      1202:     36060.000000           1          -35.1343   
      1203:     36090.000000           1          -35.1370   
      1204:     36120.000000           1          -35.1366   
      1205:     36150.000000           1         -124.8595   
      1206:     36180.000000           1         -124.8607   
      1207:     36210.000000           1         -124.8647   
      1208:     36240.000000           1         -124.8576   
      1209:     36270.000000           1         -124.8681   
      1210:     36300.000000           1         -124.8590   
      1211:     36330.000000           1         -124.8569   
      1212:     36360.000000           1         -124.8592   
      1213:     36390.000000           1         -124.8548   
      1214:     36420.000000           1         -124.8478   
      1215:     36450.000000           1         -124.8431   
      1216:     36480.000000           1          -35.1119   
      1217:     36510.000000           1          -35.1069   
      1218:     36540.000000           1         -124.8338   
      1219:     36570.000000           1          -35.1037   
      1220:     36600.000000           1          -35.0974   
      1221:     36630.000000           1          -35.0898   
      1222:     36660.000000           1          -35.0894   
      1223:     36690.000000           1          -35.0780   
      1224:     36720.000000           1          -35.0776   
      1225:     36750.000000           1          -35.0712   
      1226:     36780.000000           1          -35.0658   
      1227:     36810.000000           1          -35.0619   
      1228:     36840.000000           1          -35.0603   
      1229:     36870.000000           1          -35.0561   
      1230:     36900.000000           1          -35.0489   
      1231:     36930.000000           1          -35.0485   
      1232:     36960.000000           1          -35.0468   
      1233:     36990.000000           1          -35.0422   
      1234:     37020.000000           1          -35.0375   
      1235:     37050.000000           1          -35.0363   
      1236:     37080.000000           1          -35.0334   
      1237:     37110.000000           1          -35.0280   
      1238:     37140.000000           1          -35.0276   
      1239:     37170.000000           1          -35.0278   
      1240:     37200.000000           1          -35.0334   
      1241:     37230.000000           1          -35.0342   
      1242:     37260.000000           1          -35.0310   
      1243:     37290.000000           1          -35.0233   
      1244:     37320.000000           1          -35.0216   
      1245:     37350.000000           1          -35.0121   
      1246:     37380.000000           1          -35.0063   
      1247:     37410.000000           1          -34.9985   
      1248:     37440.000000           1          -34.9983   
      1249:     37470.000000           1          -34.9905   
      1250:     37500.000000           1          -34.9813   
      1251:     37530.000000           1          -34.9770   
      1252:     37560.000000           1          -34.9782   
      1253:     37590.000000           1          -34.9712   
      1254:     37620.000000           1          -34.9672   
      1255:     37650.000000           1          -34.9628   
      1256:     37680.000000           1         -124.6798   
      1257:     37710.000000           1         -124.6784   
      1258:     37740.000000           1          -34.9448   
      1259:     37770.000000           1         -124.6512   
      1260:     37800.000000           1         -124.6422   
      1261:     37830.000000           1         -124.6364   
      1262:     37860.000000           1         -124.6312   
      1263:     37890.000000           1         -124.6249   
      1264:     37920.000000           1          -34.8997   
      1265:     37950.000000           1         -124.6007   
      1266:     37980.000000           1         -124.5953   
      1267:     38010.000000           1         -124.5941   
      1268:     38040.000000           1         -124.5875   
      1269:     38070.000000           1         -124.5856   
      1270:     38100.000000           1         -124.5748   
      1271:     38130.000000           1         -124.5700   
      1272:     38160.000000           1         -124.5732   
      1273:     38190.000000           1         -124.5661   
      1274:     38220.000000           1         -124.5655   
      1275:     38250.000000           1         -124.5646   
      1276:     38280.000000           1         -124.5601   
      1277:     38310.000000           1         -124.5526   
      1278:     38340.000000           1         -124.5495   
      1279:     38370.000000           1         -124.5471   
      1280:     38400.000000           1         -124.5529   
      1281:     38430.000000           1         -124.5506   
      1282:     38460.000000           1         -124.5510   
      1283:     38490.000000           1         -124.5498   
      1284:     38520.000000           1         -124.5464   
      1285:     38550.000000           1         -124.5355   
      1286:     38580.000000           1         -124.5318   
      1287:     38610.000000           1         -124.5313   
      1288:     38640.000000           1         -124.5257   
      1289:     38670.000000           1         -124.5265   
      1290:     38700.000000           1         -124.5266   
      1291:     38730.000000           1         -124.5187   
      1292:     38760.000000           1         -124.5147   
      1293:     38790.000000           1         -124.5138   
      1294:     38820.000000           1         -124.5195   
      1295:     38850.000000           1         -124.5136   
      1296:     38880.000000           1         -124.5068   
      1297:     38910.000000           1         -124.5035   
      1298:     38940.000000           1         -124.5003   
      1299:     38970.000000           1         -124.4953   
      1300:     39000.000000           1         -124.4911   
      1301:     39030.000000           1         -124.4899   
      1302:     39060.000000           1         -124.4848   
      1303:     39090.000000           1         -124.4819   
      1304:     39120.000000           1         -124.4683   
      1305:     39150.000000           1         -124.4653   
      1306:     39180.000000           1         -124.4670   
      1307:     39210.000000           1         -124.4670   
      1308:     39240.000000           1         -124.4610   
      1309:     39270.000000           1         -124.4631   
      1310:     39300.000000           1         -124.4625   
      1311:     39330.000000           1         -124.4603   
      1312:     39360.000000           1         -124.4571   
      1313:     39390.000000           1         -124.4574   
      1314:     39420.000000           1         -124.4573   
      1315:     39450.000000           1         -124.4550   
      1316:     39480.000000           1         -124.4554   
      1317:     39510.000000           1         -124.4487   
      1318:     39540.000000           1         -124.4481   
      1319:     39570.000000           1         -124.4423   
      1320:     39600.000000           1         -124.4403   
      1321:     39630.000000           1         -124.4331   
      1322:     39660.000000           1         -124.4310   
      1323:     39690.000000           1         -124.4295   
      1324:     39720.000000           1         -124.4303   
      1325:     39750.000000           1         -124.4275   
      1326:     39780.000000           1         -124.4247   
      1327:     39810.000000           1         -124.4193   
      1328:     39840.000000           1         -124.4148   
      1329:     39870.000000           1         -124.4126   
      1330:     39900.000000           1         -124.4111   
      1331:     39930.000000           1         -124.4076   
      1332:     39960.000000           1         -124.4031   
      1333:     39990.000000           1         -124.4058   
      1334:     40020.000000           1         -124.4100   
      1335:     40050.000000           1         -124.4050   
      1336:     40080.000000           1         -124.4037   
      1337:     40110.000000           1         -124.3957   
      1338:     40140.000000           1         -124.3982   
      1339:     40170.000000           1         -124.3976   
      1340:     40200.000000           1         -124.3940   
      1341:     40230.000000           1         -124.3899   
      1342:     40260.000000           1         -124.3842   
      1343:     40290.000000           1         -124.3833   
      1344:     40320.000000           1         -124.3782   
      1345:     40350.000000           1         -124.3762   
      1346:     40380.000000           1         -124.3739   
      1347:     40410.000000           1         -124.3673   
      1348:     40440.000000           1         -124.3686   
      1349:     40470.000000           1         -124.3651   
      1350:     40500.000000           1         -124.3608   
      1351:     40530.000000           1         -124.3556   
      1352:     40560.000000           1         -124.3513   
      1353:     40590.000000           1         -124.3509   
      1354:     40620.000000           1         -124.3470   
      1355:     40650.000000           1         -124.3418   
      1356:     40680.000000           1         -124.3382   
      1357:     40710.000000           1         -124.3319   
      1358:     40740.000000           1         -124.3289   
      1359:     40770.000000           1         -124.3313   
      1360:     40800.000000           1         -124.3242   
      1361:     40830.000000           1         -124.3244   
      1362:     40860.000000           1         -124.3231   
      1363:     40890.000000           1         -124.3202   
      1364:     40920.000000           1         -124.3184   
      1365:     40950.000000           1         -124.3150   
      1366:     40980.000000           1         -124.3125   
      1367:     41010.000000           1         -124.3072   
      1368:     41040.000000           1         -124.3045   
      1369:     41070.000000           1         -124.3017   
      1370:     41100.000000           1         -124.3001   
      1371:     41130.000000           1         -124.2952   
      1372:     41160.000000           1         -124.2933   
      1373:     41190.000000           1         -124.2900   
      1374:     41220.000000           1         -124.2930   
      1375:     41250.000000           1         -124.2935   
      1376:     41280.000000           1         -124.2945   
      1377:     41310.000000           1         -124.2870   
      1378:     41340.000000           1         -124.2882   
      1379:     41370.000000           1         -124.2920   
      1380:     41400.000000           1         -124.2942   
      1381:     41430.000000           1         -124.2920   
      1382:     41460.000000           1         -124.2906   
      1383:     41490.000000           1         -124.2846   
      1384:     41520.000000           1         -124.2845   
      1385:     41550.000000           1         -124.2841   
      1386:     41580.000000           1         -124.2852   
      1387:     41610.000000           1         -124.2856   
      1388:     41640.000000           1         -124.2849   
      1389:     41670.000000           1         -124.2834   
      1390:     41700.000000           1         -124.2817   
      1391:     41730.000000           1         -124.2868   
      1392:     41760.000000           1         -124.2906   
      1393:     41790.000000           1         -124.2934   
      1394:     41820.000000           1         -124.2916   
      1395:     41850.000000           1         -124.2950   
      1396:     41880.000000           1         -124.2960   
      1397:     41910.000000           1         -124.2938   
      1398:     41940.000000           1         -124.2918   
      1399:     41970.000000           1         -124.2944   
      1400:     42000.000000           1         -124.2925   
      1401:     42030.000000           1         -124.2903   
      1402:     42060.000000           1         -124.2904   
      1403:     42090.000000           1         -124.2912   
      1404:     42120.000000           1         -124.2925   
      1405:     42150.000000           1         -124.2973   
      1406:     42180.000000           1         -124.2983   
      1407:     42210.000000           1         -124.2997   
      1408:     42240.000000           1         -124.3006   
      1409:     42270.000000           1         -124.3060   
      1410:     42300.000000           1         -124.3081   
      1411:     42330.000000           1         -124.3063   
      1412:     42360.000000           1         -124.3085   
      1413:     42390.000000           1         -124.3162   
      1414:     42420.000000           1         -124.3181   
      1415:     42450.000000           1         -124.3205   
      1416:     42480.000000           1         -124.3225   
      1417:     42510.000000           1         -124.3253   
      1418:     42540.000000           1         -124.3237   
      1419:     42570.000000           1         -124.3225   
      1420:     42600.000000           1         -124.3220   
      1421:     42630.000000           1         -124.3182   
      1422:     42660.000000           1         -124.3131   
      1423:     42690.000000           1         -124.3110   
      1424:     42720.000000           1         -124.3126   
      1425:     42750.000000           1         -124.3069   
      1426:     42780.000000           1         -124.2974   
      1427:     42810.000000           1         -124.2936   
      1428:     42840.000000           1         -124.2924   
      1429:     42870.000000           1         -124.2924   
      1430:     42900.000000           1         -124.2925   
      1431:     42930.000000           1         -124.2892   
      1432:     42960.000000           1         -124.2899   
      1433:     42990.000000           1         -124.2915   
      1434:     43020.000000           1         -124.2889   
      1435:     43050.000000           1         -124.2905   
      1436:     43080.000000           1         -124.2902   
      1437:     43110.000000           1         -124.2874   
      1438:     43140.000000           1         -124.2822   
      1439:     43170.000000           1         -124.2776   
      1440:     43200.000000           1         -124.2729   
      1441:     43230.000000           1         -124.2676   
      1442:     43260.000000           1         -124.2665   
      1443:     43290.000000           1         -124.2633   
      1444:     43320.000000           1         -124.2637   
      1445:     43350.000000           1         -124.2636   
      1446:     43380.000000           1         -124.2614   
      1447:     43410.000000           1         -124.2564   
      1448:     43440.000000           1         -124.2537   
      1449:     43470.000000           1         -124.2550   
      1450:     43500.000000           1         -124.2547   
      1451:     43530.000000           1         -124.2534   
      1452:     43560.000000           1         -124.2494   
      1453:     43590.000000           1         -124.2485   
      1454:     43620.000000           1         -124.2463   
      1455:     43650.000000           1         -124.2420   
      1456:     43680.000000           1         -124.2423   
      1457:     43710.000000           1         -124.2444   
      1458:     43740.000000           1         -124.2540   
      1459:     43770.000000           1         -124.2619   
      1460:     43800.000000           1         -124.2638   
      1461:     43830.000000           1         -124.2630   
      1462:     43860.000000           1         -124.2637   
      1463:     43890.000000           1         -124.2634   
      1464:     43920.000000           1         -124.2639   
      1465:     43950.000000           1         -124.2617   
      1466:     43980.000000           1         -124.2607   
      1467:     44010.000000           1         -124.2533   
      1468:     44040.000000           1         -124.2500   
      1469:     44070.000000           1         -124.2477   
      1470:     44100.000000           1         -124.2403   
      1471:     44130.000000           1         -124.2382   
      1472:     44160.000000           1         -124.2422   
      1473:     44190.000000           1         -124.2470   
      1474:     44220.000000           1         -124.2529   
      1475:     44250.000000           1         -124.2529   
      1476:     44280.000000           1         -124.2518   
      1477:     44310.000000           1         -124.2538   
      1478:     44340.000000           1         -124.2530   
      1479:     44370.000000           1         -124.2530   
      1480:     44400.000000           1         -124.2529   
      1481:     44430.000000           1         -124.2552   
      1482:     44460.000000           1         -124.2600   
      1483:     44490.000000           1         -124.2617   
      1484:     44520.000000           1         -124.2665   
      1485:     44550.000000           1         -124.2707   
      1486:     44580.000000           1         -124.2774   
      1487:     44610.000000           1         -124.2811   
      1488:     44640.000000           1         -124.2796   
      1489:     44670.000000           1         -124.2772   
      1490:     44700.000000           1         -124.2783   
      1491:     44730.000000           1         -124.2829   
      1492:     44760.000000           1         -124.2841   
      1493:     44790.000000           1         -124.2793   
      1494:     44820.000000           1         -124.2739   
      1495:     44850.000000           1         -124.2701   
      1496:     44880.000000           1         -124.2642   
      1497:     44910.000000           1         -124.2600   
      1498:     44940.000000           1         -124.2565   
      1499:     44970.000000           1         -124.2550   
      1500:     45000.000000           1         -124.2500   
      1501:     45030.000000           1         -124.2532   
      1502:     45060.000000           1         -124.2592   
      1503:     45090.000000           1         -124.2642   
      1504:     45120.000000           1         -124.2723   
      1505:     45150.000000           1         -124.2805   
      1506:     45180.000000           1         -124.2826   
      1507:     45210.000000           1         -124.2876   
      1508:     45240.000000           1         -124.2943   
      1509:     45270.000000           1         -124.2938   
      1510:     45300.000000           1         -124.2968   
      1511:     45330.000000           1         -124.3015   
      1512:     45360.000000           1         -124.3018   
      1513:     45390.000000           1         -124.3013   
      1514:     45420.000000           1         -124.3022   
      1515:     45450.000000           1         -124.3010   
      1516:     45480.000000           1         -124.3003   
      1517:     45510.000000           1         -124.3015   
      1518:     45540.000000           1         -124.3015   
      1519:     45570.000000           1         -124.3006   
      1520:     45600.000000           1         -124.3001   
      1521:     45630.000000           1         -124.2988   
      1522:     45660.000000           1         -124.2935   
      1523:     45690.000000           1         -124.2928   
      1524:     45720.000000           1         -124.2941   
      1525:     45750.000000           1         -124.2960   
      1526:     45780.000000           1         -124.2994   
      1527:     45810.000000           1           42.7570   
      1528:     45840.000000           1         -124.1586   
      1529:     45870.000000           1           42.7728   
      1530:     45900.000000           1         -124.5176   
      1531:     45930.000000           1         -124.4533   
      1532:     45960.000000           1         -124.3538   
      1533:     45990.000000           1         -124.3993   
      1534:     46020.000000           1         -124.4245   
      1535:     46050.000000           1         -124.4247   
      1536:     46080.000000           1         -124.4220   
      1537:     46110.000000           1           42.8048   
      1538:     46140.000000           1         -124.3330   
      1539:     46170.000000           1         -124.3294   
      1540:     46200.000000           1         -124.2855   
      1541:     46230.000000           1         -124.3240   
      1542:     46260.000000           1         -124.3760   
      1543:     46290.000000           1         -124.3926   
      1544:     46320.000000           1         -124.3923   
      1545:     46350.000000           1           42.8049   
      1546:     46380.000000           1         -124.4253   
      1547:     46410.000000           1         -124.4559   
      1548:     46440.000000           1         -124.4332   
      1549:     46470.000000           1         -124.3864   
      1550:     46500.000000           1         -124.3963   
      1551:     46530.000000           1         -124.3898   
      1552:     46560.000000           1         -124.4002   
      1553:     46590.000000           1         -124.3704   
      1554:     46620.000000           1         -124.3709   
      1555:     46650.000000           1         -124.3600   
      1556:     46680.000000           1         -124.3787   
      1557:     46710.000000           1         -124.3814   
      1558:     46740.000000           1         -124.3974   
      1559:     46770.000000           1         -124.4030   
      1560:     46800.000000           1           42.7066   
      1561:     46830.000000           1         -124.6627   
      1562:     46860.000000           1         -124.6231   
      1563:     46890.000000           1         -124.6369   
      1564:     46920.000000           1         -124.6022   
      1565:     46950.000000           1         -124.5717   
      1566:     46980.000000           1         -124.5827   
      1567:     47010.000000           1         -124.5468   
      1568:     47040.000000           1         -124.5299   
      1569:     47070.000000           1         -124.5243   
      1570:     47100.000000           1         -124.5328   
      1571:     47130.000000           1         -124.5380   
      1572:     47160.000000           1         -124.5543   
      1573:     47190.000000           1         -124.5622   
      1574:     47220.000000           1           42.6438   
      1575:     47250.000000           1         -707.1955   
      1576:     47280.000000           1         -707.1156   
      1577:     47310.000000           1         -707.0522   
      1578:     47340.000000           1         -706.9485   
      1579:     47370.000000           1         -706.9633   
      1580:     47400.000000           1         -706.9539   
      1581:     47430.000000           1           42.6287   
      1582:     47460.000000           1           42.6230   
      1583:     47490.000000           1           42.6168   
      1584:     47520.000000           1           42.6114   
      1585:     47550.000000           1           42.6020   
      1586:     47580.000000           1           42.5969   
      1587:     47610.000000           1           42.5929   
      1588:     47640.000000           1           42.5870   
      1589:     47670.000000           1           42.5817   
      1590:     47700.000000           1           42.5812   
      1591:     47730.000000           1           42.5771   
      1592:     47760.000000           1           42.5731   
      1593:     47790.000000           1           42.5719   
      1594:     47820.000000           1           42.5745   
      1595:     47850.000000           1           42.5735   
      1596:     47880.000000           1           42.5723   
      1597:     47910.000000           1           42.5705   
      1598:     47940.000000           1           42.5732   
      1599:     47970.000000           1           42.5724   
      1600:     48000.000000           1           42.5724   
      1601:     48030.000000           1           42.5752   
      1603:     48090.000000           1           42.5791   
      1604:     48120.000000           1           42.5782   
      1605:     48150.000000           1           42.5791   
      1606:     48180.000000           1           42.5739   
      1607:     48210.000000           1           42.5680   
      2169:     65070.000000           1          148.1204   
      2170:     65100.000000           1          148.1235   
      2172:     65160.000000           1          148.1278   
      2173:     65190.000000           1          148.1267   
      2174:     65220.000000           1          148.1278   
      2175:     65250.000000           1          148.1262   
      2176:     65280.000000           1          148.1233   
      2177:     65310.000000           1          148.1227   
      2178:     65340.000000           1          148.1217   
      2179:     65370.000000           1          148.1199   
      2180:     65400.000000           1          148.1221   
      2181:     65430.000000           1          148.1241   
      2182:     65460.000000           1          148.1288   
      2183:     65490.000000           1          148.1302   
      2184:     65520.000000           1          148.1348   
      2185:     65550.000000           1          148.1385   
      2186:     65580.000000           1          148.1393   
      2187:     65610.000000           1          148.1421   
      2188:     65640.000000           1          148.1452   
      2189:     65670.000000           1          -18.5297   
      2190:     65700.000000           1          148.3676   
      2191:     65730.000000           1          148.2802   
      2192:     65760.000000           1          148.2703   
      2193:     65790.000000           1          148.2838   
      2194:     65820.000000           1          148.2700   
      2195:     65850.000000           1          148.2724   
      2196:     65880.000000           1          148.2955   
      2197:     65910.000000           1          148.2924   
      2198:     65940.000000           1          148.2869   
      2199:     65970.000000           1          148.2995   
      2200:     66000.000000           1          148.3154   
      2201:     66030.000000           1          148.2883   
      2202:     66060.000000           1          148.2972   
      2203:     66090.000000           1          148.2929   
      2204:     66120.000000           1          148.2923   
      2205:     66150.000000           1          148.2894   
      2206:     66180.000000           1          148.2948   
      2207:     66210.000000           1          148.2945   
      2208:     66240.000000           1          148.2908   
      2209:     66270.000000           1          148.2879   
      2210:     66300.000000           1          148.2887   
      2211:     66330.000000           1          148.2906   
      2212:     66360.000000           1          148.2890   
      2213:     66390.000000           1          148.2857   
      2214:     66420.000000           1          148.2819   
      2215:     66450.000000           1          148.2773   
      2216:     66480.000000           1          148.2753   
      2217:     66510.000000           1          148.2749   
      2218:     66540.000000           1          148.2772   
      2219:     66570.000000           1          -18.4759   
      2220:     66600.000000           1          -18.4725   
      2221:     66630.000000           1          -18.4711   
      2222:     66660.000000           1          -18.4684   
      2223:     66690.000000           1          -18.4655   
      2224:     66720.000000           1          -18.4646   
      2225:     66750.000000           1          -18.4637   
      2226:     66780.000000           1          -18.4656   
      2227:     66810.000000           1          -18.4627   
      2228:     66840.000000           1          -18.4644   
      2229:     66870.000000           1          -18.4628   
      2230:     66900.000000           1          -18.4601   
      2231:     66930.000000           1          -18.4583   
      2232:     66960.000000           1          -18.4577   
      2233:     66990.000000           1          -18.4533   
      2234:     67020.000000           1          -18.4527   
      2235:     67050.000000           1          -18.4565   
      2236:     67080.000000           1          -18.4567   
      2237:     67110.000000           1          -18.4575   
      2238:     67140.000000           1          -18.4570   
      2239:     67170.000000           1          -18.4571   
      2240:     67200.000000           1          -18.4566   
      2241:     67230.000000           1          -18.4536   
      2242:     67260.000000           1          -18.4539   
      2243:     67290.000000           1          -18.4530   
      2244:     67320.000000           1          -18.4502   
      2245:     67350.000000           1          302.9794   
      2246:     67380.000000           1          302.9845   
      2247:     67410.000000           1          302.9859   
      2248:     67440.000000           1          303.0063   
      2249:     67470.000000           1          302.9857   
      2250:     67500.000000           1          302.9732   
      2251:     67530.000000           1          302.9617   
      2252:     67560.000000           1          302.9639   
      2253:     67590.000000           1          302.9827   
      2254:     67620.000000           1          302.9946   
      2255:     67650.000000           1          303.0002   
      2256:     67680.000000           1          302.9957   
      2257:     67710.000000           1          303.0015   
      2258:     67740.000000           1          303.0002   
      2259:     67770.000000           1          303.0047   
      2260:     67800.000000           1          303.0111   
      2261:     67830.000000           1          303.0267   
      2262:     67860.000000           1          303.0406   
      2263:     67890.000000           1          303.0520   
      2264:     67920.000000           1          303.0645   
      2265:     67950.000000           1          303.0756   
      2266:     67980.000000           1          303.0868   
      2267:     68010.000000           1          303.0876   
      2268:     68040.000000           1          303.0851   
      2269:     68070.000000           1          303.0938   
      2270:     68100.000000           1          303.0992   
      2271:     68130.000000           1          303.1068   
      2272:     68160.000000           1          303.1269   
      2273:     68190.000000           1          303.1319   
      2274:     68220.000000           1          303.1436   
      2275:     68250.000000           1          303.1499   
      2276:     68280.000000           1          303.1562   
      2277:     68310.000000           1          303.1572   
      2278:     68340.000000           1          303.1670   
      2279:     68370.000000           1          303.1705   
      2280:     68400.000000           1          303.1717   
      2281:     68430.000000           1          303.1774   
      2282:     68460.000000           1          303.1819   
      2283:     68490.000000           1          303.1891   
      2284:     68520.000000           1          303.1981   
      2285:     68550.000000           1          303.2022   
      2286:     68580.000000           1          303.2078   
      2287:     68610.000000           1          303.2155   
      2288:     68640.000000           1          303.2210   
      2289:     68670.000000           1          303.2241   
      2290:     68700.000000           1          303.2278   
      2291:     68730.000000           1          303.2251   
      2292:     68760.000000           1          303.2290   
      2293:     68790.000000           1          303.2360   
      2294:     68820.000000           1          303.2389   
      2295:     68850.000000           1          303.2418   
      2296:     68880.000000           1          303.2453   
      2297:     68910.000000           1          303.2491   
      2298:     68940.000000           1          303.2560   
      2299:     68970.000000           1          303.2577   
      2300:     69000.000000           1          303.2635   
      2301:     69030.000000           1          303.2694   
      2302:     69060.000000           1          303.2784   
      2303:     69090.000000           1          303.2901   
      2304:     69120.000000           1          303.3020   
      2305:     69150.000000           1          303.3072   
      2306:     69180.000000           1          303.3051   
      2307:     69210.000000           1          303.3083   
      2308:     69240.000000           1          303.3155   
      2309:     69270.000000           1          303.3212   
      2310:     69300.000000           1          303.3265   
      2311:     69330.000000           1          303.3323   
      2312:     69360.000000           1          303.3406   
      2313:     69390.000000           1          303.3479   
      2314:     69420.000000           1          303.3515   
      2315:     69450.000000           1          303.3575   
      2316:     69480.000000           1          303.3641   
      2317:     69510.000000           1          303.3668   
      2318:     69540.000000           1          303.3705   
      2319:     69570.000000           1          303.3741   
      2320:     69600.000000           1          303.3800   
      2321:     69630.000000           1          303.3837   
      2322:     69660.000000           1          303.3984   
      2323:     69690.000000           1          303.3973   
      2324:     69720.000000           1          303.3964   
      2325:     69750.000000           1          303.3982   
      2326:     69780.000000           1          303.4020   
      2327:     69810.000000           1          303.4038   
      2328:     69840.000000           1          303.4104   
      2329:     69870.000000           1          303.4133   
      2330:     69900.000000           1          303.4161   
      2331:     69930.000000           1          303.4184   
      2332:     69960.000000           1          303.4181   
      2333:     69990.000000           1          303.4222   
      2334:     70020.000000           1          303.4250   
      2335:     70050.000000           1          303.4275   
      2336:     70080.000000           1          303.4289   
      2337:     70110.000000           1          303.4335   
      2338:     70140.000000           1          303.4355   
      2339:     70170.000000           1          303.4431   
      2340:     70200.000000           1          303.4476   
      2341:     70230.000000           1          303.4519   
      2342:     70260.000000           1          303.4575   
      2343:     70290.000000           1          303.4579   
      2344:     70320.000000           1          303.4637   
      2345:     70350.000000           1          303.4677   
      2346:     70380.000000           1          303.4689   
      2347:     70410.000000           1          303.4677   
      2348:     70440.000000           1          303.4644   
      2349:     70470.000000           1          303.4599   
      2350:     70500.000000           1          303.4598   
      2351:     70530.000000           1          303.4567   
      2352:     70560.000000           1           15.8513   
      2353:     70590.000000           1           15.8558   
      2354:     70620.000000           1           15.8642   
      2355:     70650.000000           1           15.8749   
      2356:     70680.000000           1           15.8985   
      2357:     70710.000000           1           15.9149   
      2358:     70740.000000           1           15.9257   
      2359:     70770.000000           1           15.9187   
      2360:     70800.000000           1           15.9037   
      2361:     70830.000000           1           15.8958   
      2362:     70860.000000           1           15.8926   
      2363:     70890.000000           1           15.8884   
      2364:     70920.000000           1           15.8813   
      2365:     70950.000000           1           15.8747   
      2366:     70980.000000           1           15.8737   
      2367:     71010.000000           1           15.8749   
      2368:     71040.000000           1           15.8733   
      2369:     71070.000000           1           15.8687   
      2370:     71100.000000           1           15.8765   
      2371:     71130.000000           1           15.8853   
      2372:     71160.000000           1           15.8964   
      2373:     71190.000000           1           15.9048   
      2374:     71220.000000           1           15.9102   
      2375:     71250.000000           1           15.9146   
      2376:     71280.000000           1           15.9151   
      2377:     71310.000000           1           15.9139   
      2378:     71340.000000           1           15.9145   
      2379:     71370.000000           1           15.9124   
      2380:     71400.000000           1           15.9112   
      2381:     71430.000000           1           15.9126   
      2382:     71460.000000           1           15.9114   
      2383:     71490.000000           1           15.9088   
      2384:     71520.000000           1           15.9136   
      2385:     71550.000000           1           15.9132   
      2386:     71580.000000           1           15.9144   
      2387:     71610.000000           1           15.9156   
      2388:     71640.000000           1           15.9102   
      2389:     71670.000000           1           15.9112   
      2390:     71700.000000           1           15.9106   
      2391:     71730.000000           1           15.9078   
      2392:     71760.000000           1           15.9053   
      2393:     71790.000000           1           15.9000   
      2394:     71820.000000           1           15.8983   
      2395:     71850.000000           1           15.8963   
      2396:     71880.000000           1           15.8972   
      2397:     71910.000000           1           15.8964   
      2398:     71940.000000           1           15.8959   
      2399:     71970.000000           1           15.8978   
      2400:     72000.000000           1           15.8965   
      2401:     72030.000000           1           15.8993   
      2402:     72060.000000           1           15.8981   
      2403:     72090.000000           1           15.8941   
      2404:     72120.000000           1           15.8899   
      2405:     72150.000000           1           15.8843   
      2406:     72180.000000           1           15.8802   
      2407:     72210.000000           1           15.8768   
      2408:     72240.000000           1           15.8726   
      2409:     72270.000000           1           15.8719   
      2410:     72300.000000           1           15.8692   
      2411:     72330.000000           1           15.8695   
      2412:     72360.000000           1           15.8704   
      2413:     72390.000000           1           15.8717   
      2414:     72420.000000           1           15.8748   
      2415:     72450.000000           1           15.8791   
      2416:     72480.000000           1           15.8831   
      2417:     72510.000000           1           15.8804   
      2418:     72540.000000           1           15.8823   
      2419:     72570.000000           1           15.8784   
      2420:     72600.000000           1           15.8781   
      2421:     72630.000000           1           15.8788   
