      1132:     33960.000000           1         -125.3708   
      1133:     33990.000000           1         -125.3646   
      1134:     34020.000000           1         -125.3426   
      1135:     34050.000000           1         -125.3289   
      1136:     34080.000000           1         -125.3155   
      1137:     34110.000000           1         -125.3123   
      1138:     34140.000000           1         -125.3096   
      1139:     34170.000000           1         -125.2941   
      1140:     34200.000000           1         -125.2858   
      1141:     34230.000000           1         -125.2871   
      1142:     34260.000000           1         -125.2856   
      1143:     34290.000000           1         -125.2861   
      1144:     34320.000000           1         -125.2778   
      1145:     34350.000000           1         -125.2696   
      1146:     34380.000000           1         -125.2629   
      1147:     34410.000000           1         -125.2643   
      1148:     34440.000000           1         -125.2620   
      1149:     34470.000000           1         -125.2546   
      1150:     34500.000000           1         -125.2391   
      1151:     34530.000000           1         -125.2368   
      1152:     34560.000000           1         -125.2247   
      1153:     34590.000000           1         -125.2102   
      1154:     34620.000000           1         -125.2063   
      1155:     34650.000000           1         -125.2048   
      1156:     34680.000000           1         -125.1997   
      1157:     34710.000000           1         -125.1962   
      1158:     34740.000000           1         -125.1956   
      1159:     34770.000000           1         -125.1945   
      1160:     34800.000000           1         -125.1900   
      1161:     34830.000000           1         -125.1842   
      1162:     34860.000000           1         -125.1811   
      1163:     34890.000000           1         -125.1735   
      1164:     34920.000000           1         -125.1686   
      1165:     34950.000000           1           33.5489   
      1166:     34980.000000           1           33.6814   
      1167:     35010.000000           1           33.5811   
      1168:     35040.000000           1           33.5601   
      1169:     35070.000000           1           33.6174   
      1170:     35100.000000           1         -125.1394   
      1171:     35130.000000           1           33.6639   
      1172:     35160.000000           1         -125.1064   
      1173:     35190.000000           1           33.6417   
      1174:     35220.000000           1           33.6799   
      1175:     35250.000000           1         -125.0836   
      1176:     35280.000000           1         -125.0768   
      1177:     35310.000000           1         -125.0669   
      1178:     35340.000000           1         -125.0640   
      1179:     35370.000000           1         -125.0574   
      1180:     35400.000000           1         -125.0466   
      1181:     35430.000000           1         -125.0427   
      1182:     35460.000000           1         -125.0351   
      1183:     35490.000000           1         -125.0271   
      1184:     35520.000000           1         -125.0178   
      1185:     35550.000000           1         -125.0096   
      1186:     35580.000000           1         -125.0024   
      1187:     35610.000000           1         -124.9958   
      1188:     35640.000000           1         -124.9876   
      1189:     35670.000000           1         -124.9803   
      1190:     35700.000000           1         -124.9776   
      1191:     35730.000000           1         -124.9705   
      1192:     35760.000000           1         -124.9629   
      1193:     35790.000000           1         -124.9547   
      1194:     35820.000000           1         -124.9434   
      1195:     35850.000000           1         -124.9295   
      1196:     35880.000000           1         -124.9168   
      1197:     35910.000000           1         -124.9053   
      1198:     35940.000000           1         -124.8923   
      1199:     35970.000000           1         -124.8869   
      1200:     36000.000000           1         -124.8746   
      1201:     36030.000000           1           33.9217   
      1202:     36060.000000           1         -124.8686   
      1203:     36090.000000           1         -124.8708   
      1204:     36120.000000           1         -124.8702   
      1205:     36150.000000           1           33.9280   
      1206:     36180.000000           1           33.9269   
      1207:     36210.000000           1           33.9216   
      1208:     36240.000000           1           33.9298   
      1209:     36270.000000           1           33.9290   
      1210:     36300.000000           1           33.9345   
      1211:     36330.000000           1           33.9354   
      1212:     36360.000000           1           33.9333   
      1213:     36390.000000           1           33.9388   
      1214:     36420.000000           1           33.9454   
      1215:     36450.000000           1           33.9439   
      1216:     36480.000000           1         -124.8430   
      1217:     36510.000000           1         -124.8384   
      1218:     36540.000000           1           33.9366   
      1219:     36570.000000           1         -124.8347   
      1220:     36600.000000           1         -124.8282   
      1221:     36630.000000           1         -124.8203   
      1222:     36660.000000           1         -124.8198   
      1223:     36690.000000           1         -124.8084   
      1224:     36720.000000           1         -124.8077   
      1225:     36750.000000           1         -124.8010   
      1226:     36780.000000           1         -124.7956   
      1227:     36810.000000           1         -124.7915   
      1228:     36840.000000           1         -124.7896   
      1229:     36870.000000           1         -124.7853   
      1230:     36900.000000           1         -124.7777   
      1231:     36930.000000           1         -124.7773   
      1232:     36960.000000           1         -124.7755   
      1233:     36990.000000           1         -124.7708   
      1234:     37020.000000           1         -124.7661   
      1235:     37050.000000           1         -124.7648   
      1236:     37080.000000           1         -124.7619   
      1237:     37110.000000           1         -124.7565   
      1238:     37140.000000           1         -124.7559   
      1239:     37170.000000           1         -124.7560   
      1240:     37200.000000           1         -124.7617   
      1241:     37230.000000           1         -124.7625   
      1242:     37260.000000           1         -124.7592   
      1243:     37290.000000           1         -124.7513   
      1244:     37320.000000           1         -124.7494   
      1245:     37350.000000           1         -124.7395   
      1246:     37380.000000           1         -124.7335   
      1247:     37410.000000           1         -124.7255   
      1248:     37440.000000           1         -124.7253   
      1249:     37470.000000           1         -124.7172   
      1250:     37500.000000           1         -124.7078   
      1251:     37530.000000           1         -124.7034   
      1252:     37560.000000           1         -124.7044   
      1253:     37590.000000           1         -124.6973   
      1254:     37620.000000           1         -124.6932   
      1255:     37650.000000           1         -124.6885   
      1256:     37680.000000           1           34.0389   
      1257:     37710.000000           1           34.0415   
      1258:     37740.000000           1         -124.6696   
      1259:     37770.000000           1           33.9558   
      1260:     37800.000000           1           34.0495   
      1261:     37830.000000           1           34.0906   
      1262:     37860.000000           1           34.1139   
      1263:     37890.000000           1           34.1015   
      1264:     37920.000000           1         -124.6215   
      1265:     37950.000000           1           34.0646   
      1266:     37980.000000           1           34.0571   
      1267:     38010.000000           1           34.1257   
      1268:     38040.000000           1           34.1095   
      1269:     38070.000000           1           34.1125   
      1270:     38100.000000           1           34.1063   
      1271:     38130.000000           1           34.1279   
      1272:     38160.000000           1           34.1189   
      1273:     38190.000000           1           34.1252   
      1274:     38220.000000           1           34.1267   
      1275:     38250.000000           1           34.1311   
      1276:     38280.000000           1           34.1320   
      1277:     38310.000000           1           34.1364   
      1278:     38340.000000           1           34.1439   
      1279:     38370.000000           1           34.1502   
      1280:     38400.000000           1           34.1475   
      1281:     38430.000000           1           34.1484   
      1282:     38460.000000           1           34.1450   
      1283:     38490.000000           1           34.1408   
      1284:     38520.000000           1           34.1396   
      1285:     38550.000000           1           34.1515   
      1286:     38580.000000           1           34.1567   
      1287:     38610.000000           1           34.1574   
      1288:     38640.000000           1           34.1590   
      1289:     38670.000000           1           34.1561   
      1290:     38700.000000           1           34.1534   
      1291:     38730.000000           1           34.1586   
      1292:     38760.000000           1           34.1588   
      1293:     38790.000000           1           34.1571   
      1294:     38820.000000           1           34.1508   
      1295:     38850.000000           1           34.1575   
      1296:     38880.000000           1           34.1642   
      1297:     38910.000000           1           34.1665   
      1298:     38940.000000           1           34.1672   
      1299:     38970.000000           1           34.1683   
      1300:     39000.000000           1           34.1713   
      1301:     39030.000000           1           34.1698   
      1302:     39060.000000           1           34.1736   
      1303:     39090.000000           1           34.1771   
      1304:     39120.000000           1           34.1901   
      1305:     39150.000000           1           34.1942   
      1306:     39180.000000           1           34.1929   
      1307:     39210.000000           1           34.1904   
      1308:     39240.000000           1           34.1943   
      1309:     39270.000000           1           34.1919   
      1310:     39300.000000           1           34.1912   
      1311:     39330.000000           1           34.1920   
      1312:     39360.000000           1           34.1961   
      1313:     39390.000000           1           34.1955   
      1314:     39420.000000           1           34.1962   
      1315:     39450.000000           1           34.1940   
      1316:     39480.000000           1           34.1923   
      1317:     39510.000000           1           34.1991   
      1318:     39540.000000           1           34.1995   
      1319:     39570.000000           1           34.2071   
      1320:     39600.000000           1           34.2098   
      1321:     39630.000000           1           34.2159   
      1322:     39660.000000           1           34.2155   
      1323:     39690.000000           1           34.2163   
      1324:     39720.000000           1           34.2158   
      1325:     39750.000000           1           34.2193   
      1326:     39780.000000           1           34.2235   
      1327:     39810.000000           1           34.2307   
      1328:     39840.000000           1           34.2371   
      1329:     39870.000000           1           34.2398   
      1330:     39900.000000           1           34.2426   
      1331:     39930.000000           1           34.2455   
      1332:     39960.000000           1           34.2523   
      1333:     39990.000000           1           34.2510   
      1334:     40020.000000           1           34.2467   
      1335:     40050.000000           1           34.2516   
      1336:     40080.000000           1           34.2514   
      1337:     40110.000000           1           34.2592   
      1338:     40140.000000           1           34.2557   
      1339:     40170.000000           1           34.2552   
      1340:     40200.000000           1           34.2583   
      1341:     40230.000000           1           34.2616   
      1342:     40260.000000           1           34.2665   
      1343:     40290.000000           1           34.2670   
      1344:     40320.000000           1           34.2720   
      1345:     40350.000000           1           34.2740   
      1346:     40380.000000           1           34.2776   
      1347:     40410.000000           1           34.2851   
      1348:     40440.000000           1           34.2850   
      1349:     40470.000000           1           34.2885   
      1350:     40500.000000           1           34.2937   
      1351:     40530.000000           1           34.2980   
      1352:     40560.000000           1           34.3026   
      1353:     40590.000000           1           34.3033   
      1354:     40620.000000           1           34.3089   
      1355:     40650.000000           1           34.3152   
      1356:     40680.000000           1           34.3185   
      1357:     40710.000000           1           34.3252   
      1358:     40740.000000           1           34.3275   
      1359:     40770.000000           1           34.3238   
      1360:     40800.000000           1           34.3292   
      1361:     40830.000000           1           34.3294   
      1362:     40860.000000           1           34.3304   
      1363:     40890.000000           1           34.3339   
      1364:     40920.000000           1           34.3373   
      1365:     40950.000000           1           34.3411   
      1366:     40980.000000           1           34.3439   
      1367:     41010.000000           1           34.3507   
      1368:     41040.000000           1           34.3542   
      1369:     41070.000000           1           34.3579   
      1370:     41100.000000           1           34.3606   
      1371:     41130.000000           1           34.3659   
      1372:     41160.000000           1           34.3683   
      1373:     41190.000000           1           34.3719   
      1374:     41220.000000           1           34.3690   
      1375:     41250.000000           1           34.3686   
      1376:     41280.000000           1           34.3679   
      1377:     41310.000000           1           34.3776   
      1378:     41340.000000           1           34.3755   
      1379:     41370.000000           1           34.3704   
      1380:     41400.000000           1           34.3684   
      1381:     41430.000000           1           34.3722   
      1382:     41460.000000           1           34.3752   
      1383:     41490.000000           1           34.3824   
      1384:     41520.000000           1           34.3821   
      1385:     41550.000000           1           34.3825   
      1386:     41580.000000           1           34.3803   
      1387:     41610.000000           1           34.3796   
      1388:     41640.000000           1           34.3799   
      1389:     41670.000000           1           34.3804   
      1390:     41700.000000           1           34.3813   
      1391:     41730.000000           1           34.3748   
      1392:     41760.000000           1           34.3704   
      1393:     41790.000000           1           34.3678   
      1394:     41820.000000           1           34.3695   
      1395:     41850.000000           1           34.3654   
      1396:     41880.000000           1           34.3638   
      1397:     41910.000000           1           34.3662   
      1398:     41940.000000           1           34.3686   
      1399:     41970.000000           1           34.3662   
      1400:     42000.000000           1           34.3685   
      1401:     42030.000000           1           34.3708   
      1402:     42060.000000           1           34.3708   
      1403:     42090.000000           1           34.3711   
      1404:     42120.000000           1           34.3714   
      1405:     42150.000000           1           34.3674   
      1406:     42180.000000           1           34.3669   
      1407:     42210.000000           1           34.3660   
      1408:     42240.000000           1           34.3660   
      1409:     42270.000000           1           34.3614   
      1410:     42300.000000           1           34.3599   
      1411:     42330.000000           1           34.3625   
      1412:     42360.000000           1           34.3604   
      1413:     42390.000000           1           34.3532   
      1414:     42420.000000           1           34.3524   
      1415:     42450.000000           1           34.3511   
      1416:     42480.000000           1           34.3501   
      1417:     42510.000000           1           34.3479   
      1418:     42540.000000           1           34.3498   
      1419:     42570.000000           1           34.3515   
      1420:     42600.000000           1           34.3526   
      1421:     42630.000000           1           34.3569   
      1422:     42660.000000           1           34.3628   
      1423:     42690.000000           1           34.3650   
      1424:     42720.000000           1           34.3633   
      1425:     42750.000000           1           34.3690   
      1426:     42780.000000           1           34.3786   
      1427:     42810.000000           1           34.3822   
      1428:     42840.000000           1           34.3829   
      1429:     42870.000000           1           34.3828   
      1430:     42900.000000           1           34.3828   
      1431:     42930.000000           1           34.3861   
      1432:     42960.000000           1           34.3856   
      1433:     42990.000000           1           34.3840   
      1434:     43020.000000           1           34.3864   
      1435:     43050.000000           1           34.3849   
      1436:     43080.000000           1           34.3852   
      1437:     43110.000000           1           34.3884   
      1438:     43140.000000           1           34.3955   
      1439:     43170.000000           1           34.4035   
      1440:     43200.000000           1           34.4096   
      1441:     43230.000000           1           34.4162   
      1442:     43260.000000           1           34.4183   
      1443:     43290.000000           1           34.4221   
      1444:     43320.000000           1           34.4222   
      1445:     43350.000000           1           34.4232   
      1446:     43380.000000           1           34.4257   
      1447:     43410.000000           1           34.4317   
      1448:     43440.000000           1           34.4354   
      1449:     43470.000000           1           34.4350   
      1450:     43500.000000           1           34.4361   
      1451:     43530.000000           1           34.4383   
      1452:     43560.000000           1           34.4433   
      1453:     43590.000000           1           34.4447   
      1454:     43620.000000           1           34.4475   
      1455:     43650.000000           1           34.4520   
      1456:     43680.000000           1           34.4520   
      1457:     43710.000000           1           34.4500   
      1458:     43740.000000           1           34.4404   
      1459:     43770.000000           1           34.4328   
      1460:     43800.000000           1           34.4311   
      1461:     43830.000000           1           34.4328   
      1462:     43860.000000           1           34.4323   
      1463:     43890.000000           1           34.4329   
      1464:     43920.000000           1           34.4328   
      1465:     43950.000000           1           34.4353   
      1466:     43980.000000           1           34.4377   
      1467:     44010.000000           1           34.4470   
      1468:     44040.000000           1           34.4507   
      1469:     44070.000000           1           34.4535   
      1470:     44100.000000           1           34.4624   
      1471:     44130.000000           1           34.4658   
      1472:     44160.000000           1           34.4616   
      1473:     44190.000000           1           34.4569   
      1474:     44220.000000           1           34.4510   
      1475:     44250.000000           1           34.4508   
      1476:     44280.000000           1           34.4518   
      1477:     44310.000000           1           34.4498   
      1478:     44340.000000           1           34.4505   
      1479:     44370.000000           1           34.4506   
      1480:     44400.000000           1           34.4507   
      1481:     44430.000000           1           34.4483   
      1482:     44460.000000           1           34.4434   
      1483:     44490.000000           1           34.4417   
      1484:     44520.000000           1           34.4369   
      1485:     44550.000000           1           34.4328   
      1486:     44580.000000           1           34.4269   
      1487:     44610.000000           1           34.4239   
      1488:     44640.000000           1           34.4264   
      1489:     44670.000000           1           34.4291   
      1490:     44700.000000           1           34.4282   
      1491:     44730.000000           1           34.4242   
      1492:     44760.000000           1           34.4236   
      1493:     44790.000000           1           34.4293   
      1494:     44820.000000           1           34.4353   
      1495:     44850.000000           1           34.4397   
      1496:     44880.000000           1           34.4465   
      1497:     44910.000000           1           34.4514   
      1498:     44940.000000           1           34.4556   
      1499:     44970.000000           1           34.4580   
      1500:     45000.000000           1           34.4640   
      1501:     45030.000000           1           34.4615   
      1502:     45060.000000           1           34.4560   
      1503:     45090.000000           1           34.4514   
      1504:     45120.000000           1           34.4434   
      1505:     45150.000000           1           34.4354   
      1506:     45180.000000           1           34.4332   
      1507:     45210.000000           1           34.4285   
      1508:     45240.000000           1           34.4220   
      1509:     45270.000000           1           34.4228   
      1510:     45300.000000           1           34.4198   
      1511:     45330.000000           1           34.4152   
      1512:     45360.000000           1           34.4153   
      1513:     45390.000000           1           34.4160   
      1514:     45420.000000           1           34.4149   
      1515:     45450.000000           1           34.4161   
      1516:     45480.000000           1           34.4167   
      1517:     45510.000000           1           34.4153   
      1518:     45540.000000           1           34.4149   
      1519:     45570.000000           1           34.4156   
      1520:     45600.000000           1           34.4160   
      1521:     45630.000000           1           34.4171   
      1522:     45660.000000           1           34.4222   
      1523:     45690.000000           1           34.4227   
      1524:     45720.000000           1           34.4214   
      1525:     45750.000000           1           34.4195   
      1526:     45780.000000           1           34.4162   
      1527:     45810.000000           1           34.4149   
      1528:     45840.000000           1           34.4167   
      1529:     45870.000000           1           34.4047   
      1530:     45900.000000           1           34.4107   
      1531:     45930.000000           1           34.4094   
      1532:     45960.000000           1           34.4124   
      1533:     45990.000000           1           34.4104   
      1534:     46020.000000           1           34.4057   
      1535:     46050.000000           1           34.4035   
      1536:     46080.000000           1           34.4004   
      1537:     46110.000000           1           34.3986   
      1538:     46140.000000           1           34.3945   
      1539:     46170.000000           1           34.3938   
      1540:     46200.000000           1           34.3952   
      1541:     46230.000000           1           34.3945   
      1542:     46260.000000           1           34.3972   
      1543:     46290.000000           1           34.3938   
      1544:     46320.000000           1           34.3962   
      1545:     46350.000000           1           34.3875   
      1546:     46380.000000           1           34.3789   
      1547:     46410.000000           1           34.3732   
      1548:     46440.000000           1           34.3655   
      1549:     46470.000000           1           34.3603   
      1550:     46500.000000           1           34.3576   
      1551:     46530.000000           1           34.3547   
      1552:     46560.000000           1           34.3486   
      1553:     46590.000000           1           34.3446   
      1554:     46620.000000           1           34.3389   
      1555:     46650.000000           1           34.3355   
      1556:     46680.000000           1           34.3282   
      1557:     46710.000000           1           34.3284   
      1558:     46740.000000           1           34.3270   
      1559:     46770.000000           1           34.3274   
      1560:     46800.000000           1           34.3190   
      1561:     46830.000000           1           34.3035   
      1562:     46860.000000           1           34.3053   
      1563:     46890.000000           1           34.2981   
      1564:     46920.000000           1           34.2953   
      1565:     46950.000000           1           34.2893   
      1566:     46980.000000           1           34.2862   
      1567:     47010.000000           1           34.2851   
      1568:     47040.000000           1           34.2816   
      1569:     47070.000000           1           34.2812   
      1570:     47100.000000           1           34.2777   
      1571:     47130.000000           1           34.2747   
      1572:     47160.000000           1           34.2724   
      1573:     47190.000000           1           34.2694   
      1574:     47220.000000           1           34.2703   
      1575:     47250.000000           1           34.2736   
      1576:     47280.000000           1           34.2663   
      1577:     47310.000000           1           34.2687   
      1578:     47340.000000           1           34.2678   
      1579:     47370.000000           1           34.2660   
      1580:     47400.000000           1           34.2648   
      1581:     47430.000000           1           34.2632   
      1582:     47460.000000           1           34.2592   
      1583:     47490.000000           1           34.2559   
      1584:     47520.000000           1           34.2531   
      1585:     47550.000000           1           34.2462   
      1586:     47580.000000           1           34.2426   
      1587:     47610.000000           1           34.2404   
      1588:     47640.000000           1           34.2380   
      1589:     47670.000000           1           34.2371   
      1590:     47700.000000           1           34.2391   
      1591:     47730.000000           1           34.2367   
      1592:     47760.000000           1           34.2351   
      1593:     47790.000000           1           34.2359   
      1594:     47820.000000           1           34.2378   
      1595:     47850.000000           1           34.2391   
      1596:     47880.000000           1           34.2378   
      1597:     47910.000000           1           34.2353   
      1598:     47940.000000           1           34.2374   
      1599:     47970.000000           1           34.2360   
      1600:     48000.000000           1           34.2362   
      1601:     48030.000000           1           34.2366   
      1602:     48060.000000           1           34.2378   
      1603:     48090.000000           1           34.2378   
      1604:     48120.000000           1           34.2348   
      1605:     48150.000000           1           34.2345   
      1606:     48180.000000           1           34.2284   
      1607:     48210.000000           1           34.2206   
      1608:     48240.000000           1           34.2155   
      1609:     48270.000000           1           34.2138   
      1610:     48300.000000           1           34.2120   
      1611:     48330.000000           1           34.2088   
      1612:     48360.000000           1           34.2059   
      1613:     48390.000000           1           34.2059   
      1614:     48420.000000           1           34.2090   
      1615:     48450.000000           1           34.2051   
      1616:     48480.000000           1           34.1994   
      1617:     48510.000000           1           34.1973   
      1618:     48540.000000           1           34.1956   
      1619:     48570.000000           1           34.1956   
      1620:     48600.000000           1           34.1933   
      1621:     48630.000000           1           34.1955   
      1622:     48660.000000           1           34.1966   
      1623:     48690.000000           1           34.1930   
      1624:     48720.000000           1           34.1914   
      1625:     48750.000000           1           34.1880   
      1626:     48780.000000           1           34.1824   
      1627:     48810.000000           1           34.1793   
      1628:     48840.000000           1           34.1766   
      1629:     48870.000000           1           34.1776   
      1630:     48900.000000           1           34.1769   
      1631:     48930.000000           1           34.1756   
      1632:     48960.000000           1           34.1765   
      1633:     48990.000000           1           34.1759   
      1634:     49020.000000           1           34.1706   
      1635:     49050.000000           1           34.1625   
      1636:     49080.000000           1           34.1574   
      1637:     49110.000000           1           34.1525   
      1638:     49140.000000           1           34.1522   
      1639:     49170.000000           1           34.1500   
      1640:     49200.000000           1           34.1551   
      1641:     49230.000000           1           34.1528   
      1642:     49260.000000           1           34.1562   
      1643:     49290.000000           1           34.1550   
      1644:     49320.000000           1           34.1566   
      1645:     49350.000000           1           34.1553   
      1646:     49380.000000           1           34.1530   
      1647:     49410.000000           1           34.1500   
      1648:     49440.000000           1           34.1457   
      1649:     49470.000000           1           34.1419   
      1650:     49500.000000           1           34.1421   
      1651:     49530.000000           1           34.1430   
      1652:     49560.000000           1           34.1401   
      1653:     49590.000000           1           34.1349   
      1654:     49620.000000           1           34.1289   
      1655:     49650.000000           1           34.1258   
      1656:     49680.000000           1           34.1223   
      1657:     49710.000000           1           34.1215   
      1658:     49740.000000           1           34.1191   
      1659:     49770.000000           1           34.1171   
      1660:     49800.000000           1           34.1173   
      1661:     49830.000000           1           34.1156   
      1662:     49860.000000           1           34.1168   
      1663:     49890.000000           1           34.1174   
      1664:     49920.000000           1           34.1158   
      1665:     49950.000000           1           34.1106   
      1666:     49980.000000           1           34.1072   
      1667:     50010.000000           1           34.1042   
      1668:     50040.000000           1           34.1035   
      1669:     50070.000000           1           34.1051   
      1670:     50100.000000           1           34.1084   
      1671:     50130.000000           1           34.1144   
      1672:     50160.000000           1           34.1187   
      1673:     50190.000000           1           34.1220   
      1674:     50220.000000           1           34.1203   
      1675:     50250.000000           1           34.1225   
      1676:     50280.000000           1           34.1210   
      1677:     50310.000000           1           34.1253   
      1678:     50340.000000           1           34.1221   
      1679:     50370.000000           1           34.1207   
      1680:     50400.000000           1           34.1288   
      1681:     50430.000000           1           34.1280   
      1682:     50460.000000           1           34.1298   
      1683:     50490.000000           1           34.1315   
      1684:     50520.000000           1           34.1308   
      1685:     50550.000000           1           34.1277   
      1686:     50580.000000           1           34.1308   
      1687:     50610.000000           1           34.1293   
      1688:     50640.000000           1           34.1247   
      1689:     50670.000000           1           34.1232   
      1690:     50700.000000           1           34.1266   
      1691:     50730.000000           1           34.1307   
      1692:     50760.000000           1           34.1299   
      1693:     50790.000000           1           34.1295   
      1694:     50820.000000           1           34.1304   
      1695:     50850.000000           1           34.1311   
      1696:     50880.000000           1           34.1316   
      1697:     50910.000000           1           34.1350   
      1698:     50940.000000           1           34.1369   
      1699:     50970.000000           1           34.1386   
      1700:     51000.000000           1           34.1391   
      1701:     51030.000000           1           34.1378   
      1702:     51060.000000           1           34.1367   
      1703:     51090.000000           1           34.1316   
      1704:     51120.000000           1           34.1303   
      1705:     51150.000000           1           34.1288   
      1706:     51180.000000           1           34.1318   
      1707:     51210.000000           1           34.1328   
      1708:     51240.000000           1           34.1307   
      1709:     51270.000000           1           34.1330   
      1710:     51300.000000           1           34.1342   
      1711:     51330.000000           1           34.1333   
      1712:     51360.000000           1           34.1325   
      1713:     51390.000000           1           34.1334   
      1714:     51420.000000           1           34.1351   
      1715:     51450.000000           1           34.1338   
      1716:     51480.000000           1           34.1318   
      1717:     51510.000000           1           34.1292   
      1718:     51540.000000           1           34.1317   
      1719:     51570.000000           1           34.1328   
      1720:     51600.000000           1           34.1336   
      1721:     51630.000000           1           34.1363   
      1722:     51660.000000           1           34.1371   
      1723:     51690.000000           1           34.1452   
      1724:     51720.000000           1           34.1499   
      1725:     51750.000000           1           34.1476   
      1726:     51780.000000           1           34.1439   
      1727:     51810.000000           1           34.1401   
      1728:     51840.000000           1           34.1370   
      1729:     51870.000000           1           34.1400   
      1730:     51900.000000           1           34.1401   
      1731:     51930.000000           1           34.1409   
      1732:     51960.000000           1           34.1391   
      1733:     51990.000000           1           34.1398   
      1734:     52020.000000           1           34.1382   
      1735:     52050.000000           1           34.1355   
      1736:     52080.000000           1           34.1345   
      1737:     52110.000000           1           34.1353   
      1738:     52140.000000           1           34.1335   
      1739:     52170.000000           1           34.1328   
      1740:     52200.000000           1           34.1308   
      1741:     52230.000000           1           34.1287   
      1742:     52260.000000           1           34.1250   
      1743:     52290.000000           1           34.1235   
      1744:     52320.000000           1           34.1237   
      1745:     52350.000000           1           34.1211   
      1746:     52380.000000           1           34.1138   
      1747:     52410.000000           1           34.1149   
      1748:     52440.000000           1           34.1158   
      1749:     52470.000000           1           34.1146   
      1750:     52500.000000           1           34.1180   
      1751:     52530.000000           1           34.1218   
      1752:     52560.000000           1           34.1216   
      1753:     52590.000000           1           34.1226   
      1754:     52620.000000           1           34.1225   
      1755:     52650.000000           1           34.1243   
      1756:     52680.000000           1           34.1258   
      1757:     52710.000000           1           34.1239   
      1758:     52740.000000           1           34.1196   
      1759:     52770.000000           1           34.1173   
      1760:     52800.000000           1           34.1158   
      1761:     52830.000000           1           34.1167   
      1762:     52860.000000           1           34.1204   
      1763:     52890.000000           1           34.1203   
      1764:     52920.000000           1           34.1161   
      1765:     52950.000000           1           34.1173   
      1766:     52980.000000           1           34.1173   
      1767:     53010.000000           1           34.1151   
      1768:     53040.000000           1           34.1087   
      1769:     53070.000000           1           34.1019   
      1770:     53100.000000           1           34.0988   
      1771:     53130.000000           1           34.0974   
      1772:     53160.000000           1           34.0970   
      1773:     53190.000000           1           34.0970   
      1774:     53220.000000           1           34.0922   
      1775:     53250.000000           1           34.0869   
      1776:     53280.000000           1           34.0868   
      1777:     53310.000000           1           34.0846   
      1778:     53340.000000           1          148.2839   
      1779:     53370.000000           1          148.2878   
      1780:     53400.000000           1          148.2883   
      1781:     53430.000000           1          148.2887   
      1782:     53460.000000           1          148.2898   
      1783:     53490.000000           1          148.2887   
      1784:     53520.000000           1          148.2863   
      1785:     53550.000000           1          148.2824   
      1786:     53580.000000           1          148.2776   
      1787:     53610.000000           1          148.2772   
      1788:     53640.000000           1          148.2783   
      1789:     53670.000000           1          148.2786   
      1790:     53700.000000           1          148.2801   
      1791:     53730.000000           1          148.2795   
      1792:     53760.000000           1          148.2795   
      1793:     53790.000000           1          148.2848   
      1794:     53820.000000           1          148.2876   
      1795:     53850.000000           1          148.2840   
      1796:     53880.000000           1          148.2860   
      1797:     53910.000000           1          148.2844   
      1798:     53940.000000           1          148.2833   
      1799:     53970.000000           1          148.2823   
      1800:     54000.000000           1          148.2841   
      1801:     54030.000000           1           34.0576   
      1802:     54060.000000           1          148.2764   
      1803:     54090.000000           1           34.0492   
      1804:     54120.000000           1           34.0508   
      1805:     54150.000000           1           34.0536   
      1806:     54180.000000           1          148.2865   
      1807:     54210.000000           1           34.0585   
      1808:     54240.000000           1           34.0578   
      1809:     54270.000000           1           34.0581   
      1810:     54300.000000           1          148.2887   
      1811:     54330.000000           1          148.2878   
      1812:     54360.000000           1          148.2879   
      1813:     54390.000000           1          148.2872   
      1814:     54420.000000           1          148.2788   
      1815:     54450.000000           1          148.2712   
      1816:     54480.000000           1          148.2674   
      1817:     54510.000000           1          148.2630   
      1818:     54540.000000           1          148.2573   
      1819:     54570.000000           1          148.2577   
      1820:     54600.000000           1          148.2584   
      1821:     54630.000000           1          148.2598   
      1822:     54660.000000           1          148.2631   
      1823:     54690.000000           1          148.2689   
      1824:     54720.000000           1          148.2703   
      1825:     54750.000000           1          148.2724   
      1826:     54780.000000           1          148.2705   
      1827:     54810.000000           1          148.2692   
      1828:     54840.000000           1          148.2694   
      1829:     54870.000000           1          148.2649   
      1830:     54900.000000           1           34.0224   
      1831:     54930.000000           1           34.0229   
      1832:     54960.000000           1           34.0218   
      1833:     54990.000000           1           34.0208   
      1834:     55020.000000           1           34.0248   
      1835:     55050.000000           1           34.0234   
      1836:     55080.000000           1           34.0243   
      1837:     55110.000000           1           34.0261   
      1838:     55140.000000           1           34.0255   
      1839:     55170.000000           1           34.0242   
      1840:     55200.000000           1           34.0207   
      1841:     55230.000000           1           34.0166   
      1842:     55260.000000           1           34.0128   
      1843:     55290.000000           1           34.0127   
      1844:     55320.000000           1           34.0106   
      1845:     55350.000000           1           34.0081   
      1846:     55380.000000           1           34.0040   
      1847:     55410.000000           1           33.9947   
      1848:     55440.000000           1           33.9933   
      1849:     55470.000000           1           33.9938   
      1850:     55500.000000           1           33.9944   
      1851:     55530.000000           1           33.9923   
      1852:     55560.000000           1           33.9898   
      1853:     55590.000000           1           33.9879   
      1854:     55620.000000           1           33.9840   
      1855:     55650.000000           1           33.9831   
      1856:     55680.000000           1           33.9787   
      1857:     55710.000000           1           33.9758   
      1858:     55740.000000           1           33.9765   
      1859:     55770.000000           1          148.2237   
      1860:     55800.000000           1           33.9758   
      1861:     55830.000000           1           33.9720   
      1862:     55860.000000           1           33.9704   
      1863:     55890.000000           1           33.9718   
      1864:     55920.000000           1           33.9719   
      1865:     55950.000000           1           33.9704   
      1866:     55980.000000           1           33.9681   
      1867:     56010.000000           1           33.9657   
      1868:     56040.000000           1           33.9615   
      1869:     56070.000000           1           33.9578   
      1870:     56100.000000           1           33.9547   
      1871:     56130.000000           1           33.9511   
      1872:     56160.000000           1           33.9496   
      1873:     56190.000000           1           33.9509   
      1874:     56220.000000           1           33.9494   
      1875:     56250.000000           1           33.9429   
      1876:     56280.000000           1           33.9408   
      1877:     56310.000000           1           33.9422   
      1878:     56340.000000           1           33.9444   
      1879:     56370.000000           1           33.9450   
      1880:     56400.000000           1           33.9446   
      1881:     56430.000000           1           33.9466   
      1882:     56460.000000           1           33.9436   
      1883:     56490.000000           1           33.9419   
      1884:     56520.000000           1           33.9412   
      1885:     56550.000000           1           33.9368   
      1886:     56580.000000           1           33.9348   
      1887:     56610.000000           1           33.9351   
      1888:     56640.000000           1           33.9340   
      1889:     56670.000000           1           33.9298   
      1890:     56700.000000           1           33.9293   
      1891:     56730.000000           1           33.9301   
      1892:     56760.000000           1           33.9204   
      1893:     56790.000000           1           33.9178   
      1894:     56820.000000           1           33.9164   
      1895:     56850.000000           1           33.9136   
      1896:     56880.000000           1           33.9133   
      1897:     56910.000000           1           33.9126   
      1898:     56940.000000           1           33.9097   
      1899:     56970.000000           1          148.1880   
      1900:     57000.000000           1          148.1855   
      1901:     57030.000000           1          148.1851   
      1902:     57060.000000           1          148.1841   
      1903:     57090.000000           1          148.1838   
      1904:     57120.000000           1          148.1822   
      1905:     57150.000000           1          148.1784   
      1906:     57180.000000           1          148.1813   
      1907:     57210.000000           1          148.1751   
      1908:     57240.000000           1          148.1721   
      1909:     57270.000000           1          148.1701   
      1910:     57300.000000           1          148.1683   
      1911:     57330.000000           1          148.1646   
      1912:     57360.000000           1          148.1651   
      1913:     57390.000000           1          148.1642   
      1914:     57420.000000           1          148.1641   
      1915:     57450.000000           1          148.1653   
      1916:     57480.000000           1          148.1624   
      1917:     57510.000000           1          148.1670   
      1918:     57540.000000           1          148.1659   
      1919:     57570.000000           1          148.1672   
      1920:     57600.000000           1          148.1656   
      1921:     57630.000000           1          148.1646   
      1922:     57660.000000           1          148.1657   
      1923:     57690.000000           1           33.8796   
      1924:     57720.000000           1          148.1579   
      1925:     57750.000000           1          148.1565   
      1926:     57780.000000           1           33.8771   
      1927:     57810.000000           1          148.1584   
      1928:     57840.000000           1           33.8766   
      1929:     57870.000000           1           33.8790   
      1930:     57900.000000           1           33.8754   
      1931:     57930.000000           1           33.8749   
      1932:     57960.000000           1           33.8732   
      1933:     57990.000000           1           33.8701   
      1934:     58020.000000           1           33.8668   
      1935:     58050.000000           1           33.8668   
      1936:     58080.000000           1           33.8683   
      1937:     58110.000000           1           33.8662   
      1938:     58140.000000           1           33.8647   
      1939:     58170.000000           1           33.8621   
      1940:     58200.000000           1           33.8612   
      1941:     58230.000000           1           33.8594   
      1942:     58260.000000           1           33.8586   
      1943:     58290.000000           1           33.8559   
      1944:     58320.000000           1           33.8523   
      1945:     58350.000000           1           33.8519   
      1946:     58380.000000           1           33.8518   
      1947:     58410.000000           1           33.8524   
      1948:     58440.000000           1           33.8516   
      1949:     58470.000000           1           33.8479   
      1950:     58500.000000           1           33.8491   
      1951:     58530.000000           1           33.8479   
      1952:     58560.000000           1           33.8426   
      1953:     58590.000000           1           33.8428   
      1954:     58620.000000           1           33.8410   
      1955:     58650.000000           1           33.8391   
      1956:     58680.000000           1           33.8334   
      1957:     58710.000000           1           33.8274   
      1958:     58740.000000           1           33.8229   
      1959:     58770.000000           1           33.8202   
      1960:     58800.000000           1           33.8188   
      1961:     58830.000000           1           33.8173   
      1962:     58860.000000           1           33.8134   
      1963:     58890.000000           1           33.8086   
      1964:     58920.000000           1           33.8049   
      1965:     58950.000000           1           33.8024   
      1966:     58980.000000           1           33.7988   
      1967:     59010.000000           1           33.7967   
      1968:     59040.000000           1           33.7914   
      1969:     59070.000000           1           33.7875   
      1970:     59100.000000           1           33.7871   
      1971:     59130.000000           1           33.7830   
      1972:     59160.000000           1           33.7763   
      1973:     59190.000000           1           33.7735   
      1974:     59220.000000           1           33.7736   
      1975:     59250.000000           1           33.7725   
      1976:     59280.000000           1           33.7716   
      1977:     59310.000000           1           33.7717   
      1978:     59340.000000           1           33.7730   
      1979:     59370.000000           1           33.7725   
      1980:     59400.000000           1           33.7722   
      1981:     59430.000000           1           33.7731   
      1982:     59460.000000           1           33.7725   
      1983:     59490.000000           1           33.7734   
      1984:     59520.000000           1           33.7696   
      1985:     59550.000000           1           33.7683   
      1986:     59580.000000           1           33.7632   
      1987:     59610.000000           1           33.7615   
      1988:     59640.000000           1           33.7627   
      1989:     59670.000000           1           33.7617   
      1990:     59700.000000           1           33.7608   
      1991:     59730.000000           1           33.7601   
      1992:     59760.000000           1           33.7564   
      1993:     59790.000000           1           33.7551   
      1994:     59820.000000           1           33.7529   
      1995:     59850.000000           1           33.7539   
      1996:     59880.000000           1           33.7509   
      1997:     59910.000000           1           33.7463   
      1998:     59940.000000           1           33.7479   
      1999:     59970.000000           1           33.7469   
      2000:     60000.000000           1           33.7459   
      2001:     60030.000000           1           33.7443   
      2002:     60060.000000           1           33.7453   
      2003:     60090.000000           1           33.7478   
      2004:     60120.000000           1           33.7468   
      2005:     60150.000000           1           33.7508   
      2006:     60180.000000           1           33.7513   
      2007:     60210.000000           1           33.7512   
      2008:     60240.000000           1           33.7532   
      2009:     60270.000000           1           33.7533   
      2010:     60300.000000           1           33.7531   
      2011:     60330.000000           1           33.7541   
      2012:     60360.000000           1           33.7592   
      2013:     60390.000000           1           33.7589   
      2014:     60420.000000           1           33.7585   
      2015:     60450.000000           1           33.7555   
      2016:     60480.000000           1           33.7521   
      2017:     60510.000000           1           33.7483   
      2018:     60540.000000           1           33.7476   
      2019:     60570.000000           1           33.7464   
      2020:     60600.000000           1           33.7466   
      2021:     60630.000000           1           33.7459   
      2022:     60660.000000           1           33.7396   
      2023:     60690.000000           1           33.7409   
      2024:     60720.000000           1           33.7453   
      2025:     60750.000000           1           33.7477   
      2026:     60780.000000           1           33.7444   
      2027:     60810.000000           1           33.7393   
      2028:     60840.000000           1           33.7375   
      2029:     60870.000000           1           33.7384   
      2030:     60900.000000           1           33.7387   
      2031:     60930.000000           1           33.7394   
      2032:     60960.000000           1           33.7423   
      2033:     60990.000000           1           33.7452   
      2034:     61020.000000           1           33.7467   
      2035:     61050.000000           1           33.7513   
      2036:     61080.000000           1           33.7496   
      2037:     61110.000000           1           33.7499   
      2038:     61140.000000           1           33.7414   
      2039:     61170.000000           1           33.7411   
      2040:     61200.000000           1           33.7367   
      2041:     61230.000000           1           33.7343   
      2042:     61260.000000           1           33.7345   
      2043:     61290.000000           1           33.7302   
      2044:     61320.000000           1           33.7282   
      2045:     61350.000000           1           33.7264   
      2046:     61380.000000           1           33.7275   
      2047:     61410.000000           1           33.7326   
      2048:     61440.000000           1           33.7360   
      2049:     61470.000000           1           33.7441   
      2050:     61500.000000           1           33.7413   
      2051:     61530.000000           1           33.7431   
      2052:     61560.000000           1           33.7374   
      2053:     61590.000000           1           33.7377   
      2054:     61620.000000           1           33.7317   
      2055:     61650.000000           1           33.7301   
      2056:     61680.000000           1           33.7308   
      2057:     61710.000000           1           33.7337   
      2058:     61740.000000           1           33.7355   
      2059:     61770.000000           1           33.7358   
      2060:     61800.000000           1           33.7385   
      2061:     61830.000000           1           33.7397   
      2062:     61860.000000           1           33.7398   
      2063:     61890.000000           1           33.7416   
      2064:     61920.000000           1           33.7430   
      2065:     61950.000000           1           33.7441   
      2066:     61980.000000           1           33.7458   
      2067:     62010.000000           1           33.7468   
      2068:     62040.000000           1           33.7499   
      2069:     62070.000000           1           33.7529   
      2070:     62100.000000           1           33.7546   
      2071:     62130.000000           1          148.0586   
      2072:     62160.000000           1           32.2671   
      2073:     62190.000000           1           32.2613   
      2074:     62220.000000           1           32.2865   
      2075:     62250.000000           1           32.2917   
      2076:     62280.000000           1           32.3199   
      2077:     62310.000000           1           32.3226   
      2078:     62340.000000           1           32.3104   
      2079:     62370.000000           1           32.2737   
      2080:     62400.000000           1           32.2376   
      2081:     62430.000000           1           32.2146   
      2082:     62460.000000           1           32.2032   
      2083:     62490.000000           1           32.1969   
      2084:     62520.000000           1           32.1884   
      2085:     62550.000000           1           32.1711   
      2086:     62580.000000           1           32.1584   
      2087:     62610.000000           1           32.1515   
      2088:     62640.000000           1           32.1454   
      2089:     62670.000000           1           32.1402   
      2090:     62700.000000           1           32.1403   
      2091:     62730.000000           1           32.1369   
      2092:     62760.000000           1           32.1362   
      2093:     62790.000000           1          148.0559   
      2094:     62820.000000           1          148.0560   
      2095:     62850.000000           1          148.0546   
      2096:     62880.000000           1          148.0531   
      2097:     62910.000000           1          148.0542   
      2098:     62940.000000           1          148.0530   
      2099:     62970.000000           1          148.0564   
      2100:     63000.000000           1          148.0578   
      2101:     63030.000000           1          148.0603   
      2102:     63060.000000           1          148.0633   
      2103:     63090.000000           1          148.0660   
      2104:     63120.000000           1          148.0708   
      2105:     63150.000000           1          148.0705   
      2106:     63180.000000           1          148.0722   
      2107:     63210.000000           1          148.0735   
      2108:     63240.000000           1          148.0751   
      2109:     63270.000000           1          148.0765   
      2110:     63300.000000           1          148.0773   
      2111:     63330.000000           1          148.0802   
      2112:     63360.000000           1          148.0837   
      2113:     63390.000000           1          148.0840   
      2114:     63420.000000           1          148.0871   
      2115:     63450.000000           1          148.0882   
      2116:     63480.000000           1          148.0903   
      2117:     63510.000000           1          148.0936   
      2118:     63540.000000           1          148.0963   
