       261:      7830.000000           1          -45.6198   
       262:      7860.000000           1          -45.6150   
       263:      7890.000000           1          -45.6118   
       264:      7920.000000           1          -45.6086   
       265:      7950.000000           1          -45.6212   
       266:      7980.000000           1          -45.6095   
       267:      8010.000000           1          -45.6047   
       268:      8040.000000           1          -45.6017   
       269:      8070.000000           1          -45.5998   
       270:      8100.000000           1          -45.6204   
       271:      8130.000000           1          -45.6208   
       272:      8160.000000           1          -45.5956   
       273:      8190.000000           1          -45.5661   
       274:      8220.000000           1          -45.5510   
       275:      8250.000000           1          -45.5378   
       276:      8280.000000           1          -45.5092   
       277:      8310.000000           1          -45.4913   
       278:      8340.000000           1          -45.4777   
       279:      8370.000000           1          -45.4856   
       280:      8400.000000           1          -45.4880   
       281:      8430.000000           1          -45.4842   
       282:      8460.000000           1          -45.4715   
       283:      8490.000000           1          -45.4745   
       296:      8880.000000           1          -45.4590   
       297:      8910.000000           1          -45.4591   
       298:      8940.000000           1          -45.4541   
       299:      8970.000000           1          -45.4544   
       300:      9000.000000           1          -45.4629   
       301:      9030.000000           1          -45.4666   
       302:      9060.000000           1          -45.4794   
       303:      9090.000000           1          -45.4883   
       304:      9120.000000           1          -45.4778   
       305:      9150.000000           1          -45.4738   
       306:      9180.000000           1          -45.4777   
       307:      9210.000000           1          -45.4843   
       308:      9240.000000           1          -45.4914   
       309:      9270.000000           1          -45.5070   
       310:      9300.000000           1          -45.5287   
       312:      9360.000000           1          -45.5682   
       313:      9390.000000           1          -45.5799   
       314:      9420.000000           1          -45.5951   
       315:      9450.000000           1          -45.5807   
       316:      9480.000000           1          -45.5948   
       317:      9510.000000           1          -45.5969   
       318:      9540.000000           1          -45.6040   
       319:      9570.000000           1          -45.6006   
       320:      9600.000000           1          -45.5917   
       321:      9630.000000           1          -45.5886   
       322:      9660.000000           1          -45.5715   
       323:      9690.000000           1          -45.5633   
       324:      9720.000000           1          -45.5518   
       325:      9750.000000           1          -45.5366   
       326:      9780.000000           1          -45.5421   
       327:      9810.000000           1          -45.5511   
       328:      9840.000000           1          -45.5458   
       329:      9870.000000           1          -45.5322   
       330:      9900.000000           1          -45.5224   
       331:      9930.000000           1          -45.5261   
       332:      9960.000000           1          -45.5408   
       333:      9990.000000           1          -45.5486   
       334:     10020.000000           1          -45.5557   
       335:     10050.000000           1          -45.5518   
       336:     10080.000000           1          -45.5520   
       337:     10110.000000           1          -45.5442   
       338:     10140.000000           1          -45.5402   
       339:     10170.000000           1          -45.5406   
       340:     10200.000000           1          -45.5491   
       341:     10230.000000           1          -45.5595   
       342:     10260.000000           1          -45.5524   
       343:     10290.000000           1          -45.5546   
       344:     10320.000000           1          -45.5482   
       345:     10350.000000           1          -45.5492   
       346:     10380.000000           1          -45.5371   
       347:     10410.000000           1          -45.5217   
       348:     10440.000000           1          -45.5068   
       349:     10470.000000           1          -45.5048   
       350:     10500.000000           1          -45.4924   
       351:     10530.000000           1          -45.4879   
       352:     10560.000000           1          -45.4666   
       353:     10590.000000           1          -45.4748   
       354:     10620.000000           1          -45.4625   
       355:     10650.000000           1          -45.4588   
       356:     10680.000000           1          -45.4735   
       357:     10710.000000           1          -45.4971   
       358:     10740.000000           1          -45.5076   
       359:     10770.000000           1          -45.5164   
       360:     10800.000000           1          -45.5267   
       361:     10830.000000           1          -45.5184   
       362:     10860.000000           1          -45.5084   
       363:     10890.000000           1          -45.5162   
       364:     10920.000000           1          -45.5171   
       365:     10950.000000           1          -45.5209   
       366:     10980.000000           1          -45.5305   
       368:     11040.000000           1          -45.5512   
       369:     11070.000000           1          -45.5535   
       371:     11130.000000           1          -45.5526   
       372:     11160.000000           1          -45.5557   
       373:     11190.000000           1          -45.5549   
       374:     11220.000000           1          -45.5551   
       376:     11280.000000           1          -45.4890   
       377:     11310.000000           1          -45.4934   
       380:     11400.000000           1          -45.4342   
       381:     11430.000000           1          -45.4241   
       382:     11460.000000           1          -45.4174   
       383:     11490.000000           1          -45.4318   
       384:     11520.000000           1          -45.4347   
       385:     11550.000000           1          -45.4203   
       386:     11580.000000           1          -45.4346   
       388:     11640.000000           1          -45.4641   
       390:     11700.000000           1          -45.4685   
       391:     11730.000000           1          -45.4630   
       392:     11760.000000           1          -45.4740   
       393:     11790.000000           1          -45.4766   
       394:     11820.000000           1          -45.4659   
       433:     12990.000000           1          -45.2253   
       434:     13020.000000           1          -45.2268   
       435:     13050.000000           1          -45.2275   
       436:     13080.000000           1          -23.8230   
       437:     13110.000000           1          -45.2118   
       438:     13140.000000           1          -45.2170   
       439:     13170.000000           1          -45.2115   
       440:     13200.000000           1          -45.1876   
       441:     13230.000000           1          -23.7891   
       442:     13260.000000           1          -45.1794   
       443:     13290.000000           1          -23.7853   
       444:     13320.000000           1          -45.1865   
       445:     13350.000000           1          -45.1840   
       446:     13380.000000           1          -45.1784   
       447:     13410.000000           1          -45.1912   
       448:     13440.000000           1          -45.1920   
       449:     13470.000000           1          -45.1903   
       450:     13500.000000           1          -45.1885   
       451:     13530.000000           1          -45.1777   
       452:     13560.000000           1          -45.1830   
       453:     13590.000000           1          -45.1954   
       454:     13620.000000           1          -45.1942   
       455:     13650.000000           1          -45.1982   
       456:     13680.000000           1          -45.2058   
       457:     13710.000000           1          -45.2192   
       458:     13740.000000           1          -45.2385   
       459:     13770.000000           1          -45.2435   
       460:     13800.000000           1          -45.2350   
       461:     13830.000000           1          -45.2336   
       462:     13860.000000           1          -45.2271   
       463:     13890.000000           1          -45.2197   
       464:     13920.000000           1          -45.2141   
       465:     13950.000000           1          -45.2150   
       466:     13980.000000           1          -45.2254   
       467:     14010.000000           1          -45.2164   
       468:     14040.000000           1          -45.2021   
       469:     14070.000000           1          -45.2096   
       470:     14100.000000           1          -45.1947   
       471:     14130.000000           1          -45.1594   
       472:     14160.000000           1          -45.1651   
       473:     14190.000000           1          -45.1670   
       474:     14220.000000           1          -45.1686   
       475:     14250.000000           1          -45.1735   
       476:     14280.000000           1          -45.1631   
       477:     14310.000000           1          -45.1659   
       478:     14340.000000           1          -45.1697   
       479:     14370.000000           1          -45.1674   
       480:     14400.000000           1          -23.7955   
       481:     14430.000000           1          -45.2017   
       482:     14460.000000           1          -23.8034   
       483:     14490.000000           1          -45.2418   
       484:     14520.000000           1          -23.8608   
       485:     14550.000000           1          -45.2771   
       486:     14580.000000           1          -45.2802   
       487:     14610.000000           1          -45.2778   
       488:     14640.000000           1          -45.2739   
       491:     14730.000000           1          -45.2578   
       492:     14760.000000           1          -45.2659   
       493:     14790.000000           1          -45.2729   
       494:     14820.000000           1          -45.2732   
       495:     14850.000000           1          -45.2839   
       496:     14880.000000           1          -45.2838   
       497:     14910.000000           1          -45.2733   
       498:     14940.000000           1          -45.2770   
       499:     14970.000000           1          -45.2757   
       500:     15000.000000           1          -45.2790   
       501:     15030.000000           1          -45.2845   
       502:     15060.000000           1          -45.2701   
       503:     15090.000000           1          -45.2741   
       505:     15150.000000           1          -45.2186   
       506:     15180.000000           1          -45.2176   
       507:     15210.000000           1          -45.2061   
       508:     15240.000000           1          -45.2107   
       509:     15270.000000           1          -45.2076   
       510:     15300.000000           1          -45.2237   
       511:     15330.000000           1          -45.2170   
       512:     15360.000000           1          -23.8189   
       513:     15390.000000           1          -23.8326   
       514:     15420.000000           1          -23.8234   
       515:     15450.000000           1          -23.8228   
       516:     15480.000000           1          -23.8188   
       517:     15510.000000           1          -23.8195   
       518:     15540.000000           1          -23.8081   
       519:     15570.000000           1          -23.8070   
       520:     15600.000000           1          -23.8052   
       521:     15630.000000           1          -23.8026   
       522:     15660.000000           1          -23.7928   
       523:     15690.000000           1          -23.7939   
       524:     15720.000000           1          -23.7779   
       525:     15750.000000           1          -23.7705   
       526:     15780.000000           1          -23.7506   
       527:     15810.000000           1          -23.7517   
       528:     15840.000000           1          -23.7285   
       529:     15870.000000           1          -23.7229   
       530:     15900.000000           1          -23.7094   
       531:     15930.000000           1          -23.7073   
       532:     15960.000000           1          -23.7126   
       533:     15990.000000           1          -23.7095   
       534:     16020.000000           1          -23.7121   
       535:     16050.000000           1          -23.7097   
       536:     16080.000000           1          -23.7001   
       537:     16110.000000           1          -23.7132   
       538:     16140.000000           1          -23.7085   
       539:     16170.000000           1          -23.7156   
       540:     16200.000000           1          -23.7038   
       541:     16230.000000           1          -23.7033   
       542:     16260.000000           1          -23.7071   
       543:     16290.000000           1          -23.7136   
       544:     16320.000000           1          -23.7254   
       545:     16350.000000           1          -23.7207   
       546:     16380.000000           1          -23.7138   
       547:     16410.000000           1          -23.7103   
       548:     16440.000000           1          -23.6886   
       549:     16470.000000           1          -23.6871   
       550:     16500.000000           1          -23.6674   
       551:     16530.000000           1          -23.6585   
       552:     16560.000000           1          -23.6576   
       553:     16590.000000           1          -23.6600   
       554:     16620.000000           1          -23.6457   
       555:     16650.000000           1          -23.6455   
       556:     16680.000000           1          -23.6334   
       557:     16710.000000           1          -23.6261   
       558:     16740.000000           1          -23.6196   
       559:     16770.000000           1          -23.6184   
       560:     16800.000000           1          -23.6175   
       561:     16830.000000           1          -23.6140   
       562:     16860.000000           1          -23.6004   
       563:     16890.000000           1          -23.6075   
       564:     16920.000000           1          -23.5994   
       565:     16950.000000           1          -23.6029   
       566:     16980.000000           1          -23.6031   
       567:     17010.000000           1          -23.5977   
       568:     17040.000000           1          -23.5954   
       569:     17070.000000           1          -23.5868   
       570:     17100.000000           1          -23.5854   
       571:     17130.000000           1          -23.5827   
       572:     17160.000000           1          -23.5766   
       573:     17190.000000           1          -45.0045   
       574:     17220.000000           1          -23.5726   
       575:     17250.000000           1          -45.0004   
       576:     17280.000000           1          -45.0020   
       577:     17310.000000           1          -44.9976   
       578:     17340.000000           1          -44.9950   
       579:     17370.000000           1          -44.9952   
       580:     17400.000000           1          -44.9956   
       581:     17430.000000           1          -45.0022   
       582:     17460.000000           1          -45.0064   
       583:     17490.000000           1          -45.0064   
       584:     17520.000000           1          -44.9986   
       585:     17550.000000           1          -44.9925   
       586:     17580.000000           1          -44.9842   
       587:     17610.000000           1          -44.9691   
       588:     17640.000000           1          -44.9712   
       589:     17670.000000           1          -44.9871   
       590:     17700.000000           1          -44.9921   
       591:     17730.000000           1          -45.0012   
       592:     17760.000000           1          -45.0001   
       593:     17790.000000           1          -45.0021   
       594:     17820.000000           1          -45.0081   
       595:     17850.000000           1          -45.0110   
       596:     17880.000000           1          -45.0018   
       597:     17910.000000           1          -44.9939   
       598:     17940.000000           1          -44.9934   
       599:     17970.000000           1          -44.9749   
       600:     18000.000000           1          -23.4997   
       601:     18030.000000           1          -23.4902   
       602:     18060.000000           1          -23.4789   
       603:     18090.000000           1          -23.4731   
       604:     18120.000000           1          -23.4735   
       605:     18150.000000           1          -23.4664   
       606:     18180.000000           1          -23.4663   
       607:     18210.000000           1          -23.4639   
       608:     18240.000000           1          -23.4663   
       609:     18270.000000           1          -23.4716   
       610:     18300.000000           1          -23.4670   
       611:     18330.000000           1          -23.4732   
       612:     18360.000000           1          -23.4761   
       613:     18390.000000           1          -23.4746   
       614:     18420.000000           1          -23.4774   
       615:     18450.000000           1          -23.4729   
       616:     18480.000000           1          -23.4606   
       617:     18510.000000           1          -23.4533   
       618:     18540.000000           1          -23.4688   
       619:     18570.000000           1          -23.4568   
       620:     18600.000000           1          -23.4482   
       621:     18630.000000           1          -23.4371   
       622:     18660.000000           1          -23.4407   
       623:     18690.000000           1          -23.4315   
       624:     18720.000000           1          -23.4244   
       625:     18750.000000           1          -23.3951   
       626:     18780.000000           1         -340.5559   
       627:     18810.000000           1          -23.3553   
       628:     18840.000000           1          -23.3452   
       629:     18870.000000           1         -340.4948   
       630:     18900.000000           1         -340.4810   
       631:     18930.000000           1         -340.4684   
       632:     18960.000000           1         -340.4929   
       633:     18990.000000           1         -340.4882   
       634:     19020.000000           1         -340.4834   
       635:     19050.000000           1         -340.4666   
       636:     19080.000000           1         -340.4789   
       637:     19110.000000           1         -340.4738   
       638:     19140.000000           1         -340.4735   
       639:     19170.000000           1         -340.4759   
       640:     19200.000000           1         -340.4732   
       641:     19230.000000           1         -340.4927   
       642:     19260.000000           1         -340.5106   
       643:     19290.000000           1         -340.5152   
       644:     19320.000000           1         -340.5243   
       645:     19350.000000           1         -340.5188   
       646:     19380.000000           1         -340.5250   
       647:     19410.000000           1         -340.5272   
       648:     19440.000000           1         -340.5274   
       650:     19500.000000           1         -340.5343   
       651:     19530.000000           1         -340.5370   
       652:     19560.000000           1         -340.5503   
       653:     19590.000000           1         -340.5456   
       654:     19620.000000           1         -340.5320   
       655:     19650.000000           1         -340.5274   
       657:     19710.000000           1         -340.4912   
       658:     19740.000000           1         -340.4759   
       659:     19770.000000           1         -340.4672   
       660:     19800.000000           1         -340.4694   
       661:     19830.000000           1         -340.4663   
       662:     19860.000000           1         -340.4605   
       663:     19890.000000           1         -340.4565   
       664:     19920.000000           1         -340.4549   
       665:     19950.000000           1         -340.4493   
       666:     19980.000000           1          -23.1208   
       667:     20010.000000           1          -23.1123   
       668:     20040.000000           1          -23.1096   
       669:     20070.000000           1          -23.1066   
       670:     20100.000000           1          -23.1044   
       671:     20130.000000           1          -23.0960   
       672:     20160.000000           1          -23.0901   
       673:     20190.000000           1          -23.0874   
       674:     20220.000000           1          -23.0834   
       675:     20250.000000           1          -23.0803   
       676:     20280.000000           1          -23.0727   
       677:     20310.000000           1          -23.0715   
       678:     20340.000000           1          -23.0633   
       679:     20370.000000           1          -23.0446   
       680:     20400.000000           1          -23.0459   
       681:     20430.000000           1          -23.0488   
       682:     20460.000000           1          -23.0434   
       683:     20490.000000           1          -23.0395   
       684:     20520.000000           1          -23.0312   
       685:     20550.000000           1         -340.4377   
       686:     20580.000000           1         -340.4379   
       687:     20610.000000           1         -340.4386   
       688:     20640.000000           1         -340.4486   
       689:     20670.000000           1         -340.4519   
       690:     20700.000000           1         -340.4539   
       691:     20730.000000           1         -340.4613   
       692:     20760.000000           1         -340.4545   
       693:     20790.000000           1         -340.4611   
       694:     20820.000000           1         -340.4708   
       695:     20850.000000           1         -340.4806   
       697:     20910.000000           1         -340.4992   
       698:     20940.000000           1         -340.4934   
       699:     20970.000000           1         -340.4884   
       700:     21000.000000           1         -340.4856   
       701:     21030.000000           1         -340.4784   
       702:     21060.000000           1         -340.4714   
       704:     21120.000000           1         -340.4399   
       705:     21150.000000           1         -340.4331   
       706:     21180.000000           1         -340.4334   
       707:     21210.000000           1         -340.4245   
       708:     21240.000000           1         -340.4259   
       709:     21270.000000           1         -340.4219   
       710:     21300.000000           1         -340.4236   
       711:     21330.000000           1         -340.4327   
       712:     21360.000000           1         -340.4277   
       713:     21390.000000           1         -340.4327   
       714:     21420.000000           1         -340.4196   
       715:     21450.000000           1         -340.4147   
       716:     21480.000000           1          -22.8134   
       717:     21510.000000           1          -22.7952   
       718:     21540.000000           1          -22.7950   
       719:     21570.000000           1          -22.7852   
       720:     21600.000000           1          -22.7782   
       721:     21630.000000           1          -22.7684   
       722:     21660.000000           1          -22.7587   
       723:     21690.000000           1          -22.7516   
       724:     21720.000000           1          -22.7435   
       725:     21750.000000           1          -22.7382   
       726:     21780.000000           1          -22.7326   
       727:     21810.000000           1         -340.3686   
       728:     21840.000000           1         -340.3622   
       729:     21870.000000           1          -22.7013   
       730:     21900.000000           1         -340.3230   
       731:     21930.000000           1         -340.3065   
       732:     21960.000000           1         -340.3079   
       733:     21990.000000           1         -340.3112   
       734:     22020.000000           1         -340.3017   
       735:     22050.000000           1         -340.3042   
       736:     22080.000000           1         -340.3018   
       737:     22110.000000           1         -340.2979   
       738:     22140.000000           1         -340.2975   
       739:     22170.000000           1         -340.2837   
       740:     22200.000000           1         -340.2771   
       741:     22230.000000           1         -340.2704   
       742:     22260.000000           1         -340.2659   
       743:     22290.000000           1         -340.2641   
       744:     22320.000000           1         -340.2612   
       745:     22350.000000           1         -340.2552   
       746:     22380.000000           1         -340.2533   
       747:     22410.000000           1         -340.2506   
       748:     22440.000000           1         -340.2434   
       749:     22470.000000           1         -340.2330   
       750:     22500.000000           1         -340.2273   
       751:     22530.000000           1         -340.2207   
       752:     22560.000000           1         -340.2175   
       753:     22590.000000           1         -340.2065   
       754:     22620.000000           1         -340.1969   
       755:     22650.000000           1         -340.1912   
       756:     22680.000000           1         -340.1862   
       757:     22710.000000           1         -340.1752   
       758:     22740.000000           1         -340.1728   
       759:     22770.000000           1         -340.1692   
       760:     22800.000000           1         -340.1680   
       761:     22830.000000           1          -22.4399   
       762:     22860.000000           1          -22.4482   
       763:     22890.000000           1         -340.1596   
       764:     22920.000000           1          -22.4084   
       765:     22950.000000           1          -22.3977   
       766:     22980.000000           1          -22.3963   
       767:     23010.000000           1          -22.3889   
       768:     23040.000000           1          -22.3742   
       769:     23070.000000           1          -22.3655   
       770:     23100.000000           1          -22.3628   
       771:     23130.000000           1          -22.3579   
       772:     23160.000000           1          -22.3534   
       773:     23190.000000           1         -340.1059   
       774:     23220.000000           1          -22.3244   
       775:     23250.000000           1          -22.3138   
       776:     23280.000000           1          -22.2947   
       777:     23310.000000           1          -22.2718   
       778:     23340.000000           1          -22.2670   
       779:     23370.000000           1          -22.2618   
       780:     23400.000000           1          -22.2552   
       781:     23430.000000           1          -22.2530   
       782:     23460.000000           1          -22.2445   
       783:     23490.000000           1          -22.2301   
       784:     23520.000000           1          -22.2171   
       785:     23550.000000           1          -22.2029   
       786:     23580.000000           1          -22.1897   
       787:     23610.000000           1          -22.1742   
       788:     23640.000000           1         -339.9175   
       789:     23670.000000           1         -339.9075   
       790:     23700.000000           1         -339.9052   
       791:     23730.000000           1         -339.9011   
       792:     23760.000000           1         -339.8916   
       793:     23790.000000           1         -339.8740   
       794:     23820.000000           1         -339.8654   
       795:     23850.000000           1         -339.8643   
       796:     23880.000000           1         -339.8589   
       797:     23910.000000           1         -339.8543   
       798:     23940.000000           1         -339.8399   
       799:     23970.000000           1         -339.8259   
       800:     24000.000000           1         -339.8225   
       801:     24030.000000           1         -339.8244   
       802:     24060.000000           1         -339.8158   
       803:     24090.000000           1          -86.4614   
       804:     24120.000000           1          -86.4559   
       805:     24150.000000           1          -86.4488   
       806:     24180.000000           1          -86.4388   
       807:     24210.000000           1          -86.4215   
       808:     24240.000000           1          -86.4167   
       809:     24270.000000           1         -339.7715   
       810:     24300.000000           1          -86.4018   
       811:     24330.000000           1          -86.3964   
       812:     24360.000000           1          -86.3819   
       813:     24390.000000           1          -86.3818   
       814:     24420.000000           1         -339.7368   
       815:     24450.000000           1         -339.7232   
       816:     24480.000000           1         -339.7096   
       817:     24510.000000           1         -339.7000   
       818:     24540.000000           1         -339.6871   
       819:     24570.000000           1         -339.6765   
       820:     24600.000000           1         -339.6683   
       821:     24630.000000           1         -339.6608   
       822:     24660.000000           1         -339.6468   
       823:     24690.000000           1         -339.6451   
       824:     24720.000000           1         -339.6431   
       825:     24750.000000           1         -339.6367   
       826:     24780.000000           1         -339.6278   
       827:     24810.000000           1         -339.6227   
       828:     24840.000000           1         -339.6058   
       829:     24870.000000           1         -339.5961   
       830:     24900.000000           1         -339.5929   
       831:     24930.000000           1          -86.2042   
       832:     24960.000000           1          -86.1949   
       833:     24990.000000           1         -339.5697   
       834:     25020.000000           1          -86.1797   
       835:     25050.000000           1          -86.1597   
       836:     25080.000000           1          -86.1546   
       837:     25110.000000           1          -86.1416   
       838:     25140.000000           1          -86.1335   
       839:     25170.000000           1          -86.1302   
       840:     25200.000000           1          -86.1204   
       841:     25230.000000           1          -86.1113   
       842:     25260.000000           1         -339.4788   
       843:     25290.000000           1          -86.0566   
       844:     25320.000000           1         -339.4290   
       845:     25350.000000           1         -339.4101   
       846:     25380.000000           1         -339.3982   
       847:     25410.000000           1         -339.3840   
       848:     25440.000000           1         -339.3768   
       849:     25470.000000           1         -339.3708   
       850:     25500.000000           1         -339.3595   
       851:     25530.000000           1         -339.3552   
       852:     25560.000000           1         -339.3434   
       853:     25590.000000           1         -339.3363   
       854:     25620.000000           1         -339.3337   
       855:     25650.000000           1         -339.3194   
       856:     25680.000000           1         -339.3143   
       857:     25710.000000           1         -339.3101   
       858:     25740.000000           1         -339.3146   
       859:     25770.000000           1         -339.3092   
       860:     25800.000000           1         -339.3086   
       861:     25830.000000           1         -339.2976   
       862:     25860.000000           1         -339.2912   
       863:     25890.000000           1         -339.2799   
       864:     25920.000000           1          -21.5038   
       865:     25950.000000           1          -21.5031   
       866:     25980.000000           1          -21.4925   
       867:     26010.000000           1          -21.4831   
       868:     26040.000000           1          -21.4878   
       869:     26070.000000           1          -21.4806   
       870:     26100.000000           1          -21.4776   
       871:     26130.000000           1          -21.4737   
       872:     26160.000000           1          -21.4715   
       873:     26190.000000           1          -21.4649   
       874:     26220.000000           1          -21.4611   
       875:     26250.000000           1          -21.4597   
       876:     26280.000000           1          -21.4544   
       877:     26310.000000           1          -21.4482   
       878:     26340.000000           1          -21.4425   
       879:     26370.000000           1          -21.4331   
       880:     26400.000000           1          -21.4263   
       881:     26430.000000           1          -21.4127   
       882:     26460.000000           1          -21.3953   
       883:     26490.000000           1          -21.3854   
       884:     26520.000000           1          -21.3756   
       885:     26550.000000           1          -21.3685   
       886:     26580.000000           1          -21.3672   
       887:     26610.000000           1          -21.3539   
       888:     26640.000000           1          -21.3321   
       889:     26670.000000           1          -21.3270   
       890:     26700.000000           1          -21.3235   
       891:     26730.000000           1          -21.3158   
       892:     26760.000000           1          -21.3046   
       893:     26790.000000           1          -21.2928   
       894:     26820.000000           1          -21.2785   
       895:     26850.000000           1          -21.2763   
       896:     26880.000000           1          -21.2633   
       897:     26910.000000           1          -21.2483   
       898:     26940.000000           1          -21.2429   
       899:     26970.000000           1          -21.2317   
       900:     27000.000000           1          -21.2238   
       901:     27030.000000           1          -21.2180   
       902:     27060.000000           1          -21.2196   
       903:     27090.000000           1          -21.2160   
       904:     27120.000000           1          -21.2051   
       905:     27150.000000           1          -21.1868   
       906:     27180.000000           1          -21.1691   
       907:     27210.000000           1          -21.1519   
       908:     27240.000000           1          -21.1425   
       909:     27270.000000           1          -21.1408   
       910:     27300.000000           1          -21.1390   
       911:     27330.000000           1          -21.1393   
       912:     27360.000000           1          -21.1392   
       913:     27390.000000           1          -21.1316   
       914:     27420.000000           1          -21.1226   
       915:     27450.000000           1          -21.1125   
       916:     27480.000000           1          -21.1022   
       917:     27510.000000           1          -21.0983   
       918:     27540.000000           1          -21.0863   
       919:     27570.000000           1          -21.0724   
       920:     27600.000000           1          -21.0636   
       921:     27630.000000           1          -21.0581   
       922:     27660.000000           1          -21.0526   
       923:     27690.000000           1          -21.0406   
       924:     27720.000000           1          -21.0295   
       925:     27750.000000           1          -21.0146   
       926:     27780.000000           1          -21.0027   
       927:     27810.000000           1          -20.9989   
       928:     27840.000000           1          -20.9900   
       929:     27870.000000           1          -20.9844   
       930:     27900.000000           1          -20.9778   
       931:     27930.000000           1          -20.9606   
       932:     27960.000000           1          -20.9453   
       933:     27990.000000           1          -20.9455   
       934:     28020.000000           1         -338.6535   
       935:     28050.000000           1         -338.6482   
       936:     28080.000000           1         -338.6441   
       937:     28110.000000           1         -338.6386   
       938:     28140.000000           1         -338.6236   
       939:     28170.000000           1         -338.6058   
       940:     28200.000000           1         -338.5848   
       941:     28230.000000           1         -338.5582   
       942:     28260.000000           1          -85.0215   
       943:     28290.000000           1         -338.5478   
       944:     28320.000000           1          -85.0538   
       945:     28350.000000           1          -85.0308   
       946:     28380.000000           1          -85.0324   
       947:     28410.000000           1          -85.0106   
       948:     28440.000000           1          -84.9800   
       949:     28470.000000           1          -84.9573   
       950:     28500.000000           1          -84.9528   
       951:     28530.000000           1         -306.6426   
       952:     28560.000000           1          -84.8460   
       953:     28590.000000           1         -306.6261   
       954:     28620.000000           1          -84.8013   
       955:     28650.000000           1          -84.7712   
       956:     28680.000000           1          -84.7992   
       957:     28710.000000           1          -84.8010   
       958:     28740.000000           1          -84.7908   
       959:     28770.000000           1          -84.7617   
       960:     28800.000000           1          -84.7315   
       961:     28830.000000           1          -84.7024   
       962:     28860.000000           1          -84.6951   
       963:     28890.000000           1          -84.6852   
       964:     28920.000000           1         -306.5736   
       965:     28950.000000           1          -84.7050   
       966:     28980.000000           1          -84.7275   
       967:     29010.000000           1          -84.7264   
       968:     29040.000000           1          -84.7212   
       969:     29070.000000           1         -338.3100   
       970:     29100.000000           1         -338.3041   
       971:     29130.000000           1         -338.2861   
       972:     29160.000000           1         -338.2785   
       973:     29190.000000           1         -338.2726   
       974:     29220.000000           1         -338.2676   
       975:     29250.000000           1         -338.2586   
       976:     29280.000000           1         -338.2496   
       977:     29310.000000           1         -338.2363   
       978:     29340.000000           1         -338.2269   
       979:     29370.000000           1         -338.2149   
       980:     29400.000000           1         -338.2164   
       981:     29430.000000           1         -338.2055   
       982:     29460.000000           1         -338.1984   
       983:     29490.000000           1         -338.1944   
       984:     29520.000000           1         -338.1864   
       985:     29550.000000           1         -338.1789   
       986:     29580.000000           1         -338.1749   
       987:     29610.000000           1         -338.1662   
       988:     29640.000000           1         -338.1624   
       989:     29670.000000           1         -338.1572   
       990:     29700.000000           1         -338.1455   
       991:     29730.000000           1         -338.1368   
       992:     29760.000000           1         -338.1217   
       993:     29790.000000           1         -338.1135   
       994:     29820.000000           1         -338.1118   
       995:     29850.000000           1         -338.1088   
       996:     29880.000000           1         -338.1094   
       997:     29910.000000           1         -338.1059   
       998:     29940.000000           1         -338.1062   
       999:     29970.000000           1         -338.0993   
      1000:     30000.000000           1         -338.0971   
      1001:     30030.000000           1         -338.0889   
      1002:     30060.000000           1         -338.0886   
      1003:     30090.000000           1         -338.0800   
      1004:     30120.000000           1         -338.0782   
      1005:     30150.000000           1         -338.0742   
      1006:     30180.000000           1         -338.0821   
      1007:     30210.000000           1         -338.0833   
      1008:     30240.000000           1         -338.0771   
      1009:     30270.000000           1         -338.0709   
      1010:     30300.000000           1         -338.0683   
      1011:     30330.000000           1         -338.0612   
      1012:     30360.000000           1          -20.3810   
      1013:     30390.000000           1          -20.3742   
      1014:     30420.000000           1          -20.3614   
      1015:     30450.000000           1          -20.3586   
      1016:     30480.000000           1          -20.3479   
      1017:     30510.000000           1          -20.3420   
      1018:     30540.000000           1          -20.3302   
      1019:     30570.000000           1          -20.3268   
      1020:     30600.000000           1          -20.3254   
      1021:     30630.000000           1          -20.3165   
      1022:     30660.000000           1          -20.3114   
      1023:     30690.000000           1          -20.3069   
      1024:     30720.000000           1          -20.2957   
      1025:     30750.000000           1          -20.2867   
      1026:     30780.000000           1          -20.2747   
      1027:     30810.000000           1          -20.2618   
      1028:     30840.000000           1          -20.2590   
      1029:     30870.000000           1          -20.2508   
      1030:     30900.000000           1          -20.2380   
      1031:     30930.000000           1          -20.2277   
      1032:     30960.000000           1          -20.2200   
      1033:     30990.000000           1          -20.2245   
      1034:     31020.000000           1          -20.2229   
      1035:     31050.000000           1          -20.2230   
      1036:     31080.000000           1         -337.8880   
      1037:     31110.000000           1          -20.2021   
      1038:     31140.000000           1          -20.1989   
      1039:     31170.000000           1          -20.2005   
      1040:     31200.000000           1          -20.1951   
      1041:     31230.000000           1          -20.1881   
      1042:     31260.000000           1          -20.1765   
      1043:     31290.000000           1          -20.1691   
      1044:     31320.000000           1          -20.1624   
      1045:     31350.000000           1          -20.1607   
      1046:     31380.000000           1          -20.1631   
      1047:     31410.000000           1          -20.1577   
      1048:     31440.000000           1          -20.1526   
      1049:     31470.000000           1          -20.1490   
      1050:     31500.000000           1          -20.1486   
      1051:     31530.000000           1          -20.1446   
      1052:     31560.000000           1          -20.1369   
      1053:     31590.000000           1          -20.1227   
      1054:     31620.000000           1          -20.1129   
      1055:     31650.000000           1          -20.1026   
      1056:     31680.000000           1          -20.0987   
      1057:     31710.000000           1          -20.0949   
      1058:     31740.000000           1          -20.0866   
      1059:     31770.000000           1          -20.0816   
      1060:     31800.000000           1          -20.0733   
      1061:     31830.000000           1          -20.0645   
      1062:     31860.000000           1          -20.0545   
      1063:     31890.000000           1          -20.0473   
      1064:     31920.000000           1          -20.0434   
      1065:     31950.000000           1          -20.0404   
      1066:     31980.000000           1          -20.0344   
      1067:     32010.000000           1          -20.0364   
      1068:     32040.000000           1          -20.0387   
      1069:     32070.000000           1          -20.0419   
      1070:     32100.000000           1          -20.0398   
      1071:     32130.000000           1          -20.0318   
      1072:     32160.000000           1          -20.0267   
      1073:     32190.000000           1          -20.0173   
      1074:     32220.000000           1          -20.0156   
      1075:     32250.000000           1          -20.0101   
      1076:     32280.000000           1         -337.6716   
      1077:     32310.000000           1         -337.6688   
      1078:     32340.000000           1         -305.8154   
      1079:     32370.000000           1         -337.6460   
      1080:     32400.000000           1         -305.8050   
      1081:     32430.000000           1         -337.6495   
      1082:     32460.000000           1         -337.6437   
      1083:     32490.000000           1         -337.6407   
      1084:     32520.000000           1         -337.6348   
      1085:     32550.000000           1         -337.6292   
      1086:     32580.000000           1         -337.6213   
      1087:     32610.000000           1         -337.6206   
      1088:     32640.000000           1         -337.6148   
      1089:     32670.000000           1         -337.6102   
      1090:     32700.000000           1         -337.6009   
      1091:     32730.000000           1         -337.5983   
      1092:     32760.000000           1         -337.5866   
      1093:     32790.000000           1         -337.5885   
      1094:     32820.000000           1         -337.5913   
      1095:     32850.000000           1         -337.5899   
      1096:     32880.000000           1         -337.5815   
      1097:     32910.000000           1         -337.5834   
      1098:     32940.000000           1         -305.7143   
      1099:     32970.000000           1         -337.5629   
      1100:     33000.000000           1         -337.5555   
      1101:     33030.000000           1         -305.6881   
      1102:     33060.000000           1         -305.6854   
      1103:     33090.000000           1         -305.6790   
      1104:     33120.000000           1         -305.6770   
      1105:     33150.000000           1         -305.6721   
      1106:     33180.000000           1         -305.6645   
      1107:     33210.000000           1         -305.6580   
      1108:     33240.000000           1         -305.6513   
      1109:     33270.000000           1         -305.6426   
      1110:     33300.000000           1         -305.6355   
      1111:     33330.000000           1         -337.4742   
      1112:     33360.000000           1         -337.4683   
      1113:     33390.000000           1         -337.4602   
      1114:     33420.000000           1         -337.4484   
      1115:     33450.000000           1         -337.4386   
      1116:     33480.000000           1         -337.4273   
      1117:     33510.000000           1         -337.4155   
      1118:     33540.000000           1         -337.4088   
      1119:     33570.000000           1         -337.3988   
      1120:     33600.000000           1         -337.3907   
      1121:     33630.000000           1         -337.3836   
      1122:     33660.000000           1         -305.5224   
      1123:     33690.000000           1         -337.3897   
      1124:     33720.000000           1         -305.5166   
      1125:     33750.000000           1         -305.5090   
      1126:     33780.000000           1         -337.3674   
      1127:     33810.000000           1         -337.3616   
      1128:     33840.000000           1         -337.3633   
      1129:     33870.000000           1         -305.4757   
      1130:     33900.000000           1         -305.4738   
      1131:     33930.000000           1         -337.3453   
      1132:     33960.000000           1         -305.4586   
      1133:     33990.000000           1         -305.4521   
      1135:     34050.000000           1         -305.4150   
      1137:     34110.000000           1         -305.3948   
      1140:     34200.000000           1         -305.3674   
      1144:     34320.000000           1         -305.3586   
      1145:     34350.000000           1         -305.3500   
      1147:     34410.000000           1         -305.3428   
      1148:     34440.000000           1         -305.3393   
      1149:     34470.000000           1         -305.3314   
      1150:     34500.000000           1         -305.3150   
