       600:     18000.000000           1          -44.9452   
       601:     18030.000000           1          -44.9369   
       602:     18060.000000           1          -44.9266   
       603:     18090.000000           1          -44.9211   
       604:     18120.000000           1          -44.9216   
       605:     18150.000000           1          -44.9143   
       606:     18180.000000           1          -44.9141   
       607:     18210.000000           1         -340.4900   
       608:     18240.000000           1         -340.5448   
       609:     18270.000000           1         -340.4761   
       610:     18300.000000           1         -340.4871   
       611:     18330.000000           1         -340.4953   
       612:     18360.000000           1         -340.4874   
       613:     18390.000000           1         -340.5368   
       614:     18420.000000           1         -340.5220   
       615:     18450.000000           1         -340.5694   
       616:     18480.000000           1         -340.5508   
       617:     18510.000000           1         -340.5727   
       618:     18540.000000           1          -44.9219   
       619:     18570.000000           1         -340.5486   
       620:     18600.000000           1         -340.6364   
       621:     18630.000000           1         -340.5722   
       622:     18660.000000           1         -340.6052   
       623:     18690.000000           1         -340.6152   
       624:     18720.000000           1         -340.6044   
       625:     18750.000000           1         -340.5933   
       627:     18810.000000           1         -340.5252   
       628:     18840.000000           1         -340.4961   
       666:     19980.000000           1         -340.4495   
       667:     20010.000000           1         -340.4456   
       668:     20040.000000           1         -340.4478   
       669:     20070.000000           1         -340.4517   
       670:     20100.000000           1         -340.4566   
       671:     20130.000000           1         -340.4545   
       672:     20160.000000           1         -340.4522   
       673:     20190.000000           1         -340.4553   
       674:     20220.000000           1         -340.4552   
       675:     20250.000000           1         -340.4569   
       676:     20280.000000           1         -340.4535   
       677:     20310.000000           1         -340.4559   
       678:     20340.000000           1         -340.4552   
       679:     20370.000000           1         -340.4389   
       680:     20400.000000           1         -340.4450   
       681:     20430.000000           1         -340.4520   
       682:     20460.000000           1         -340.4518   
       683:     20490.000000           1         -340.4508   
       684:     20520.000000           1         -340.4469   
       716:     21480.000000           1         -340.4134   
       717:     21510.000000           1         -340.4046   
       718:     21540.000000           1         -340.4091   
       719:     21570.000000           1         -340.4051   
       720:     21600.000000           1         -340.4038   
       721:     21630.000000           1         -340.3990   
       722:     21660.000000           1         -340.3932   
       723:     21690.000000           1         -340.3900   
       724:     21720.000000           1         -340.3847   
       725:     21750.000000           1         -340.3808   
       726:     21780.000000           1         -340.3763   
       727:     21810.000000           1          -87.4906   
       728:     21840.000000           1          -87.4901   
       729:     21870.000000           1         -340.3492   
       731:     21930.000000           1          -87.3489   
       732:     21960.000000           1          -87.4601   
       733:     21990.000000           1          -87.4331   
       734:     22020.000000           1          -87.4316   
       735:     22050.000000           1          -87.4141   
       736:     22080.000000           1          -87.3873   
       737:     22110.000000           1          -87.3282   
       738:     22140.000000           1          -87.3170   
       739:     22170.000000           1          -87.2875   
       740:     22200.000000           1          -87.2539   
       741:     22230.000000           1          -87.2148   
       742:     22260.000000           1          -87.2177   
       743:     22290.000000           1          -87.2050   
       744:     22320.000000           1          -87.1838   
       745:     22350.000000           1          -87.1750   
       746:     22380.000000           1          -87.1672   
       747:     22410.000000           1          -87.1589   
       748:     22440.000000           1          -87.1616   
       749:     22470.000000           1          -87.1484   
       750:     22500.000000           1          -87.1424   
       751:     22530.000000           1          -87.1464   
       752:     22560.000000           1          -87.1538   
       753:     22590.000000           1          -87.1378   
       754:     22620.000000           1          -87.1368   
       755:     22650.000000           1          -87.1408   
       756:     22680.000000           1          -87.1360   
       757:     22710.000000           1          -87.1311   
       758:     22740.000000           1          -87.1323   
       759:     22770.000000           1          -87.1222   
       760:     22800.000000           1          -87.1178   
       761:     22830.000000           1         -340.1691   
       762:     22860.000000           1         -340.1788   
       763:     22890.000000           1          -87.1110   
       764:     22920.000000           1         -340.1440   
       765:     22950.000000           1         -340.1347   
       766:     22980.000000           1         -340.1341   
       767:     23010.000000           1         -340.1279   
       768:     23040.000000           1         -340.1152   
       769:     23070.000000           1         -340.1086   
       770:     23100.000000           1         -340.1080   
       771:     23130.000000           1         -340.1047   
       772:     23160.000000           1         -340.1019   
       773:     23190.000000           1          -86.9663   
       774:     23220.000000           1         -340.0778   
       775:     23250.000000           1         -340.0686   
       776:     23280.000000           1         -340.0514   
       777:     23310.000000           1         -340.0307   
       778:     23340.000000           1         -340.0286   
       779:     23370.000000           1         -340.0260   
       780:     23400.000000           1         -340.0215   
       781:     23430.000000           1         -340.0213   
       782:     23460.000000           1         -340.0147   
       783:     23490.000000           1         -340.0014   
       784:     23520.000000           1         -339.9895   
       785:     23550.000000           1         -339.9754   
       786:     23580.000000           1         -339.9632   
       787:     23610.000000           1         -339.9491   
       788:     23640.000000           1          -86.6330   
       789:     23670.000000           1          -86.6168   
       790:     23700.000000           1          -86.6121   
       791:     23730.000000           1          -86.6000   
       792:     23760.000000           1          -86.5891   
       793:     23790.000000           1          -86.5703   
       794:     23820.000000           1          -86.5616   
       795:     23850.000000           1          -86.5590   
       796:     23880.000000           1          -86.5491   
       797:     23910.000000           1          -86.5419   
       798:     23940.000000           1          -86.5228   
       799:     23970.000000           1          -86.5039   
       800:     24000.000000           1          -86.4946   
       801:     24030.000000           1          -86.4931   
       802:     24060.000000           1          -86.4784   
       809:     24270.000000           1          -86.4112   
       814:     24420.000000           1          -86.3591   
       815:     24450.000000           1          -86.3451   
       816:     24480.000000           1          -86.3306   
       817:     24510.000000           1          -86.3217   
       818:     24540.000000           1          -86.3098   
       819:     24570.000000           1          -86.3011   
       820:     24600.000000           1          -86.2931   
       821:     24630.000000           1          -86.2861   
       822:     24660.000000           1          -86.2725   
       823:     24690.000000           1          -86.2710   
       824:     24720.000000           1          -86.2695   
       825:     24750.000000           1          -86.2641   
       826:     24780.000000           1          -86.2538   
       827:     24810.000000           1          -86.2491   
       828:     24840.000000           1          -86.2292   
       829:     24870.000000           1          -86.2190   
       830:     24900.000000           1          -86.2157   
       833:     24990.000000           1          -86.1912   
       842:     25260.000000           1          -86.0892   
       844:     25320.000000           1          -86.0384   
       845:     25350.000000           1          -86.0201   
       846:     25380.000000           1          -86.0087   
       847:     25410.000000           1          -85.9949   
       848:     25440.000000           1          -85.9883   
       849:     25470.000000           1          -85.9830   
       850:     25500.000000           1          -85.9732   
       851:     25530.000000           1          -85.9709   
       852:     25560.000000           1          -85.9605   
       853:     25590.000000           1          -85.9546   
       854:     25620.000000           1          -85.9543   
       855:     25650.000000           1          -85.9414   
       856:     25680.000000           1          -85.9379   
       857:     25710.000000           1          -85.9343   
       858:     25740.000000           1          -85.9382   
       859:     25770.000000           1          -85.9332   
       860:     25800.000000           1          -85.9331   
       861:     25830.000000           1          -85.9218   
       862:     25860.000000           1          -85.9169   
       863:     25890.000000           1          -85.9059   
       864:     25920.000000           1         -339.2618   
       865:     25950.000000           1         -339.2609   
       866:     25980.000000           1         -339.2505   
       867:     26010.000000           1         -339.2411   
       868:     26040.000000           1         -339.2461   
       869:     26070.000000           1         -339.2390   
       870:     26100.000000           1         -339.2362   
       871:     26130.000000           1         -339.2323   
       872:     26160.000000           1         -339.2302   
       873:     26190.000000           1         -339.2232   
       874:     26220.000000           1         -339.2190   
       875:     26250.000000           1         -339.2168   
       876:     26280.000000           1         -339.2110   
       877:     26310.000000           1         -339.2040   
       878:     26340.000000           1         -339.1973   
       879:     26370.000000           1         -339.1866   
       880:     26400.000000           1         -339.1787   
       881:     26430.000000           1         -339.1643   
       882:     26460.000000           1         -339.1460   
       883:     26490.000000           1         -339.1352   
       884:     26520.000000           1         -339.1245   
       885:     26550.000000           1         -339.1169   
       886:     26580.000000           1         -339.1151   
       887:     26610.000000           1         -339.0999   
       888:     26640.000000           1         -339.0761   
       889:     26670.000000           1         -339.0703   
       890:     26700.000000           1         -339.0658   
       891:     26730.000000           1         -339.0576   
       892:     26760.000000           1         -339.0459   
       893:     26790.000000           1         -339.0336   
       894:     26820.000000           1         -339.0186   
       895:     26850.000000           1         -339.0157   
       896:     26880.000000           1         -339.0024   
       897:     26910.000000           1         -338.9867   
       898:     26940.000000           1         -338.9806   
       899:     26970.000000           1         -338.9688   
       900:     27000.000000           1         -338.9605   
       901:     27030.000000           1         -338.9543   
       902:     27060.000000           1         -338.9552   
       903:     27090.000000           1         -338.9510   
       904:     27120.000000           1         -338.9394   
       905:     27150.000000           1         -338.9203   
       906:     27180.000000           1         -338.9017   
       907:     27210.000000           1         -338.8839   
       908:     27240.000000           1         -338.8739   
       909:     27270.000000           1         -338.8719   
       910:     27300.000000           1         -338.8695   
       911:     27330.000000           1         -338.8693   
       912:     27360.000000           1         -338.8685   
       913:     27390.000000           1         -338.8599   
       914:     27420.000000           1         -338.8499   
       915:     27450.000000           1         -338.8390   
       916:     27480.000000           1         -338.8276   
       917:     27510.000000           1         -338.8228   
       918:     27540.000000           1         -338.8101   
       919:     27570.000000           1         -338.7957   
       920:     27600.000000           1         -338.7864   
       921:     27630.000000           1         -338.7807   
       922:     27660.000000           1         -338.7747   
       923:     27690.000000           1         -338.7621   
       924:     27720.000000           1         -338.7506   
       925:     27750.000000           1         -338.7351   
       926:     27780.000000           1         -338.7228   
       927:     27810.000000           1         -338.7189   
       928:     27840.000000           1         -338.7098   
       929:     27870.000000           1         -338.7039   
       930:     27900.000000           1         -338.6971   
       931:     27930.000000           1         -338.6795   
       932:     27960.000000           1         -338.6635   
       933:     27990.000000           1         -338.6633   
       934:     28020.000000           1          -85.2768   
       935:     28050.000000           1          -85.2231   
       936:     28080.000000           1          -85.2190   
       937:     28110.000000           1          -85.2032   
       938:     28140.000000           1          -85.1923   
       939:     28170.000000           1          -85.1584   
       940:     28200.000000           1         -306.7549   
       941:     28230.000000           1          -84.9527   
       942:     28260.000000           1         -306.7264   
       943:     28290.000000           1          -85.0545   
       944:     28320.000000           1         -306.7001   
       945:     28350.000000           1         -306.6875   
       946:     28380.000000           1         -306.6795   
       947:     28410.000000           1         -306.6785   
       948:     28440.000000           1         -306.6690   
       949:     28470.000000           1         -306.6623   
       950:     28500.000000           1         -306.6559   
       952:     28560.000000           1         -306.6408   
       954:     28620.000000           1         -306.6395   
       955:     28650.000000           1         -306.6302   
       956:     28680.000000           1         -306.6276   
       957:     28710.000000           1         -306.6272   
       958:     28740.000000           1         -306.6273   
       959:     28770.000000           1         -306.6230   
       960:     28800.000000           1         -306.6118   
       961:     28830.000000           1         -306.6064   
       962:     28860.000000           1         -306.5953   
       963:     28890.000000           1         -306.5832   
       965:     28950.000000           1         -306.5597   
       966:     28980.000000           1         -306.5615   
       967:     29010.000000           1         -306.5481   
       968:     29040.000000           1         -306.5373   
       969:     29070.000000           1          -84.7155   
       970:     29100.000000           1          -84.7160   
       971:     29130.000000           1         -306.4903   
       972:     29160.000000           1         -306.4853   
       973:     29190.000000           1         -306.4795   
       974:     29220.000000           1         -306.4741   
       975:     29250.000000           1         -306.4648   
       976:     29280.000000           1         -306.4534   
       977:     29310.000000           1         -306.4395   
       978:     29340.000000           1         -306.4306   
       979:     29370.000000           1         -306.4144   
       980:     29400.000000           1         -306.4174   
       981:     29430.000000           1         -306.4066   
       982:     29460.000000           1         -306.4024   
       983:     29490.000000           1         -306.3996   
       984:     29520.000000           1         -306.3934   
       985:     29550.000000           1         -306.3881   
       986:     29580.000000           1         -306.3849   
       987:     29610.000000           1         -306.3772   
       988:     29640.000000           1         -306.3737   
       989:     29670.000000           1         -306.3704   
       990:     29700.000000           1         -306.3597   
       991:     29730.000000           1         -306.3534   
       992:     29760.000000           1         -306.3385   
       993:     29790.000000           1         -306.3326   
       994:     29820.000000           1         -306.3332   
       995:     29850.000000           1         -306.3315   
       996:     29880.000000           1         -306.3334   
       997:     29910.000000           1         -306.3301   
       998:     29940.000000           1         -306.3310   
       999:     29970.000000           1         -306.3244   
      1000:     30000.000000           1         -306.3213   
      1001:     30030.000000           1         -306.3133   
      1002:     30060.000000           1         -306.3120   
      1003:     30090.000000           1         -306.3057   
      1004:     30120.000000           1         -306.3055   
      1005:     30150.000000           1         -306.3020   
      1006:     30180.000000           1         -306.3085   
      1007:     30210.000000           1         -306.3110   
      1008:     30240.000000           1         -306.3060   
      1009:     30270.000000           1         -306.3001   
      1010:     30300.000000           1         -306.2999   
      1011:     30330.000000           1         -306.2923   
      1012:     30360.000000           1         -338.0591   
      1013:     30390.000000           1         -338.0520   
      1014:     30420.000000           1         -338.0385   
      1015:     30450.000000           1         -338.0355   
      1016:     30480.000000           1         -338.0246   
      1017:     30510.000000           1         -338.0188   
      1018:     30540.000000           1         -338.0069   
      1019:     30570.000000           1         -338.0033   
      1020:     30600.000000           1         -338.0018   
      1021:     30630.000000           1         -337.9929   
      1022:     30660.000000           1         -337.9877   
      1023:     30690.000000           1         -337.9832   
      1024:     30720.000000           1         -337.9719   
      1025:     30750.000000           1         -337.9627   
      1026:     30780.000000           1         -337.9503   
      1027:     30810.000000           1         -337.9370   
      1028:     30840.000000           1         -337.9340   
      1029:     30870.000000           1         -337.9254   
      1030:     30900.000000           1         -337.9122   
      1031:     30930.000000           1         -337.9017   
      1032:     30960.000000           1         -337.8939   
      1033:     30990.000000           1         -337.8982   
      1034:     31020.000000           1         -337.8965   
      1035:     31050.000000           1         -337.8966   
      1036:     31080.000000           1         -306.1022   
      1037:     31110.000000           1         -337.8752   
      1038:     31140.000000           1         -337.8720   
      1039:     31170.000000           1         -337.8733   
      1040:     31200.000000           1         -337.8679   
      1041:     31230.000000           1         -337.8610   
      1042:     31260.000000           1         -337.8494   
      1043:     31290.000000           1         -337.8417   
      1044:     31320.000000           1         -337.8350   
      1045:     31350.000000           1         -337.8333   
      1046:     31380.000000           1         -337.8359   
      1047:     31410.000000           1         -337.8304   
      1048:     31440.000000           1         -337.8251   
      1049:     31470.000000           1         -337.8216   
      1050:     31500.000000           1         -337.8212   
      1051:     31530.000000           1         -337.8172   
      1052:     31560.000000           1         -337.8096   
      1053:     31590.000000           1         -337.7952   
      1054:     31620.000000           1         -337.7852   
      1055:     31650.000000           1         -337.7747   
      1056:     31680.000000           1         -337.7706   
      1057:     31710.000000           1         -337.7666   
      1058:     31740.000000           1         -337.7584   
      1059:     31770.000000           1         -337.7535   
      1060:     31800.000000           1         -337.7453   
      1061:     31830.000000           1         -337.7364   
      1062:     31860.000000           1         -337.7262   
      1063:     31890.000000           1         -337.7187   
      1064:     31920.000000           1         -337.7147   
      1065:     31950.000000           1         -337.7116   
      1066:     31980.000000           1         -337.7055   
      1067:     32010.000000           1         -337.7074   
      1068:     32040.000000           1         -337.7099   
      1069:     32070.000000           1         -337.7133   
      1070:     32100.000000           1         -337.7115   
      1071:     32130.000000           1         -337.7035   
      1072:     32160.000000           1         -337.6982   
      1073:     32190.000000           1         -337.6882   
      1074:     32220.000000           1         -337.6861   
      1075:     32250.000000           1         -337.6802   
      1076:     32280.000000           1         -305.8330   
      1077:     32310.000000           1         -305.8300   
      1079:     32370.000000           1         -305.8080   
      1081:     32430.000000           1         -305.8128   
      1082:     32460.000000           1         -305.8073   
      1083:     32490.000000           1         -305.8040   
      1084:     32520.000000           1         -305.7977   
      1085:     32550.000000           1         -305.7923   
      1086:     32580.000000           1         -305.7838   
      1087:     32610.000000           1         -305.7824   
      1088:     32640.000000           1         -305.7747   
      1089:     32670.000000           1         -305.7696   
      1090:     32700.000000           1         -305.7587   
      1091:     32730.000000           1         -305.7551   
      1092:     32760.000000           1         -305.7421   
      1093:     32790.000000           1         -305.7429   
      1094:     32820.000000           1         -305.7446   
      1095:     32850.000000           1         -305.7420   
      1096:     32880.000000           1         -305.7318   
      1097:     32910.000000           1         -305.7325   
      1099:     32970.000000           1         -305.7093   
      1100:     33000.000000           1         -305.7015   
      1111:     33330.000000           1         -305.6202   
      1112:     33360.000000           1         -305.6144   
      1113:     33390.000000           1         -305.6058   
      1114:     33420.000000           1         -305.5939   
      1115:     33450.000000           1         -305.5835   
      1116:     33480.000000           1         -305.5717   
      1117:     33510.000000           1         -305.5591   
      1118:     33540.000000           1         -305.5514   
      1119:     33570.000000           1         -305.5406   
      1120:     33600.000000           1         -305.5315   
      1121:     33630.000000           1         -305.5238   
      1123:     33690.000000           1         -305.5254   
      1126:     33780.000000           1         -305.4983   
      1127:     33810.000000           1         -305.4915   
      1128:     33840.000000           1         -305.4925   
      1131:     33930.000000           1         -305.4702   
      1139:     34170.000000           1         -305.3757   
      1141:     34230.000000           1         -305.3688   
      1142:     34260.000000           1         -305.3670   
      1143:     34290.000000           1         -305.3668   
      1146:     34380.000000           1         -305.3426   
      1151:     34530.000000           1         -305.3119   
      1152:     34560.000000           1         -305.2995   
      1153:     34590.000000           1         -305.2844   
      1154:     34620.000000           1         -305.2792   
      1155:     34650.000000           1         -305.2765   
      1156:     34680.000000           1         -305.2708   
      1157:     34710.000000           1         -305.2663   
      1158:     34740.000000           1         -305.2647   
      1159:     34770.000000           1         -305.2624   
      1160:     34800.000000           1         -305.2574   
      1161:     34830.000000           1         -305.2506   
      1162:     34860.000000           1         -305.2467   
      1163:     34890.000000           1         -305.2388   
      1164:     34920.000000           1         -305.2327   
      1165:     34950.000000           1         -337.1022   
      1166:     34980.000000           1         -337.0938   
      1167:     35010.000000           1         -337.0902   
      1168:     35040.000000           1         -337.0864   
      1169:     35070.000000           1         -337.0837   
      1170:     35100.000000           1         -305.1989   
      1171:     35130.000000           1         -337.0623   
      1172:     35160.000000           1         -305.1645   
      1173:     35190.000000           1         -337.0405   
      1174:     35220.000000           1         -337.0331   
      1175:     35250.000000           1         -305.1409   
      1176:     35280.000000           1         -305.1342   
      1177:     35310.000000           1         -305.1245   
      1178:     35340.000000           1         -305.1214   
      1179:     35370.000000           1         -305.1144   
      1180:     35400.000000           1         -305.1039   
      1181:     35430.000000           1         -305.0998   
      1182:     35460.000000           1         -305.0921   
      1183:     35490.000000           1         -305.0844   
      1184:     35520.000000           1         -305.0748   
      1185:     35550.000000           1         -305.0662   
      1186:     35580.000000           1         -305.0591   
      1187:     35610.000000           1         -305.0524   
      1188:     35640.000000           1         -305.0444   
      1189:     35670.000000           1         -305.0370   
      1190:     35700.000000           1         -305.0344   
      1191:     35730.000000           1         -305.0274   
      1192:     35760.000000           1         -305.0200   
      1193:     35790.000000           1         -305.0120   
      1201:     36030.000000           1         -336.8157   
      1203:     36090.000000           1         -304.9344   
      1204:     36120.000000           1         -304.9339   
      1205:     36150.000000           1         -304.9238   
      1206:     36180.000000           1         -304.9250   
      1207:     36210.000000           1         -304.9291   
      1209:     36270.000000           1         -304.9317   
      1210:     36300.000000           1         -304.9234   
      1211:     36330.000000           1         -304.9208   
      1212:     36360.000000           1         -304.9228   
      1213:     36390.000000           1         -304.9186   
      1214:     36420.000000           1         -304.9116   
      1215:     36450.000000           1         -304.9072   
      1218:     36540.000000           1         -304.8969   
      1256:     37680.000000           1         -304.7416   
      1257:     37710.000000           1         -304.7402   
      1259:     37770.000000           1         -304.7131   
      1260:     37800.000000           1         -304.7039   
      1261:     37830.000000           1         -304.6979   
      1262:     37860.000000           1         -304.6927   
      1263:     37890.000000           1         -304.6866   
      1265:     37950.000000           1         -304.6626   
      1266:     37980.000000           1         -304.6572   
      1267:     38010.000000           1         -304.6560   
      1268:     38040.000000           1         -304.6495   
      1269:     38070.000000           1         -304.6478   
      1270:     38100.000000           1         -304.6372   
      1271:     38130.000000           1         -304.6327   
      1272:     38160.000000           1         -304.6361   
      1273:     38190.000000           1         -304.6297   
      1274:     38220.000000           1         -304.6297   
      1275:     38250.000000           1         -304.6291   
      1276:     38280.000000           1         -304.6252   
      1277:     38310.000000           1         -304.6181   
      1278:     38340.000000           1         -304.6155   
      1279:     38370.000000           1         -304.6134   
      1280:     38400.000000           1         -304.6190   
      1281:     38430.000000           1         -304.6166   
      1282:     38460.000000           1         -304.6171   
      1283:     38490.000000           1         -304.6157   
      1284:     38520.000000           1         -304.6122   
      1285:     38550.000000           1         -304.6015   
      1286:     38580.000000           1         -304.5976   
      1287:     38610.000000           1         -304.5967   
      1288:     38640.000000           1         -304.5907   
      1289:     38670.000000           1         -304.5910   
      1290:     38700.000000           1         -304.5905   
      1291:     38730.000000           1         -304.5823   
      1292:     38760.000000           1         -304.5779   
      1293:     38790.000000           1         -304.5770   
      1294:     38820.000000           1         -304.5824   
      1295:     38850.000000           1         -304.5767   
      1296:     38880.000000           1         -304.5702   
      1297:     38910.000000           1         -304.5671   
      1298:     38940.000000           1         -304.5641   
      1299:     38970.000000           1         -304.5595   
      1300:     39000.000000           1         -304.5558   
      1301:     39030.000000           1         -304.5550   
      1302:     39060.000000           1         -304.5501   
      1303:     39090.000000           1         -304.5476   
      1304:     39120.000000           1         -304.5346   
      1305:     39150.000000           1         -304.5320   
      1306:     39180.000000           1         -304.5340   
      1307:     39210.000000           1         -304.5341   
      1308:     39240.000000           1         -304.5286   
      1309:     39270.000000           1         -304.5307   
      1310:     39300.000000           1         -304.5302   
      1311:     39330.000000           1         -304.5281   
      1312:     39360.000000           1         -304.5248   
      1313:     39390.000000           1         -304.5249   
      1314:     39420.000000           1         -304.5243   
      1315:     39450.000000           1          -87.0529   
      1316:     39480.000000           1          -87.0406   
      1317:     39510.000000           1          -87.0660   
      1318:     39540.000000           1          -87.0842   
      1319:     39570.000000           1          -87.0383   
      1320:     39600.000000           1          -87.0131   
      1321:     39630.000000           1          -86.9877   
      1322:     39660.000000           1          -87.0193   
      1323:     39690.000000           1          -87.0449   
      1324:     39720.000000           1          -87.0522   
      1325:     39750.000000           1          -87.0609   
      1326:     39780.000000           1          -87.0499   
      1327:     39810.000000           1          -87.0737   
      1328:     39840.000000           1          -87.0833   
      1329:     39870.000000           1          -87.0767   
      1330:     39900.000000           1          -87.0726   
      1331:     39930.000000           1          -87.0767   
      1332:     39960.000000           1          -87.0772   
      1333:     39990.000000           1          -87.0828   
      1334:     40020.000000           1          -87.0853   
      1335:     40050.000000           1          -87.0698   
      1336:     40080.000000           1          -87.0637   
      1337:     40110.000000           1          -87.0448   
      1338:     40140.000000           1          -87.0503   
      1339:     40170.000000           1          -87.0515   
      1340:     40200.000000           1          -87.0471   
      1341:     40230.000000           1          -87.0529   
      1342:     40260.000000           1          -87.0551   
      1343:     40290.000000           1          -87.0559   
      1344:     40320.000000           1          -87.0483   
      1345:     40350.000000           1          -87.0409   
      1346:     40380.000000           1          -87.0335   
      1347:     40410.000000           1          -87.0186   
      1348:     40440.000000           1          -87.0134   
      1349:     40470.000000           1          -87.0054   
      1350:     40500.000000           1          -87.0019   
      1351:     40530.000000           1          -86.9960   
      1352:     40560.000000           1          -86.9871   
      1353:     40590.000000           1          -86.9883   
      1354:     40620.000000           1          -86.9841   
      1355:     40650.000000           1          -86.9777   
      1356:     40680.000000           1          -86.9626   
      1357:     40710.000000           1          -86.9410   
      1358:     40740.000000           1          -86.9255   
      1359:     40770.000000           1         -304.3979   
      1360:     40800.000000           1          -86.8845   
      1361:     40830.000000           1          -86.8764   
      1362:     40860.000000           1          -86.8728   
      1363:     40890.000000           1          -86.8652   
      1364:     40920.000000           1          -86.8600   
      1365:     40950.000000           1          -86.8546   
      1366:     40980.000000           1          -86.8496   
      1367:     41010.000000           1          -86.8405   
      1368:     41040.000000           1          -86.8353   
      1369:     41070.000000           1          -86.8306   
      1370:     41100.000000           1          -86.8220   
      1371:     41130.000000           1          -86.8129   
      1372:     41160.000000           1          -86.8090   
      1373:     41190.000000           1          -86.8055   
      1374:     41220.000000           1         -335.2801   
      1375:     41250.000000           1          -86.8080   
      1376:     41280.000000           1         -335.2927   
      1377:     41310.000000           1          -86.7824   
      1378:     41340.000000           1         1580.2145   
      1379:     41370.000000           1          -86.7917   
      1380:     41400.000000           1         1580.2764   
      1381:     41430.000000           1         1580.3196   
      1382:     41460.000000           1          -86.7868   
      1383:     41490.000000           1         1580.3558   
      1384:     41520.000000           1         1580.3460   
      1385:     41550.000000           1          -86.7815   
      1386:     41580.000000           1          -86.7828   
      1387:     41610.000000           1         1580.3390   
      1388:     41640.000000           1         1580.3564   
      1389:     41670.000000           1          -86.7751   
      1390:     41700.000000           1          -86.7696   
      1391:     41730.000000           1          -86.7746   
      1392:     41760.000000           1          -86.7753   
      1393:     41790.000000           1          -86.7734   
      1394:     41820.000000           1          -86.7688   
      1395:     41850.000000           1          -86.7731   
      1396:     41880.000000           1          -86.7763   
      1397:     41910.000000           1          -86.7728   
      1398:     41940.000000           1          -86.7702   
      1399:     41970.000000           1          -86.7733   
      1400:     42000.000000           1          -86.7708   
      1401:     42030.000000           1          -86.7690   
      1402:     42060.000000           1          -86.7708   
      1403:     42090.000000           1          -86.7729   
      1404:     42120.000000           1          -86.7730   
      1405:     42150.000000           1          -86.7785   
      1406:     42180.000000           1          -86.7821   
      1407:     42210.000000           1         -304.3636   
      1408:     42240.000000           1         -304.3645   
      1409:     42270.000000           1         -304.3697   
      1410:     42300.000000           1         -304.3717   
      1411:     42330.000000           1         -304.3700   
      1412:     42360.000000           1          -86.7915   
      1413:     42390.000000           1         -304.3796   
      1414:     42420.000000           1          -86.7983   
      1415:     42450.000000           1         -304.3838   
      1416:     42480.000000           1         -304.3859   
      1417:     42510.000000           1         -304.3887   
      1418:     42540.000000           1         -304.3872   
      1419:     42570.000000           1         -304.3860   
      1420:     42600.000000           1         -304.3856   
      1421:     42630.000000           1         -304.3820   
      1422:     42660.000000           1         -304.3770   
      1423:     42690.000000           1         -304.3750   
      1424:     42720.000000           1         -304.3765   
      1425:     42750.000000           1         -304.3712   
