      1315:     39450.000000           1         -304.5214   
      1316:     39480.000000           1         -304.5214   
      1317:     39510.000000           1         -304.5145   
      1318:     39540.000000           1         -304.5136   
      1319:     39570.000000           1         -304.5079   
      1320:     39600.000000           1         -304.5056   
      1321:     39630.000000           1         -304.4988   
      1322:     39660.000000           1         -304.4966   
      1323:     39690.000000           1         -304.4952   
      1324:     39720.000000           1         -304.4960   
      1325:     39750.000000           1         -304.4932   
      1326:     39780.000000           1         -304.4907   
      1327:     39810.000000           1         -304.4857   
      1328:     39840.000000           1         -304.4814   
      1329:     39870.000000           1         -304.4798   
      1330:     39900.000000           1         -304.4784   
      1331:     39930.000000           1         -304.4749   
      1332:     39960.000000           1         -304.4706   
      1333:     39990.000000           1         -304.4734   
      1334:     40020.000000           1         -304.4777   
      1335:     40050.000000           1         -304.4729   
      1336:     40080.000000           1         -304.4717   
      1337:     40110.000000           1         -304.4639   
      1338:     40140.000000           1         -304.4664   
      1339:     40170.000000           1         -304.4659   
      1340:     40200.000000           1         -304.4626   
      1341:     40230.000000           1         -304.4586   
      1342:     40260.000000           1         -304.4531   
      1343:     40290.000000           1         -304.4523   
      1344:     40320.000000           1         -304.4476   
      1345:     40350.000000           1         -304.4456   
      1346:     40380.000000           1         -304.4434   
      1347:     40410.000000           1         -304.4368   
      1348:     40440.000000           1         -304.4375   
      1349:     40470.000000           1         -304.4337   
      1350:     40500.000000           1         -304.4289   
      1351:     40530.000000           1         -304.4234   
      1352:     40560.000000           1         -304.4189   
      1353:     40590.000000           1         -304.4179   
      1354:     40620.000000           1         -304.4136   
      1355:     40650.000000           1         -304.4082   
      1356:     40680.000000           1         -304.4045   
      1357:     40710.000000           1         -304.3985   
      1358:     40740.000000           1         -304.3955   
      1360:     40800.000000           1         -304.3913   
      1361:     40830.000000           1         -304.3913   
      1362:     40860.000000           1         -304.3902   
      1363:     40890.000000           1         -304.3877   
      1364:     40920.000000           1         -304.3862   
      1365:     40950.000000           1         -304.3830   
      1366:     40980.000000           1         -304.3806   
      1367:     41010.000000           1         -304.3756   
      1368:     41040.000000           1         -304.3730   
      1369:     41070.000000           1         -304.3704   
      1370:     41100.000000           1         -304.3687   
      1371:     41130.000000           1         -304.3640   
      1372:     41160.000000           1         -304.3620   
      1373:     41190.000000           1         -304.3583   
      1374:     41220.000000           1          -86.8069   
      1375:     41250.000000           1         -304.3610   
      1376:     41280.000000           1          -86.8061   
      1377:     41310.000000           1         -304.3537   
      1378:     41340.000000           1          -86.7841   
      1379:     41370.000000           1         -304.3573   
      1380:     41400.000000           1          -86.7942   
      1381:     41430.000000           1          -86.7904   
      1382:     41460.000000           1         -304.3556   
      1383:     41490.000000           1          -86.7798   
      1384:     41520.000000           1          -86.7806   
      1385:     41550.000000           1         -304.3487   
      1386:     41580.000000           1         -304.3496   
      1387:     41610.000000           1          -86.7799   
      1388:     41640.000000           1          -86.7754   
      1389:     41670.000000           1         -304.3490   
      1390:     41700.000000           1         -304.3473   
      1391:     41730.000000           1         -304.3523   
      1392:     41760.000000           1         -304.3561   
      1393:     41790.000000           1         -304.3589   
      1394:     41820.000000           1         -304.3573   
      1395:     41850.000000           1         -304.3607   
      1396:     41880.000000           1         -304.3618   
      1397:     41910.000000           1         -304.3596   
      1398:     41940.000000           1         -304.3577   
      1399:     41970.000000           1         -304.3601   
      1400:     42000.000000           1         -304.3582   
      1401:     42030.000000           1         -304.3559   
      1402:     42060.000000           1         -304.3557   
      1403:     42090.000000           1         -304.3564   
      1404:     42120.000000           1         -304.3574   
      1405:     42150.000000           1         -304.3618   
      1406:     42180.000000           1         -304.3625   
      1412:     42360.000000           1         -304.3721   
      1414:     42420.000000           1         -304.3815   
      1426:     42780.000000           1         -304.3619   
      1427:     42810.000000           1         -304.3582   
      1428:     42840.000000           1         -304.3570   
      1429:     42870.000000           1         -304.3570   
      1430:     42900.000000           1         -304.3570   
      1431:     42930.000000           1         -304.3538   
      1432:     42960.000000           1         -304.3544   
      1433:     42990.000000           1         -304.3558   
      1434:     43020.000000           1         -304.3532   
      1435:     43050.000000           1         -304.3548   
      1436:     43080.000000           1         -304.3545   
      1437:     43110.000000           1         -304.3519   
      1438:     43140.000000           1         -304.3471   
      1439:     43170.000000           1          -86.7159   
      1440:     43200.000000           1          -86.7112   
      1441:     43230.000000           1          -86.7058   
      1442:     43260.000000           1         -304.3324   
      1443:     43290.000000           1         -304.3294   
      1444:     43320.000000           1         -304.3299   
      1464:     43920.000000           1         -304.3270   
      1465:     43950.000000           1         -304.3249   
      1467:     44010.000000           1         -304.4282   
      1468:     44040.000000           1         -304.6100   
      1469:     44070.000000           1         -304.6112   
      1471:     44130.000000           1         -304.3932   
      1472:     44160.000000           1          -86.6142   
      1473:     44190.000000           1          -86.6177   
      1474:     44220.000000           1          -86.6229   
      1475:     44250.000000           1          -86.6218   
      1476:     44280.000000           1          -86.6195   
      1477:     44310.000000           1          -86.6199   
      1478:     44340.000000           1          -86.6177   
      1479:     44370.000000           1          -86.6163   
      1480:     44400.000000           1          -86.6139   
      1481:     44430.000000           1          -86.6139   
      1482:     44460.000000           1          -86.6168   
      1483:     44490.000000           1          -86.6170   
      1484:     44520.000000           1          -86.6203   
      1485:     44550.000000           1          -86.6226   
      1486:     44580.000000           1         -304.4816   
      1487:     44610.000000           1          -86.6285   
      1488:     44640.000000           1          -86.6258   
      1489:     44670.000000           1          -86.6220   
      1490:     44700.000000           1          -86.6217   
      1491:     44730.000000           1         -304.5472   
      1492:     44760.000000           1          -86.6250   
      1523:     45690.000000           1          -86.6324   
      1524:     45720.000000           1          -86.6342   
      1525:     45750.000000           1          -86.6360   
      1526:     45780.000000           1          -86.6401   
      1528:     45840.000000           1          -86.6439   
      1530:     45900.000000           1          -86.6556   
      1531:     45930.000000           1          -86.6574   
      1532:     45960.000000           1          -86.6554   
      1533:     45990.000000           1          -86.6572   
      1534:     46020.000000           1          -86.6626   
      1535:     46050.000000           1          -86.6646   
      1536:     46080.000000           1          -86.6671   
      1538:     46140.000000           1          -86.6702   
      1539:     46170.000000           1          -86.6704   
      1540:     46200.000000           1          -86.6685   
      1541:     46230.000000           1          -86.6686   
      1542:     46260.000000           1          -86.6654   
      1543:     46290.000000           1          -86.6681   
      1544:     46320.000000           1          -86.6650   
      1546:     46380.000000           1          -86.6790   
      1547:     46410.000000           1          -86.6836   
      1548:     46440.000000           1          -86.6904   
      1549:     46470.000000           1          -86.6953   
      1550:     46500.000000           1          -86.6975   
      1551:     46530.000000           1          -86.7002   
      1552:     46560.000000           1          -86.7065   
      1553:     46590.000000           1          -86.7104   
      1554:     46620.000000           1          -86.7163   
      1555:     46650.000000           1          -86.7197   
      1556:     46680.000000           1          -86.7274   
      1557:     46710.000000           1          -86.7278   
      1558:     46740.000000           1          -86.7296   
      1559:     46770.000000           1          -86.7298   
      1561:     46830.000000           1          -86.7569   
      1562:     46860.000000           1          -86.7557   
      1563:     46890.000000           1          -86.7632   
      1564:     46920.000000           1          -86.7662   
      1565:     46950.000000           1          -86.7720   
      1566:     46980.000000           1          -86.7749   
      1567:     47010.000000           1          -86.7757   
      1568:     47040.000000           1          -86.7789   
      1569:     47070.000000           1          -86.7790   
      1570:     47100.000000           1          -86.7818   
      1571:     47130.000000           1          -86.7847   
      1572:     47160.000000           1          -86.7865   
      1573:     47190.000000           1          -86.7890   
      1575:     47250.000000           1          -86.7829   
      1576:     47280.000000           1          -86.7898   
      1577:     47310.000000           1          -86.7871   
      1578:     47340.000000           1          -86.7871   
      1579:     47370.000000           1          -86.7882   
      1580:     47400.000000           1          -86.7889   
      1602:     48060.000000           1          -86.8228   
      1608:     48240.000000           1          -86.8443   
      1609:     48270.000000           1          -86.8461   
      1610:     48300.000000           1          -86.8477   
      1611:     48330.000000           1          -86.8511   
      1640:     49200.000000           1          -86.9074   
      1641:     49230.000000           1          -86.9095   
      1642:     49260.000000           1          -86.9060   
      1643:     49290.000000           1          -86.9071   
      1644:     49320.000000           1          -86.9051   
      1645:     49350.000000           1          -86.9061   
      1646:     49380.000000           1          -86.9083   
      1647:     49410.000000           1          -86.9115   
      1648:     49440.000000           1          -86.9157   
      1649:     49470.000000           1          -86.9197   
      1650:     49500.000000           1          -86.9193   
      1651:     49530.000000           1          -86.9183   
      1652:     49560.000000           1          -86.9211   
      1653:     49590.000000           1          -86.9264   
      1714:     51420.000000           1          -86.9250   
      1715:     51450.000000           1          -86.9264   
      1716:     51480.000000           1          -86.9286   
      1717:     51510.000000           1          -86.9312   
      1718:     51540.000000           1          -86.9289   
      1719:     51570.000000           1          -86.9278   
      1720:     51600.000000           1          -86.9271   
      1722:     51660.000000           1          -86.9236   
      1724:     51720.000000           1          -86.9112   
      1725:     51750.000000           1          -86.9135   
      1726:     51780.000000           1          -86.9174   
      1727:     51810.000000           1          -86.9215   
      1728:     51840.000000           1          -86.9248   
      1729:     51870.000000           1          -86.9222   
      1730:     51900.000000           1          -86.9224   
      1731:     51930.000000           1          -86.9219   
      1732:     51960.000000           1          -86.9241   
      1733:     51990.000000           1          -86.9234   
      1734:     52020.000000           1          -86.9252   
      1735:     52050.000000           1          -86.9280   
      1736:     52080.000000           1          -86.9291   
      1737:     52110.000000           1          -86.9284   
      1738:     52140.000000           1          -86.9301   
      1739:     52170.000000           1          -86.9306   
      1740:     52200.000000           1          -86.9325   
      1741:     52230.000000           1          -86.9347   
      1742:     52260.000000           1          -86.9385   
      1743:     52290.000000           1          -86.9399   
      1744:     52320.000000           1          -86.9397   
      1745:     52350.000000           1          -86.9424   
      1746:     52380.000000           1          -86.9499   
      1747:     52410.000000           1          -86.9490   
      1748:     52440.000000           1          -86.9483   
      1749:     52470.000000           1          -86.9496   
      1750:     52500.000000           1          -86.9464   
      1751:     52530.000000           1          -86.9427   
      1752:     52560.000000           1          -86.9431   
      1753:     52590.000000           1          -86.9424   
      1754:     52620.000000           1          -86.9427   
      1755:     52650.000000           1          -86.9410   
      1756:     52680.000000           1          -86.9397   
      1757:     52710.000000           1          -86.9420   
      1758:     52740.000000           1          -86.9466   
      1759:     52770.000000           1          -86.9492   
      1760:     52800.000000           1          -86.9510   
      1761:     52830.000000           1          -86.9503   
      1762:     52860.000000           1          -86.9467   
      1763:     52890.000000           1          -86.9470   
      1764:     52920.000000           1          -86.9515   
      1765:     52950.000000           1          -86.9503   
      1766:     52980.000000           1          -86.9505   
      1767:     53010.000000           1          -86.9529   
      1768:     53040.000000           1          -86.9592   
      1769:     53070.000000           1          -86.9660   
      1770:     53100.000000           1          -86.9690   
      1771:     53130.000000           1          -86.9703   
      1772:     53160.000000           1          -86.9707   
      1773:     53190.000000           1          -86.9707   
      1774:     53220.000000           1            5.7438   
      1775:     53250.000000           1          -86.9815   
      1776:     53280.000000           1          -86.9821   
      1777:     53310.000000           1          -86.9844   
      1779:     53370.000000           1            5.7913   
      1780:     53400.000000           1            5.7955   
      1781:     53430.000000           1            5.8025   
      1782:     53460.000000           1            5.8077   
      1783:     53490.000000           1            5.8083   
      1784:     53520.000000           1            5.8078   
      1785:     53550.000000           1            5.8095   
      1786:     53580.000000           1            5.8127   
      1787:     53610.000000           1            5.8141   
      1788:     53640.000000           1            5.8217   
      1789:     53670.000000           1            5.8278   
      1790:     53700.000000           1            5.8368   
      1791:     53730.000000           1            5.8432   
      1792:     53760.000000           1            5.8544   
      1793:     53790.000000           1            5.8746   
      1794:     53820.000000           1            5.8905   
      1795:     53850.000000           1            5.8945   
      1796:     53880.000000           1            5.9003   
      1797:     53910.000000           1            5.9045   
      1798:     53940.000000           1            5.9069   
      1799:     53970.000000           1            5.9052   
      1801:     54030.000000           1          -87.0147   
      1802:     54060.000000           1            5.8773   
      1803:     54090.000000           1            5.8580   
      1804:     54120.000000           1            5.8569   
      1805:     54150.000000           1            5.8553   
      1807:     54210.000000           1            5.8448   
      1808:     54240.000000           1            5.8372   
      1809:     54270.000000           1            5.8312   
      1818:     54540.000000           1         -370.4904   
      1819:     54570.000000           1         -370.4641   
      1820:     54600.000000           1         -370.4880   
      1821:     54630.000000           1         -370.5271   
      1822:     54660.000000           1         -370.5480   
      1830:     54900.000000           1         -370.3446   
      1831:     54930.000000           1         -370.3371   
      1832:     54960.000000           1            5.8020   
      1833:     54990.000000           1            5.8030   
      1834:     55020.000000           1            5.8066   
      1835:     55050.000000           1            5.8033   
      1836:     55080.000000           1            5.8028   
      1837:     55110.000000           1            5.8033   
      1838:     55140.000000           1            5.8002   
      1839:     55170.000000           1            5.7947   
      1840:     55200.000000           1            5.7854   
      1841:     55230.000000           1            5.7780   
      1842:     55260.000000           1            5.7686   
      1843:     55290.000000           1            5.7663   
      1844:     55320.000000           1            5.7605   
      1845:     55350.000000           1            5.7555   
      1846:     55380.000000           1            5.7472   
      1847:     55410.000000           1            5.7347   
      1848:     55440.000000           1            5.7334   
      1849:     55470.000000           1            5.7347   
      1850:     55500.000000           1            5.7360   
      1851:     55530.000000           1            5.7371   
      1852:     55560.000000           1            5.7363   
      1853:     55590.000000           1            5.7349   
      1854:     55620.000000           1            5.7333   
      1855:     55650.000000           1            5.7335   
      1856:     55680.000000           1            5.7312   
      1857:     55710.000000           1            5.7300   
      1858:     55740.000000           1            5.7339   
      1859:     55770.000000           1         -370.3912   
      1860:     55800.000000           1            5.7359   
      1861:     55830.000000           1            5.7380   
      1862:     55860.000000           1            5.7372   
      1863:     55890.000000           1            5.7397   
      1864:     55920.000000           1            5.7408   
      1865:     55950.000000           1            5.7391   
      1866:     55980.000000           1            5.7371   
      1867:     56010.000000           1          -87.1187   
      1868:     56040.000000           1          -87.1231   
      1869:     56070.000000           1          -87.1269   
      1870:     56100.000000           1          -87.1303   
      1871:     56130.000000           1          -87.1342   
      1872:     56160.000000           1          -87.1361   
      1873:     56190.000000           1          -87.1350   
      1874:     56220.000000           1          -87.1366   
      1875:     56250.000000           1          -87.1434   
      1876:     56280.000000           1          -87.1458   
      1877:     56310.000000           1          -87.1445   
      1878:     56340.000000           1          -87.1425   
      1879:     56370.000000           1          -87.1420   
      1880:     56400.000000           1          -87.1426   
      1881:     56430.000000           1          -87.1407   
      1882:     56460.000000           1          -87.1440   
      1883:     56490.000000           1          -87.1458   
      1884:     56520.000000           1          -87.1467   
      1885:     56550.000000           1          -87.1512   
      1886:     56580.000000           1          -87.1534   
      1887:     56610.000000           1          -87.1531   
      1888:     56640.000000           1          -87.1543   
      1889:     56670.000000           1          -87.1584   
      1890:     56700.000000           1          -87.1588   
      1891:     56730.000000           1            5.7284   
      1892:     56760.000000           1          -87.1675   
      1893:     56790.000000           1          -87.1702   
      1894:     56820.000000           1          -87.1715   
      1895:     56850.000000           1          -87.1744   
      1896:     56880.000000           1          -87.1748   
      1897:     56910.000000           1          -87.1756   
      1898:     56940.000000           1          -87.1786   
      1899:     56970.000000           1            5.7163   
      1900:     57000.000000           1            5.7139   
      1901:     57030.000000           1            5.7134   
      1902:     57060.000000           1            5.7121   
      1903:     57090.000000           1         -370.4113   
      1904:     57120.000000           1         -370.4151   
      1905:     57150.000000           1         -370.4217   
      1906:     57180.000000           1         -370.4215   
      1907:     57210.000000           1         -370.4340   
      1908:     57240.000000           1         -370.4464   
      1909:     57270.000000           1         -370.4534   
      1910:     57300.000000           1         -370.4595   
      1911:     57330.000000           1         -370.4659   
      1912:     57360.000000           1         -370.4699   
      1913:     57390.000000           1         -370.4747   
      1914:     57420.000000           1         -370.4786   
      1915:     57450.000000           1         -370.4800   
      1916:     57480.000000           1         -370.4858   
      1917:     57510.000000           1         -370.4842   
      1918:     57540.000000           1         -370.4891   
      1919:     57570.000000           1         -370.4904   
      1920:     57600.000000           1         -370.4957   
      1921:     57630.000000           1         -370.4987   
      1922:     57660.000000           1         -370.5001   
      1923:     57690.000000           1            5.6927   
      1924:     57720.000000           1         -370.5119   
      1925:     57750.000000           1         -370.5140   
      1926:     57780.000000           1            5.6913   
      1927:     57810.000000           1         -370.5103   
      1928:     57840.000000           1            5.6905   
      1929:     57870.000000           1          -87.2083   
      1930:     57900.000000           1          -87.2120   
      1931:     57930.000000           1          -87.2126   
      1932:     57960.000000           1          -87.2142   
      1933:     57990.000000           1          -87.2173   
      1934:     58020.000000           1          -87.2207   
      1935:     58050.000000           1          -87.2206   
      1936:     58080.000000           1          -87.2192   
      1937:     58110.000000           1          -87.2214   
      1938:     58140.000000           1          -87.2229   
      1939:     58170.000000           1          -87.2257   
      1940:     58200.000000           1          -87.2265   
      1941:     58230.000000           1          -87.2284   
      1942:     58260.000000           1          -87.2292   
      1943:     58290.000000           1          -87.2319   
      1944:     58320.000000           1          -87.2355   
      1945:     58350.000000           1          -87.2359   
      1946:     58380.000000           1          -87.2359   
      1947:     58410.000000           1          -87.2353   
      1948:     58440.000000           1          -87.2360   
      1949:     58470.000000           1          -87.2396   
      1950:     58500.000000           1          -87.2384   
      1951:     58530.000000           1          -87.2395   
      1952:     58560.000000           1          -87.2448   
      1953:     58590.000000           1          -87.2445   
      1954:     58620.000000           1          -87.2464   
      1955:     58650.000000           1          -87.2483   
      1956:     58680.000000           1          -87.2541   
      1957:     58710.000000           1          -87.2602   
      1958:     58740.000000           1          -87.2649   
      1959:     58770.000000           1          -87.2677   
      1960:     58800.000000           1          -87.2693   
      1961:     58830.000000           1          -87.2709   
      1962:     58860.000000           1          -87.2749   
      1963:     58890.000000           1          -87.2797   
      1964:     58920.000000           1          -87.2836   
      1965:     58950.000000           1          -87.2861   
      1966:     58980.000000           1          -87.2898   
      1967:     59010.000000           1          -87.2921   
      1968:     59040.000000           1          -87.2975   
      1969:     59070.000000           1          -87.3016   
      1970:     59100.000000           1          -87.3019   
      1971:     59130.000000           1          -87.3060   
      1972:     59160.000000           1          -87.3128   
      1973:     59190.000000           1          -87.3157   
      1974:     59220.000000           1          -87.3156   
      1975:     59250.000000           1          -87.3167   
      1976:     59280.000000           1          -87.3177   
      1977:     59310.000000           1          -87.3175   
      1978:     59340.000000           1          -87.3162   
      1979:     59370.000000           1          -87.3167   
      1980:     59400.000000           1          -87.3170   
      1981:     59430.000000           1          -87.3161   
      1982:     59460.000000           1          -87.3166   
      1983:     59490.000000           1          -87.3157   
      1984:     59520.000000           1          -87.3196   
      1985:     59550.000000           1          -87.3209   
      1986:     59580.000000           1          -87.3261   
      1987:     59610.000000           1          -87.3278   
      1988:     59640.000000           1          -87.3265   
      1989:     59670.000000           1          -87.3275   
      1990:     59700.000000           1          -87.3283   
      1991:     59730.000000           1          -87.3290   
      1992:     59760.000000           1          -87.3328   
      1993:     59790.000000           1          -87.3342   
      1994:     59820.000000           1            5.5682   
      1995:     59850.000000           1          -87.3356   
      1996:     59880.000000           1          -87.3387   
      1997:     59910.000000           1          -87.3433   
      1998:     59940.000000           1            5.5594   
      1999:     59970.000000           1            5.5580   
      2000:     60000.000000           1            5.5568   
      2001:     60030.000000           1            5.5549   
      2002:     60060.000000           1            5.5564   
      2003:     60090.000000           1            5.5594   
      2004:     60120.000000           1            5.5584   
      2005:     60150.000000           1            5.5631   
      2006:     60180.000000           1            5.5639   
      2007:     60210.000000           1            5.5640   
      2008:     60240.000000           1            5.5662   
      2009:     60270.000000           1            5.5669   
      2010:     60300.000000           1            5.5671   
      2011:     60330.000000           1            5.5686   
      2012:     60360.000000           1            5.5738   
      2013:     60390.000000           1            5.5731   
      2014:     60420.000000           1            5.5720   
      2015:     60450.000000           1            5.5686   
      2016:     60480.000000           1         -370.6017   
      2017:     60510.000000           1         -370.6051   
      2018:     60540.000000           1         -370.6049   
      2019:     60570.000000           1         -370.6051   
      2020:     60600.000000           1         -370.6039   
      2021:     60630.000000           1         -370.6038   
      2022:     60660.000000           1            5.5481   
      2023:     60690.000000           1            5.5496   
      2024:     60720.000000           1         -370.5988   
      2025:     60750.000000           1            5.5558   
      2026:     60780.000000           1         -370.5963   
      2027:     60810.000000           1            5.5457   
      2028:     60840.000000           1            5.5438   
      2029:     60870.000000           1         -370.5954   
      2030:     60900.000000           1         -370.5943   
      2031:     60930.000000           1         -370.5932   
      2032:     60960.000000           1         -370.5901   
      2033:     60990.000000           1         -370.5869   
      2034:     61020.000000           1         -370.5855   
      2035:     61050.000000           1            5.5572   
      2036:     61080.000000           1            5.5555   
      2037:     61110.000000           1            5.5558   
      2038:     61140.000000           1         -370.5936   
      2039:     61170.000000           1            5.5473   
      2040:     61200.000000           1            5.5425   
      2041:     61230.000000           1            5.5401   
      2042:     61260.000000           1            5.5404   
      2043:     61290.000000           1          -87.3597   
      2044:     61320.000000           1          -87.3618   
      2045:     61350.000000           1          -87.3636   
      2046:     61380.000000           1            5.5332   
      2047:     61410.000000           1          -87.3576   
      2048:     61440.000000           1          -87.3543   
      2049:     61470.000000           1            5.5489   
      2050:     61500.000000           1          -87.3491   
      2051:     61530.000000           1          -87.3474   
      2052:     61560.000000           1            5.5388   
      2053:     61590.000000           1          -87.3531   
      2054:     61620.000000           1            5.5311   
      2055:     61650.000000           1          -87.3609   
      2056:     61680.000000           1          -87.3602   
      2057:     61710.000000           1          -87.3572   
      2058:     61740.000000           1          -87.3553   
      2059:     61770.000000           1          -87.3550   
      2060:     61800.000000           1          -87.3521   
      2061:     61830.000000           1          -87.3510   
      2062:     61860.000000           1            5.5370   
      2063:     61890.000000           1            5.5388   
      2064:     61920.000000           1            5.5401   
      2065:     61950.000000           1            5.5413   
      2066:     61980.000000           1            5.5432   
      2067:     62010.000000           1          -87.3436   
      2068:     62040.000000           1          -87.3405   
      2069:     62070.000000           1            5.5514   
      2070:     62100.000000           1         -370.5760   
      2071:     62130.000000           1           91.4561   
      2072:     62160.000000           1         -370.5685   
      2073:     62190.000000           1         -370.5663   
      2074:     62220.000000           1         -370.5643   
      2075:     62250.000000           1            5.5639   
      2076:     62280.000000           1         -370.5720   
      2077:     62310.000000           1         -370.5745   
      2078:     62340.000000           1            5.5566   
      2079:     62370.000000           1           91.4500   
      2080:     62400.000000           1         -370.5734   
      2081:     62430.000000           1         -370.5763   
      2082:     62460.000000           1         -370.5757   
      2083:     62490.000000           1         -370.5748   
      2084:     62520.000000           1         -370.5744   
      2085:     62550.000000           1         -370.5781   
      2086:     62580.000000           1         -370.5797   
      2087:     62610.000000           1         -370.5801   
      2088:     62640.000000           1         -370.5795   
      2089:     62670.000000           1         -370.5799   
      2090:     62700.000000           1         -370.5764   
      2091:     62730.000000           1            5.5440   
      2092:     62760.000000           1         -370.5759   
      2093:     62790.000000           1           91.4488   
      2094:     62820.000000           1         -370.5748   
      2095:     62850.000000           1           91.4485   
      2096:     62880.000000           1           91.4477   
      2097:     62910.000000           1           91.4493   
      2098:     62940.000000           1           91.4485   
      2099:     62970.000000           1           91.4522   
      2100:     63000.000000           1           91.4540   
      2101:     63030.000000           1           91.4573   
      2103:     63090.000000           1           91.4627   
      2104:     63120.000000           1           91.4672   
      2105:     63150.000000           1           91.4666   
      2106:     63180.000000           1           91.4682   
      2107:     63210.000000           1           91.4689   
      2108:     63240.000000           1           91.4705   
      2109:     63270.000000           1           91.4719   
      2110:     63300.000000           1           91.4719   
      2111:     63330.000000           1           91.4742   
      2112:     63360.000000           1           91.4771   
      2113:     63390.000000           1           91.4769   
      2114:     63420.000000           1         -370.5502   
      2115:     63450.000000           1         -370.5489   
      2116:     63480.000000           1         -370.5469   
      2117:     63510.000000           1         -370.5436   
      2118:     63540.000000           1         -370.5410   
      2119:     63570.000000           1            5.5844   
      2120:     63600.000000           1            5.5856   
      2121:     63630.000000           1         -370.5348   
      2122:     63660.000000           1         -370.5309   
      2123:     63690.000000           1         -370.5272   
      2124:     63720.000000           1         -370.5296   
      2125:     63750.000000           1         -370.5289   
      2126:     63780.000000           1         -370.5284   
      2127:     63810.000000           1         -370.5293   
      2128:     63840.000000           1         -370.5304   
      2129:     63870.000000           1         -370.5325   
      2130:     63900.000000           1         -370.5334   
      2131:     63930.000000           1         -370.5363   
      2132:     63960.000000           1         -370.5365   
      2133:     63990.000000           1         -370.5376   
      2134:     64020.000000           1         -370.5393   
      2135:     64050.000000           1         -370.5378   
      2136:     64080.000000           1         -370.5381   
      2137:     64110.000000           1         -370.5376   
      2138:     64140.000000           1         -370.5369   
      2139:     64170.000000           1         -370.5375   
      2140:     64200.000000           1         -370.5353   
      2141:     64230.000000           1         -370.5341   
      2142:     64260.000000           1         -370.5313   
      2143:     64290.000000           1           91.5040   
      2144:     64320.000000           1         -370.5272   
      2145:     64350.000000           1         -370.5284   
      2146:     64380.000000           1            5.6003   
      2147:     64410.000000           1         -370.5347   
      2148:     64440.000000           1            5.5976   
      2149:     64470.000000           1            5.5984   
      2150:     64500.000000           1            5.6005   
      2151:     64530.000000           1          -87.2971   
      2152:     64560.000000           1          -87.2966   
      2153:     64590.000000           1          -87.2963   
      2154:     64620.000000           1          -87.2969   
      2155:     64650.000000           1          -87.3009   
      2156:     64680.000000           1          -87.3019   
      2157:     64710.000000           1          -87.3038   
      2158:     64740.000000           1          -87.3011   
      2159:     64770.000000           1          -87.2967   
      2160:     64800.000000           1          -87.2953   
      2161:     64830.000000           1          -87.2931   
      2162:     64860.000000           1          -87.2874   
      2163:     64890.000000           1          -87.2850   
      2164:     64920.000000           1          -87.2851   
      2165:     64950.000000           1          -87.2828   
      2166:     64980.000000           1          -87.2846   
      2167:     65010.000000           1          -87.2847   
      2168:     65040.000000           1          -87.2883   
      2169:     65070.000000           1            5.6135   
      2170:     65100.000000           1            5.6167   
      2171:     65130.000000           1          -87.2834   
      2172:     65160.000000           1            5.6214   
      2173:     65190.000000           1            5.6205   
      2174:     65220.000000           1            5.6219   
      2175:     65250.000000           1            5.6205   
      2176:     65280.000000           1            5.6178   
      2177:     65310.000000           1            5.6174   
      2178:     65340.000000           1            5.6167   
      2179:     65370.000000           1            5.6151   
      2180:     65400.000000           1            5.6175   
      2181:     65430.000000           1            5.6196   
      2182:     65460.000000           1            5.6243   
      2183:     65490.000000           1            5.6258   
      2184:     65520.000000           1            5.6304   
      2185:     65550.000000           1         -370.5204   
      2186:     65580.000000           1         -370.5200   
      2187:     65610.000000           1            5.6382   
      2188:     65640.000000           1            5.6413   
      2189:     65670.000000           1         -370.5088   
      2190:     65700.000000           1         -370.5011   
      2191:     65730.000000           1            5.6609   
      2192:     65760.000000           1            5.6623   
      2193:     65790.000000           1            5.6603   
      2194:     65820.000000           1            5.6584   
      2195:     65850.000000           1            5.6568   
      2196:     65880.000000           1            5.6581   
      2197:     65910.000000           1            5.6613   
      2198:     65940.000000           1            5.6634   
      2199:     65970.000000           1            5.6654   
      2200:     66000.000000           1         -370.4894   
      2201:     66030.000000           1            5.6799   
      2202:     66060.000000           1            5.6820   
      2203:     66090.000000           1            5.6798   
      2204:     66120.000000           1            5.6797   
      2205:     66150.000000           1         -370.4878   
      2206:     66180.000000           1            5.6768   
      2207:     66210.000000           1            5.6766   
      2208:     66240.000000           1            5.6778   
      2209:     66270.000000           1            5.6776   
      2210:     66300.000000           1            5.6787   
      2211:     66330.000000           1         -370.4868   
      2212:     66360.000000           1         -370.4850   
      2213:     66390.000000           1         -370.4847   
      2214:     66420.000000           1         -370.4857   
      2215:     66450.000000           1         -370.4855   
      2216:     66480.000000           1         -370.4855   
      2217:     66510.000000           1         -370.4857   
      2218:     66540.000000           1         -370.4850   
      2219:     66570.000000           1           91.5826   
      2221:     66630.000000           1           91.5892   
      2222:     66660.000000           1           91.5915   
      2223:     66690.000000           1           91.5940   
      2224:     66720.000000           1           91.5938   
      2225:     66750.000000           1           91.5935   
      2226:     66780.000000           1           91.5898   
      2227:     66810.000000           1           91.5915   
      2228:     66840.000000           1           91.5884   
      2229:     66870.000000           1           91.5889   
      2230:     66900.000000           1           91.5896   
      2231:     66930.000000           1           91.5896   
      2232:     66960.000000           1           91.5884   
      2233:     66990.000000           1           91.5912   
      2234:     67020.000000           1           91.5899   
      2245:     67350.000000           1           91.5822   
      2246:     67380.000000           1           91.5833   
