         0:         0.000000           1          -28.6938   
         1:        30.000000           1          -25.3952   
         2:        60.000000           1          -25.8673   
         3:        90.000000           1          -22.8229   
         4:       120.000000           1          -21.5560   
         5:       150.000000           1          -21.3820   
         6:       180.000000           1          -21.1982   
         7:       210.000000           1          -22.0220   
         8:       240.000000           1          -22.3445   
         9:       270.000000           1          -22.7573   
        10:       300.000000           1          -22.6612   
        11:       330.000000           1          -22.8711   
        12:       360.000000           1          -22.9035   
        13:       390.000000           1          -23.2926   
        14:       420.000000           1          -23.2384   
        15:       450.000000           1          -23.1719   
        16:       480.000000           1          -23.0446   
        17:       510.000000           1          -23.1801   
        18:       540.000000           1          -23.0468   
        19:       570.000000           1          -23.0327   
        20:       600.000000           1          -22.8545   
        21:       630.000000           1          -22.5892   
        22:       660.000000           1          -22.3888   
        23:       690.000000           1          -22.3175   
        24:       720.000000           1          -22.4507   
        25:       750.000000           1          -22.4008   
        26:       780.000000           1          -22.3520   
        27:       810.000000           1          -22.4781   
        28:       840.000000           1          -22.4958   
        29:       870.000000           1          -22.2729   
        30:       900.000000           1          -22.0510   
        31:       930.000000           1          -21.9813   
        32:       960.000000           1          -21.9436   
        33:       990.000000           1          -22.0049   
        34:      1020.000000           1          -21.9400   
        35:      1050.000000           1          -21.9349   
        36:      1080.000000           1          -22.0154   
        37:      1110.000000           1         -169.2735   
        38:      1140.000000           1          -22.0886   
        39:      1170.000000           1          -21.8587   
        40:      1200.000000           1          -21.6103   
        41:      1230.000000           1          -21.0943   
        42:      1260.000000           1          -20.9101   
        43:      1290.000000           1          -20.9031   
        44:      1320.000000           1          -20.8270   
        45:      1350.000000           1         -168.0431   
        46:      1380.000000           1          -20.8886   
        47:      1410.000000           1          -20.9376   
        48:      1440.000000           1         -168.2837   
        49:      1470.000000           1          -20.8756   
        50:      1500.000000           1          -20.9913   
        51:      1530.000000           1          -20.9463   
        52:      1560.000000           1          -20.8466   
        53:      1590.000000           1          -20.7115   
        54:      1620.000000           1          -20.6315   
        55:      1650.000000           1          -20.5978   
        56:      1680.000000           1          -20.6831   
        57:      1710.000000           1          -20.6221   
        58:      1740.000000           1          -20.6587   
        59:      1770.000000           1          -20.5839   
        60:      1800.000000           1          -20.5769   
        61:      1830.000000           1          -20.5940   
        62:      1860.000000           1          -20.5679   
        63:      1890.000000           1          -20.6181   
        64:      1920.000000           1          -20.6486   
        65:      1950.000000           1          -20.6162   
        66:      1980.000000           1          -20.6701   
        67:      2010.000000           1          -20.7286   
        68:      2040.000000           1          -20.7577   
        69:      2070.000000           1          -20.8428   
        70:      2100.000000           1          -20.8504   
        71:      2130.000000           1          -20.8877   
        72:      2160.000000           1          -20.9730   
        73:      2190.000000           1          -21.0090   
        74:      2220.000000           1          -21.1074   
        75:      2250.000000           1          -21.0842   
        76:      2280.000000           1          -21.0854   
        77:      2310.000000           1          -21.0365   
        78:      2340.000000           1          -21.0944   
        79:      2370.000000           1          -21.1174   
        80:      2400.000000           1          -21.1450   
        81:      2430.000000           1          -21.1371   
        82:      2460.000000           1          -21.1134   
        83:      2490.000000           1          -21.1301   
        84:      2520.000000           1          -21.0790   
        85:      2550.000000           1          -20.9530   
        86:      2580.000000           1          -20.8975   
        87:      2610.000000           1          -20.8146   
        88:      2640.000000           1          -20.8531   
        89:      2670.000000           1          -20.7701   
        90:      2700.000000           1          -20.7948   
        91:      2730.000000           1          -20.7636   
        92:      2760.000000           1          -20.7503   
        93:      2790.000000           1          -20.7326   
        94:      2820.000000           1          -20.8002   
        95:      2850.000000           1          -20.7285   
        96:      2880.000000           1          -20.7302   
        97:      2910.000000           1          -20.7250   
        98:      2940.000000           1          -20.7201   
        99:      2970.000000           1          -20.7040   
       100:      3000.000000           1          -20.7866   
       101:      3030.000000           1          -20.8138   
       102:      3060.000000           1          -20.7896   
       103:      3090.000000           1          -20.8118   
       104:      3120.000000           1          -20.7825   
       105:      3150.000000           1          -20.7367   
       106:      3180.000000           1          -20.7590   
       107:      3210.000000           1          -20.7496   
       108:      3240.000000           1          -20.7450   
       109:      3270.000000           1          -20.7650   
       110:      3300.000000           1          -20.7697   
       111:      3330.000000           1          -20.8099   
       112:      3360.000000           1          -20.8653   
       113:      3390.000000           1          -20.9157   
       114:      3420.000000           1          -20.9217   
       115:      3450.000000           1          -20.8943   
       116:      3480.000000           1          -20.9035   
       117:      3510.000000           1          -20.9635   
       118:      3540.000000           1          -20.9805   
       119:      3570.000000           1          -20.9598   
       120:      3600.000000           1          -20.9514   
       121:      3630.000000           1          -20.9075   
       122:      3660.000000           1          -20.8376   
       123:      3690.000000           1          -20.8851   
       124:      3720.000000           1          -20.8700   
       125:      3750.000000           1          -20.9027   
       126:      3780.000000           1          -20.8959   
       127:      3810.000000           1          -20.8611   
       128:      3840.000000           1          -20.8165   
       129:      3870.000000           1          -20.7746   
       130:      3900.000000           1          -20.7002   
       131:      3930.000000           1          -20.6594   
       132:      3960.000000           1          -20.6646   
       133:      3990.000000           1          -20.6875   
       134:      4020.000000           1          -20.6611   
       135:      4050.000000           1          -20.6553   
       136:      4080.000000           1          -20.6937   
       137:      4110.000000           1          -20.7034   
       138:      4140.000000           1          -20.6938   
       139:      4170.000000           1          -20.6727   
       140:      4200.000000           1          -20.6804   
       141:      4230.000000           1          -20.7026   
       142:      4260.000000           1          -20.6886   
       143:      4290.000000           1          -20.6843   
       144:      4320.000000           1          -20.6914   
       145:      4350.000000           1          -20.6548   
       146:      4380.000000           1          -20.6464   
       147:      4410.000000           1          -20.6763   
       148:      4440.000000           1          -20.7068   
       149:      4470.000000           1          -20.7240   
       150:      4500.000000           1          -20.7087   
       151:      4530.000000           1          -20.6167   
       152:      4560.000000           1          -20.5665   
       153:      4590.000000           1          -20.5724   
       154:      4620.000000           1          -20.5915   
       155:      4650.000000           1          -20.5864   
       156:      4680.000000           1          -20.5379   
       157:      4710.000000           1          -20.5365   
       158:      4740.000000           1          -20.5488   
       159:      4770.000000           1          -20.5434   
       160:      4800.000000           1          -20.5573   
       161:      4830.000000           1          -20.5389   
       162:      4860.000000           1          -20.5437   
       163:      4890.000000           1          -20.5236   
       164:      4920.000000           1          -20.5110   
       165:      4950.000000           1          -20.5245   
       166:      4980.000000           1          -20.5602   
       167:      5010.000000           1          -20.5563   
       168:      5040.000000           1          -20.5509   
       169:      5070.000000           1          -20.5368   
       170:      5100.000000           1          -20.5032   
       171:      5130.000000           1          -20.4746   
       172:      5160.000000           1          -20.4340   
       173:      5190.000000           1          -20.4125   
       174:      5220.000000           1          -20.3847   
       175:      5250.000000           1          -20.3634   
       176:      5280.000000           1          -20.3525   
       177:      5310.000000           1          -20.3459   
       178:      5340.000000           1          -20.3484   
       179:      5370.000000           1          -20.3649   
       180:      5400.000000           1          -20.3417   
       181:      5430.000000           1          -20.3138   
       182:      5460.000000           1          -20.3074   
       183:      5490.000000           1          -20.3045   
       184:      5520.000000           1          -20.3130   
       185:      5550.000000           1          -20.3266   
       186:      5580.000000           1          -20.3243   
       187:      5610.000000           1          -20.3447   
       188:      5640.000000           1          -20.3702   
       189:      5670.000000           1          -20.3881   
       190:      5700.000000           1          -20.3935   
       191:      5730.000000           1          -20.4120   
       192:      5760.000000           1          -20.4235   
       193:      5790.000000           1          -20.4244   
       194:      5820.000000           1          -20.4430   
       195:      5850.000000           1          -20.4505   
       196:      5880.000000           1          -20.4515   
       197:      5910.000000           1          -20.4606   
       198:      5940.000000           1          -20.4859   
       199:      5970.000000           1          -20.4411   
       200:      6000.000000           1          -20.4492   
       201:      6030.000000           1          -20.4367   
       202:      6060.000000           1          -20.4161   
       203:      6090.000000           1          -20.3768   
       204:      6120.000000           1          -20.3767   
       205:      6150.000000           1          -20.3609   
       206:      6180.000000           1          -20.3850   
       207:      6210.000000           1          -20.4090   
       208:      6240.000000           1          -20.4509   
       209:      6270.000000           1          -20.4726   
       210:      6300.000000           1          -20.4881   
       211:      6330.000000           1          -20.4713   
       212:      6360.000000           1          -20.4443   
       213:      6390.000000           1          -20.4370   
       214:      6420.000000           1          -20.4145   
       215:      6450.000000           1          -20.3978   
       216:      6480.000000           1          -20.3824   
       217:      6510.000000           1          -20.3651   
       218:      6540.000000           1          -20.3639   
       219:      6570.000000           1          -20.3903   
       220:      6600.000000           1          -20.3979   
       221:      6630.000000           1          -20.3699   
       222:      6660.000000           1          -20.3705   
       223:      6690.000000           1          -20.3604   
       224:      6720.000000           1          -20.3560   
       225:      6750.000000           1          -20.3475   
       226:      6780.000000           1          -20.3627   
       227:      6810.000000           1          -20.3713   
       228:      6840.000000           1          -20.3714   
       229:      6870.000000           1          -20.3638   
       230:      6900.000000           1          -20.3554   
       231:      6930.000000           1          -20.3672   
       232:      6960.000000           1          -20.3607   
       233:      6990.000000           1          -20.3632   
       234:      7020.000000           1          -20.3607   
       235:      7050.000000           1          -20.3798   
       236:      7080.000000           1          -20.3900   
       237:      7110.000000           1          -20.4052   
       238:      7140.000000           1          -20.4283   
       239:      7170.000000           1          -20.4425   
       240:      7200.000000           1          -20.4387   
       241:      7230.000000           1          -20.4071   
       242:      7260.000000           1          -20.3940   
       243:      7290.000000           1          -20.3525   
       244:      7320.000000           1          -20.3514   
       245:      7350.000000           1          -20.3939   
       246:      7380.000000           1          -20.4197   
       247:      7410.000000           1          -20.4663   
       248:      7440.000000           1          -20.5120   
       249:      7470.000000           1          -20.5212   
       250:      7500.000000           1          -20.5164   
       251:      7530.000000           1          -20.5297   
       252:      7560.000000           1          -20.5245   
       253:      7590.000000           1          -20.5038   
       254:      7620.000000           1          -20.5091   
       255:      7650.000000           1          -20.5351   
       256:      7680.000000           1          -20.5462   
       257:      7710.000000           1          -20.5614   
       258:      7740.000000           1          -20.5761   
       259:      7770.000000           1          -20.5863   
       260:      7800.000000           1          -20.5970   
       261:      7830.000000           1          -20.6060   
       262:      7860.000000           1          -20.5994   
       263:      7890.000000           1          -20.5950   
       264:      7920.000000           1          -20.5896   
       265:      7950.000000           1          -20.6003   
       266:      7980.000000           1          -20.5873   
       267:      8010.000000           1          -20.5804   
       268:      8040.000000           1          -20.5751   
       269:      8070.000000           1          -20.5711   
       270:      8100.000000           1          -20.5903   
       271:      8130.000000           1          -20.5899   
       272:      8160.000000           1          -20.5633   
       273:      8190.000000           1          -20.5324   
       274:      8220.000000           1          -20.5153   
       275:      8250.000000           1          -20.5007   
       276:      8280.000000           1          -20.4716   
       277:      8310.000000           1          -20.4536   
       278:      8340.000000           1          -20.4402   
       279:      8370.000000           1          -20.4482   
       280:      8400.000000           1          -20.4512   
       281:      8430.000000           1          -20.4487   
       282:      8460.000000           1          -20.4370   
       283:      8490.000000           1          -20.4401   
       284:      8520.000000           1          -20.4512   
       285:      8550.000000           1          -20.4631   
       286:      8580.000000           1          -20.4736   
       287:      8610.000000           1          -20.4744   
       288:      8640.000000           1          -20.4648   
       289:      8670.000000           1          -20.4498   
       290:      8700.000000           1          -20.4429   
       291:      8730.000000           1          -20.4362   
       292:      8760.000000           1          -20.4158   
       293:      8790.000000           1          -20.4047   
       294:      8820.000000           1          -20.4028   
       295:      8850.000000           1          -20.3961   
       296:      8880.000000           1          -20.4220   
       297:      8910.000000           1          -20.4220   
       298:      8940.000000           1          -20.4171   
       299:      8970.000000           1          -20.4169   
       300:      9000.000000           1          -20.4247   
       301:      9030.000000           1          -20.4282   
       302:      9060.000000           1          -20.4403   
       303:      9090.000000           1          -20.4489   
       304:      9120.000000           1          -20.4386   
       305:      9150.000000           1          -20.4344   
       306:      9180.000000           1          -20.4376   
       307:      9210.000000           1          -20.4444   
       308:      9240.000000           1          -20.4515   
       309:      9270.000000           1          -20.4674   
       310:      9300.000000           1          -20.4889   
       311:      9330.000000           1          -20.5112   
       312:      9360.000000           1          -20.5310   
       313:      9390.000000           1          -20.5435   
       314:      9420.000000           1          -20.5587   
       315:      9450.000000           1          -20.5454   
       316:      9480.000000           1          -20.5603   
       317:      9510.000000           1          -20.5630   
       318:      9540.000000           1          -20.5706   
       319:      9570.000000           1          -20.5676   
       320:      9600.000000           1          -20.5592   
       321:      9630.000000           1          -20.5569   
       322:      9660.000000           1          -20.5399   
       323:      9690.000000           1          -20.5312   
       324:      9720.000000           1          -20.5190   
       325:      9750.000000           1          -20.5026   
       326:      9780.000000           1          -20.5068   
       327:      9810.000000           1          -20.5144   
       328:      9840.000000           1          -20.5080   
       329:      9870.000000           1          -20.4933   
       330:      9900.000000           1          -20.4824   
       331:      9930.000000           1          -20.4851   
       332:      9960.000000           1          -20.4995   
       333:      9990.000000           1          -20.5068   
       334:     10020.000000           1          -20.5129   
       335:     10050.000000           1          -20.5087   
       336:     10080.000000           1          -20.5084   
       337:     10110.000000           1          -20.5004   
       338:     10140.000000           1          -20.4966   
       339:     10170.000000           1          -20.4972   
       340:     10200.000000           1          -20.5059   
       341:     10230.000000           1          -20.5163   
       342:     10260.000000           1          -20.5093   
       343:     10290.000000           1          -20.5115   
       344:     10320.000000           1          -20.5053   
       345:     10350.000000           1          -20.5066   
       346:     10380.000000           1          -20.4946   
       347:     10410.000000           1          -20.4792   
       348:     10440.000000           1          -20.4650   
       349:     10470.000000           1          -20.4632   
       350:     10500.000000           1          -20.4519   
       351:     10530.000000           1          -20.4481   
       352:     10560.000000           1          -20.4269   
       353:     10590.000000           1          -20.4352   
       354:     10620.000000           1          -20.4226   
       355:     10650.000000           1          -20.4183   
       356:     10680.000000           1          -20.4325   
       357:     10710.000000           1          -20.4554   
       358:     10740.000000           1          -20.4650   
       359:     10770.000000           1          -20.4730   
       360:     10800.000000           1          -20.4834   
       361:     10830.000000           1          -20.4752   
       362:     10860.000000           1          -20.4650   
       363:     10890.000000           1          -20.4723   
       364:     10920.000000           1          -20.4732   
       365:     10950.000000           1          -20.4774   
       366:     10980.000000           1          -20.4876   
       367:     11010.000000           1         -168.0393   
       368:     11040.000000           1          -20.3637   
       369:     11070.000000           1          -20.4027   
       370:     11100.000000           1         -168.0578   
       371:     11130.000000           1          -20.4339   
       372:     11160.000000           1          -20.4022   
       373:     11190.000000           1          -20.4331   
       374:     11220.000000           1          -20.4756   
       375:     11250.000000           1         -168.0207   
       376:     11280.000000           1          -20.3900   
       377:     11310.000000           1          -20.3737   
       378:     11340.000000           1         -167.9648   
       379:     11370.000000           1         -167.9598   
       380:     11400.000000           1          -20.3540   
       381:     11430.000000           1          -20.3470   
       382:     11460.000000           1          -20.3350   
       383:     11490.000000           1          -20.3459   
       384:     11520.000000           1          -20.3443   
       385:     11550.000000           1          -20.3276   
       386:     11580.000000           1          -20.3266   
       387:     11610.000000           1         -167.9407   
       388:     11640.000000           1          -20.3191   
       389:     11670.000000           1         -167.9601   
       390:     11700.000000           1          -20.1775   
       391:     11730.000000           1          -20.1579   
       392:     11760.000000           1          -20.1817   
       393:     11790.000000           1          -20.1718   
       394:     11820.000000           1          -20.1879   
       395:     11850.000000           1         -167.9354   
       396:     11880.000000           1         -167.9358   
       397:     11910.000000           1         -167.9457   
       398:     11940.000000           1         -167.9477   
       399:     11970.000000           1         -167.9540   
       400:     12000.000000           1         -167.9495   
       401:     12030.000000           1         -167.9472   
       402:     12060.000000           1         -167.9481   
       403:     12090.000000           1         -167.9462   
       404:     12120.000000           1         -167.9522   
       405:     12150.000000           1         -167.9491   
       406:     12180.000000           1          348.3049   
       407:     12210.000000           1          348.3031   
       408:     12240.000000           1          348.3133   
       409:     12270.000000           1          348.3284   
       410:     12300.000000           1          348.3559   
       411:     12330.000000           1          348.3648   
       412:     12360.000000           1          348.3685   
       413:     12390.000000           1          348.3670   
       414:     12420.000000           1          348.3757   
       415:     12450.000000           1          348.3893   
       416:     12480.000000           1          348.4169   
       417:     12510.000000           1          348.4302   
       418:     12540.000000           1          348.4394   
       419:     12570.000000           1          348.4385   
       420:     12600.000000           1          348.4384   
       421:     12630.000000           1          348.4482   
       422:     12660.000000           1          348.4527   
       423:     12690.000000           1          348.4635   
       424:     12720.000000           1          348.4717   
       425:     12750.000000           1          348.4672   
       426:     12780.000000           1          348.4791   
       427:     12810.000000           1          348.4838   
       428:     12840.000000           1          348.4908   
       429:     12870.000000           1          348.4968   
       430:     12900.000000           1          348.5105   
       431:     12930.000000           1          348.5233   
       432:     12960.000000           1          348.5248   
      2412:     72360.000000           1          170.4922   
      2414:     72420.000000           1          170.4912   
      2415:     72450.000000           1          170.4926   
      2416:     72480.000000           1          170.4924   
      2417:     72510.000000           1          170.4902   
      2418:     72540.000000           1          170.4889   
      2419:     72570.000000           1          170.4831   
      2420:     72600.000000           1          170.4807   
      2421:     72630.000000           1          170.4792   
      2422:     72660.000000           1           65.2387   
      2423:     72690.000000           1           65.2391   
      2424:     72720.000000           1           65.2375   
      2425:     72750.000000           1           65.2366   
      2426:     72780.000000           1           65.2351   
      2427:     72810.000000           1           65.2362   
      2428:     72840.000000           1           65.2338   
      2429:     72870.000000           1           65.2315   
      2430:     72900.000000           1           65.2310   
      2431:     72930.000000           1           65.2293   
      2432:     72960.000000           1           65.2282   
      2433:     72990.000000           1           65.2315   
      2434:     73020.000000           1           65.2269   
      2435:     73050.000000           1           65.2246   
      2436:     73080.000000           1           65.2251   
      2437:     73110.000000           1           65.2256   
      2438:     73140.000000           1           65.2269   
      2439:     73170.000000           1           65.2249   
      2440:     73200.000000           1           65.2228   
      2441:     73230.000000           1           65.2219   
      2442:     73260.000000           1           65.2197   
      2443:     73290.000000           1           65.2192   
      2444:     73320.000000           1           65.2153   
      2445:     73350.000000           1           65.2120   
      2446:     73380.000000           1           65.2079   
      2447:     73410.000000           1           65.2055   
      2448:     73440.000000           1           65.2036   
      2449:     73470.000000           1           65.2035   
      2450:     73500.000000           1           65.2060   
      2451:     73530.000000           1          -29.2575   
      2452:     73560.000000           1          -29.3600   
      2453:     73590.000000           1          -29.4041   
      2454:     73620.000000           1          -29.4643   
      2455:     73650.000000           1          -29.4424   
      2456:     73680.000000           1          -29.4532   
      2457:     73710.000000           1          -29.4323   
      2458:     73740.000000           1          -29.4505   
      2459:     73770.000000           1          -29.4766   
      2460:     73800.000000           1          -29.5075   
      2461:     73830.000000           1          -29.5083   
      2462:     73860.000000           1          -29.5236   
      2463:     73890.000000           1          -29.5279   
      2464:     73920.000000           1          -29.5097   
      2465:     73950.000000           1          -29.5174   
      2466:     73980.000000           1          -29.5229   
      2467:     74010.000000           1          -29.5430   
      2468:     74040.000000           1          -29.5482   
      2469:     74070.000000           1          -29.5522   
      2470:     74100.000000           1          -29.5575   
      2471:     74130.000000           1          -29.5603   
      2472:     74160.000000           1          -29.5746   
      2473:     74190.000000           1          -29.5781   
      2474:     74220.000000           1          -29.5882   
      2475:     74250.000000           1          -29.5974   
      2476:     74280.000000           1          -29.6054   
      2477:     74310.000000           1          -29.6235   
      2478:     74340.000000           1          -29.6386   
      2479:     74370.000000           1          -29.6526   
      2480:     74400.000000           1          -29.6703   
      2481:     74430.000000           1          -29.6862   
      2482:     74460.000000           1          -29.7094   
      2483:     74490.000000           1          -29.7138   
      2484:     74520.000000           1          -29.7144   
      2485:     74550.000000           1          -29.7114   
      2486:     74580.000000           1          -29.7074   
      2487:     74610.000000           1          -29.6959   
      2488:     74640.000000           1          -29.6992   
      2489:     74670.000000           1          -29.6928   
      2490:     74700.000000           1          -29.6930   
      2491:     74730.000000           1          -29.6917   
      2492:     74760.000000           1          -29.6952   
      2493:     74790.000000           1          -29.7047   
      2494:     74820.000000           1          -29.7078   
      2495:     74850.000000           1          -29.7145   
      2496:     74880.000000           1          -29.7210   
      2497:     74910.000000           1          -29.7309   
      2498:     74940.000000           1          -29.7369   
      2499:     74970.000000           1          -29.7364   
      2500:     75000.000000           1          -29.7427   
      2501:     75030.000000           1          -29.7551   
      2502:     75060.000000           1          -29.7562   
      2503:     75090.000000           1          -29.7632   
      2504:     75120.000000           1          -29.7658   
      2505:     75150.000000           1          -29.7636   
      2506:     75180.000000           1          -29.7672   
      2507:     75210.000000           1          -29.7723   
      2508:     75240.000000           1          -29.7648   
      2509:     75270.000000           1          -29.7684   
      2510:     75300.000000           1          -29.7732   
      2511:     75330.000000           1          -29.7747   
      2512:     75360.000000           1          -29.7702   
      2513:     75390.000000           1           65.0862   
      2514:     75420.000000           1          -29.7807   
      2515:     75450.000000           1          -29.7811   
      2516:     75480.000000           1          -29.7844   
      2517:     75510.000000           1          -29.7822   
      2518:     75540.000000           1          -29.7768   
      2519:     75570.000000           1          -29.7828   
      2520:     75600.000000           1          -29.7839   
      2521:     75630.000000           1          -29.7819   
      2522:     75660.000000           1          -29.7788   
      2523:     75690.000000           1          -29.7743   
      2524:     75720.000000           1          -29.7734   
      2525:     75750.000000           1          -29.7718   
      2526:     75780.000000           1          -29.7667   
      2527:     75810.000000           1          -29.7647   
      2528:     75840.000000           1          -29.7668   
      2529:     75870.000000           1          -29.7760   
      2530:     75900.000000           1          -29.7821   
      2531:     75930.000000           1          -29.7907   
      2532:     75960.000000           1          -29.7914   
      2533:     75990.000000           1          -29.7877   
      2534:     76020.000000           1          -29.7899   
      2535:     76050.000000           1          -29.7891   
      2536:     76080.000000           1          -29.7890   
      2537:     76110.000000           1          -29.7865   
      2538:     76140.000000           1          -29.7847   
      2539:     76170.000000           1          -29.7764   
      2540:     76200.000000           1          -29.7767   
      2541:     76230.000000           1          -29.7821   
      2542:     76260.000000           1          -29.7827   
      2543:     76290.000000           1          -29.7823   
      2544:     76320.000000           1          -29.7813   
      2545:     76350.000000           1          -29.7822   
      2546:     76380.000000           1          -29.7818   
      2547:     76410.000000           1          -29.7811   
      2548:     76440.000000           1          -29.7755   
      2549:     76470.000000           1          -29.7749   
      2550:     76500.000000           1          -29.7715   
      2551:     76530.000000           1          -29.7665   
      2552:     76560.000000           1          -29.7624   
      2553:     76590.000000           1          -29.7608   
      2554:     76620.000000           1          -29.7638   
      2555:     76650.000000           1          -29.7650   
      2556:     76680.000000           1          -29.7673   
      2557:     76710.000000           1          -29.7693   
      2558:     76740.000000           1          -29.7760   
      2559:     76770.000000           1          -29.7879   
      2560:     76800.000000           1          -29.7943   
      2561:     76830.000000           1          -29.7982   
      2562:     76860.000000           1          -29.8029   
      2563:     76890.000000           1          -29.8067   
      2564:     76920.000000           1          -29.8123   
      2565:     76950.000000           1          -29.8159   
      2566:     76980.000000           1          -29.8227   
      2567:     77010.000000           1          -29.8233   
      2568:     77040.000000           1          -29.8276   
      2569:     77070.000000           1          -29.8285   
      2570:     77100.000000           1          -29.8305   
      2571:     77130.000000           1          -29.8336   
      2572:     77160.000000           1          -29.8356   
      2573:     77190.000000           1          -29.8382   
      2574:     77220.000000           1          -29.8382   
      2575:     77250.000000           1          -29.8369   
      2576:     77280.000000           1          -29.8367   
      2577:     77310.000000           1          -29.8393   
      2578:     77340.000000           1          -29.8432   
      2579:     77370.000000           1          -29.8477   
      2580:     77400.000000           1          -29.8517   
      2581:     77430.000000           1          -29.8536   
      2582:     77460.000000           1          -29.8583   
      2583:     77490.000000           1          -29.8642   
      2584:     77520.000000           1          -29.8696   
      2585:     77550.000000           1          -29.8711   
      2586:     77580.000000           1          -29.8735   
      2587:     77610.000000           1          -29.8768   
      2588:     77640.000000           1          -29.8796   
      2589:     77670.000000           1          -29.8849   
      2590:     77700.000000           1          -29.8869   
      2591:     77730.000000           1          -29.8900   
      2592:     77760.000000           1          -29.8956   
      2593:     77790.000000           1          -29.9019   
      2594:     77820.000000           1          -29.9053   
      2595:     77850.000000           1          -29.9078   
      2596:     77880.000000           1          -29.9096   
      2597:     77910.000000           1          -29.9150   
      2598:     77940.000000           1          -29.9191   
      2599:     77970.000000           1          -29.9229   
      2600:     78000.000000           1          -29.9268   
      2601:     78030.000000           1          -29.9312   
      2602:     78060.000000           1          -29.9357   
      2603:     78090.000000           1          -29.9410   
      2604:     78120.000000           1          -29.9438   
      2605:     78150.000000           1          -29.9496   
      2606:     78180.000000           1          -29.9554   
      2607:     78210.000000           1          -29.9609   
      2608:     78240.000000           1          -29.9638   
      2609:     78270.000000           1          -29.9659   
      2610:     78300.000000           1          -29.9693   
      2611:     78330.000000           1          -29.9724   
      2612:     78360.000000           1          -29.9744   
      2613:     78390.000000           1          -29.9742   
      2614:     78420.000000           1          -29.9735   
      2615:     78450.000000           1          -29.9742   
      2616:     78480.000000           1          -29.9775   
      2617:     78510.000000           1          -29.9802   
      2618:     78540.000000           1          -29.9820   
      2619:     78570.000000           1          -29.9840   
      2620:     78600.000000           1          -29.9898   
      2621:     78630.000000           1          -29.9957   
      2622:     78660.000000           1          -30.0017   
      2623:     78690.000000           1          -30.0084   
      2624:     78720.000000           1          -30.0152   
      2625:     78750.000000           1          -30.0217   
      2626:     78780.000000           1          -30.0274   
      2627:     78810.000000           1          -30.0327   
      2628:     78840.000000           1          -30.0379   
      2629:     78870.000000           1          -30.0439   
      2630:     78900.000000           1          -30.0497   
      2631:     78930.000000           1          -30.0537   
      2632:     78960.000000           1          -30.0567   
      2633:     78990.000000           1          -30.0584   
      2634:     79020.000000           1          -30.0601   
      2635:     79050.000000           1          -30.0632   
      2636:     79080.000000           1          -30.0656   
      2637:     79110.000000           1          -30.0692   
      2638:     79140.000000           1          -30.0712   
      2639:     79170.000000           1          -30.0740   
      2640:     79200.000000           1          -30.0783   
      2641:     79230.000000           1          -30.0793   
      2642:     79260.000000           1          -30.0836   
      2643:     79290.000000           1          -30.0884   
      2644:     79320.000000           1          -30.0920   
      2645:     79350.000000           1          -30.0963   
      2646:     79380.000000           1          -30.1004   
      2647:     79410.000000           1          -30.1038   
      2648:     79440.000000           1          -30.1073   
      2649:     79470.000000           1          -30.1125   
      2650:     79500.000000           1          -30.1166   
      2651:     79530.000000           1          -30.1214   
      2652:     79560.000000           1          -30.1263   
      2653:     79590.000000           1          -30.1317   
      2654:     79620.000000           1          -30.1438   
      2655:     79650.000000           1          -30.1503   
      2656:     79680.000000           1          -30.1559   
      2657:     79710.000000           1          -30.1633   
      2658:     79740.000000           1          -30.1660   
      2659:     79770.000000           1          -30.1753   
      2660:     79800.000000           1          -30.1784   
      2661:     79830.000000           1          -30.1899   
      2662:     79860.000000           1          -30.1985   
      2663:     79890.000000           1          -30.2059   
      2664:     79920.000000           1          -30.2105   
      2665:     79950.000000           1          -30.2143   
      2666:     79980.000000           1          -30.2181   
      2667:     80010.000000           1          -30.2290   
      2668:     80040.000000           1          -30.2347   
      2669:     80070.000000           1          -30.2396   
      2670:     80100.000000           1          -30.2404   
      2671:     80130.000000           1          -30.2420   
      2672:     80160.000000           1          -30.2425   
      2673:     80190.000000           1          -30.2447   
      2674:     80220.000000           1          -30.2457   
      2675:     80250.000000           1          -30.2496   
      2676:     80280.000000           1          -30.2518   
      2677:     80310.000000           1          -30.2558   
      2678:     80340.000000           1          -30.2575   
      2679:     80370.000000           1          -30.2604   
      2680:     80400.000000           1          -30.2638   
      2681:     80430.000000           1          -30.2665   
      2682:     80460.000000           1          -30.2713   
      2683:     80490.000000           1          -30.2729   
      2684:     80520.000000           1          -30.2763   
      2685:     80550.000000           1          -30.2796   
      2686:     80580.000000           1          -30.2832   
      2687:     80610.000000           1          -30.2885   
      2688:     80640.000000           1          -30.2914   
      2689:     80670.000000           1          -30.2933   
      2690:     80700.000000           1          -30.2963   
      2691:     80730.000000           1          -30.2980   
      2692:     80760.000000           1          -30.3027   
      2693:     80790.000000           1          -30.3117   
      2694:     80820.000000           1          -30.3156   
      2695:     80850.000000           1          -30.3247   
      2696:     80880.000000           1          -30.3286   
      2697:     80910.000000           1          -30.3296   
      2698:     80940.000000           1          -30.3317   
      2699:     80970.000000           1          -30.3356   
      2700:     81000.000000           1          -30.3359   
      2701:     81030.000000           1          -30.3375   
      2702:     81060.000000           1          -30.3401   
      2703:     81090.000000           1          -30.3418   
      2704:     81120.000000           1          -30.3448   
      2705:     81150.000000           1          -30.3460   
      2706:     81180.000000           1          -30.3467   
      2707:     81210.000000           1          -30.3478   
      2708:     81240.000000           1          -30.3521   
      2709:     81270.000000           1          -30.3545   
      2710:     81300.000000           1          -30.3551   
      2711:     81330.000000           1          -30.3601   
      2712:     81360.000000           1          -30.3632   
      2713:     81390.000000           1          -30.3668   
      2714:     81420.000000           1          -30.3703   
      2715:     81450.000000           1          -30.3746   
      2716:     81480.000000           1          -30.3779   
      2717:     81510.000000           1          -30.3842   
      2718:     81540.000000           1          -30.3866   
      2719:     81570.000000           1          -30.3894   
      2720:     81600.000000           1          -30.3938   
      2721:     81630.000000           1          -30.3974   
      2722:     81660.000000           1          -30.4008   
      2723:     81690.000000           1          -30.4047   
      2724:     81720.000000           1          -30.4103   
      2725:     81750.000000           1          -30.4155   
      2726:     81780.000000           1          -30.4171   
      2727:     81810.000000           1          -30.4198   
      2728:     81840.000000           1          -30.4225   
      2729:     81870.000000           1          -30.4247   
      2730:     81900.000000           1          -30.4251   
      2731:     81930.000000           1          -30.4281   
      2732:     81960.000000           1          -30.4300   
      2733:     81990.000000           1          -30.4325   
      2734:     82020.000000           1          -30.4376   
      2735:     82050.000000           1          -30.4417   
      2736:     82080.000000           1          -30.4444   
      2737:     82110.000000           1          -30.4463   
      2738:     82140.000000           1          -30.4482   
      2739:     82170.000000           1          -30.4526   
      2740:     82200.000000           1          -30.4560   
      2741:     82230.000000           1          -30.4630   
      2742:     82260.000000           1          169.6715   
      2743:     82290.000000           1          169.6721   
      2744:     82320.000000           1          169.6718   
      2745:     82350.000000           1          169.6712   
      2746:     82380.000000           1          169.6697   
      2747:     82410.000000           1          169.6682   
      2748:     82440.000000           1          169.6678   
      2749:     82470.000000           1          169.6627   
      2750:     82500.000000           1          169.6602   
      2751:     82530.000000           1          169.6558   
      2752:     82560.000000           1          169.6489   
      2753:     82590.000000           1          169.6451   
      2754:     82620.000000           1          169.6432   
      2755:     82650.000000           1          169.6405   
      2756:     82680.000000           1          169.6385   
      2757:     82710.000000           1          169.6372   
      2758:     82740.000000           1          169.6343   
      2759:     82770.000000           1          169.6321   
      2760:     82800.000000           1          169.6279   
      2761:     82830.000000           1          169.6256   
      2762:     82860.000000           1          169.6225   
      2763:     82890.000000           1          169.6180   
      2764:     82920.000000           1          169.6162   
      2765:     82950.000000           1          169.6100   
      2766:     82980.000000           1          169.6069   
      2767:     83010.000000           1          109.6864   
      2768:     83040.000000           1          109.6845   
      2769:     83070.000000           1          109.6805   
      2770:     83100.000000           1          109.6768   
      2771:     83130.000000           1          109.6758   
      2772:     83160.000000           1          109.6718   
      2773:     83190.000000           1          109.6678   
      2774:     83220.000000           1          169.5769   
      2775:     83250.000000           1          169.5726   
      2776:     83280.000000           1          169.5703   
      2777:     83310.000000           1          169.5648   
      2778:     83340.000000           1          169.5608   
      2779:     83370.000000           1          169.5602   
      2780:     83400.000000           1          169.5554   
      2781:     83430.000000           1          169.5524   
      2782:     83460.000000           1          169.5493   
      2783:     83490.000000           1          169.5461   
      2784:     83520.000000           1          169.5380   
      2785:     83550.000000           1          169.5346   
      2786:     83580.000000           1          169.5302   
      2787:     83610.000000           1          169.5282   
      2788:     83640.000000           1          169.5227   
      2789:     83670.000000           1          169.5209   
      2790:     83700.000000           1          169.5176   
      2791:     83730.000000           1          169.5164   
      2792:     83760.000000           1          169.5077   
      2793:     83790.000000           1          169.5042   
      2794:     83820.000000           1          169.5032   
      2795:     83850.000000           1          169.5005   
      2796:     83880.000000           1          169.4974   
      2797:     83910.000000           1          169.4939   
      2798:     83940.000000           1          169.4936   
      2799:     83970.000000           1          -30.6748   
      2800:     84000.000000           1          -30.6817   
      2801:     84030.000000           1          -30.6824   
      2802:     84060.000000           1          -30.6838   
      2803:     84090.000000           1          -30.6843   
      2804:     84120.000000           1          -30.6893   
      2805:     84150.000000           1          -30.6922   
      2806:     84180.000000           1          -30.6934   
      2807:     84210.000000           1          -30.6953   
      2808:     84240.000000           1          -30.6971   
      2809:     84270.000000           1          -30.6995   
      2810:     84300.000000           1          -30.7019   
      2811:     84330.000000           1          -30.7019   
      2812:     84360.000000           1          -30.7038   
      2813:     84390.000000           1          -30.7058   
      2814:     84420.000000           1          -30.7074   
      2815:     84450.000000           1          -30.7112   
      2816:     84480.000000           1          -30.7119   
      2817:     84510.000000           1          -30.7142   
      2818:     84540.000000           1          -30.7184   
      2819:     84570.000000           1          169.4480   
      2820:     84600.000000           1          169.4447   
      2821:     84630.000000           1          -30.7270   
      2822:     84660.000000           1          169.4380   
      2823:     84690.000000           1          169.4369   
      2824:     84720.000000           1          169.4352   
      2825:     84750.000000           1          -30.7348   
      2826:     84780.000000           1          169.4338   
      2827:     84810.000000           1          169.4327   
      2828:     84840.000000           1          169.4329   
      2829:     84870.000000           1          -30.7355   
      2830:     84900.000000           1          169.4299   
      2831:     84930.000000           1          169.4288   
      2832:     84960.000000           1          169.4265   
      2833:     84990.000000           1          169.4236   
      2834:     85020.000000           1          169.4180   
      2835:     85050.000000           1          169.4128   
      2836:     85080.000000           1          169.4102   
      2837:     85110.000000           1          169.4093   
      2838:     85140.000000           1          169.4066   
      2839:     85170.000000           1          169.4047   
      2840:     85200.000000           1          169.4039   
      2841:     85230.000000           1          169.4019   
      2842:     85260.000000           1          169.4000   
      2843:     85290.000000           1          169.3999   
      2844:     85320.000000           1          169.4009   
      2845:     85350.000000           1          169.3999   
      2846:     85380.000000           1          169.3968   
      2847:     85410.000000           1          169.3950   
      2848:     85440.000000           1          169.3924   
      2849:     85470.000000           1          169.3890   
      2850:     85500.000000           1          169.3877   
      2851:     85530.000000           1          169.3862   
      2852:     85560.000000           1          169.3855   
      2853:     85590.000000           1          169.3855   
      2854:     85620.000000           1          169.3838   
      2855:     85650.000000           1          169.3821   
      2856:     85680.000000           1          169.3788   
      2857:     85710.000000           1          169.3774   
      2858:     85740.000000           1          169.3762   
      2859:     85770.000000           1          169.3743   
      2860:     85800.000000           1          169.3722   
      2861:     85830.000000           1          169.3711   
      2862:     85860.000000           1          169.3694   
      2863:     85890.000000           1          169.3686   
      2864:     85920.000000           1          169.3678   
      2865:     85950.000000           1          169.3652   
      2866:     85980.000000           1          169.3631   
      2867:     86010.000000           1          169.3608   
      2868:     86040.000000           1          109.4722   
      2869:     86070.000000           1          169.3457   
      2870:     86100.000000           1          169.3414   
      2871:     86130.000000           1          169.3382   
      2872:     86160.000000           1          169.3355   
      2873:     86190.000000           1          169.3334   
      2874:     86220.000000           1          169.3310   
      2875:     86250.000000           1          -30.8514   
      2876:     86280.000000           1          -30.8539   
      2877:     86310.000000           1          -30.8563   
      2878:     86340.000000           1          -30.8562   
      2879:     86370.000000           1          -30.8567   
