         0:         0.000000           1         -175.8829   
         1:        30.000000           1         -169.8819   
         2:        60.000000           1         -175.7400   
         3:        90.000000           1         -171.8524   
         4:       120.000000           1         -169.3045   
         5:       150.000000           1         -169.7514   
         6:       180.000000           1         -170.3822   
         7:       210.000000           1         -169.7855   
         8:       240.000000           1         -170.7833   
         9:       270.000000           1         -170.6201   
        10:       300.000000           1         -170.4633   
        11:       330.000000           1         -171.0407   
        12:       360.000000           1         -170.9118   
        13:       390.000000           1         -171.3643   
        14:       420.000000           1         -171.1135   
        15:       450.000000           1         -170.7571   
        16:       480.000000           1         -170.4440   
        17:       510.000000           1         -170.3334   
        18:       540.000000           1         -170.3488   
        19:       570.000000           1         -170.0310   
        20:       600.000000           1         -169.4455   
        21:       630.000000           1         -168.7736   
        22:       660.000000           1         -168.5816   
        23:       690.000000           1         -168.3790   
        24:       720.000000           1         -168.8955   
        25:       750.000000           1         -169.0439   
        26:       780.000000           1         -169.1192   
        27:       810.000000           1         -169.4127   
        28:       840.000000           1         -169.4647   
        29:       870.000000           1         -169.4194   
        30:       900.000000           1         -169.2482   
        31:       930.000000           1         -169.2067   
        32:       960.000000           1         -169.0909   
        33:       990.000000           1         -169.1756   
        34:      1020.000000           1         -168.9875   
        35:      1050.000000           1         -168.8934   
        36:      1080.000000           1         -168.9492   
        37:      1110.000000           1          347.3637   
        38:      1140.000000           1         -169.2730   
        39:      1170.000000           1         -169.0435   
        40:      1200.000000           1         -168.6785   
        41:      1230.000000           1         -168.3164   
        42:      1260.000000           1         -168.1555   
        43:      1290.000000           1         -168.1697   
        44:      1320.000000           1         -168.0373   
        45:      1350.000000           1          -86.9256   
        46:      1380.000000           1         -168.2576   
        47:      1410.000000           1         -168.3191   
        48:      1440.000000           1          -87.0241   
        49:      1470.000000           1         -168.3379   
        50:      1500.000000           1         -168.4176   
        51:      1530.000000           1         -168.3950   
        52:      1560.000000           1         -168.2810   
        53:      1590.000000           1         -168.1062   
        54:      1620.000000           1         -168.0032   
        55:      1650.000000           1         -167.9008   
        56:      1680.000000           1         -167.9462   
        57:      1710.000000           1         -167.8962   
        58:      1740.000000           1         -167.9103   
        59:      1770.000000           1         -167.8838   
        60:      1800.000000           1         -167.8771   
        61:      1830.000000           1         -167.8930   
        62:      1860.000000           1         -167.8792   
        63:      1890.000000           1         -167.9360   
        64:      1920.000000           1         -167.9388   
        65:      1950.000000           1         -167.9256   
        66:      1980.000000           1         -167.9635   
        67:      2010.000000           1         -168.0202   
        68:      2040.000000           1         -168.0477   
        69:      2070.000000           1         -168.1532   
        70:      2100.000000           1         -168.1878   
        71:      2130.000000           1         -168.2366   
        72:      2160.000000           1         -168.3663   
        73:      2190.000000           1         -168.4279   
        74:      2220.000000           1         -168.5456   
        75:      2250.000000           1         -168.5217   
        76:      2280.000000           1         -168.4979   
        77:      2310.000000           1         -168.4353   
        78:      2340.000000           1         -168.4901   
        79:      2370.000000           1         -168.4910   
        80:      2400.000000           1         -168.4966   
        81:      2430.000000           1         -168.4584   
        82:      2460.000000           1         -168.4347   
        83:      2490.000000           1         -168.4509   
        84:      2520.000000           1         -168.4101   
        85:      2550.000000           1         -168.2594   
        86:      2580.000000           1         -168.1852   
        87:      2610.000000           1         -168.0948   
        88:      2640.000000           1         -168.1369   
        89:      2670.000000           1         -168.0600   
        90:      2700.000000           1         -168.0811   
        91:      2730.000000           1         -168.0555   
        92:      2760.000000           1         -168.0414   
        93:      2790.000000           1         -168.0289   
        94:      2820.000000           1         -168.0949   
        95:      2850.000000           1         -168.0330   
        96:      2880.000000           1         -168.0491   
        97:      2910.000000           1         -168.0496   
        98:      2940.000000           1         -168.0477   
        99:      2970.000000           1         -168.0544   
       100:      3000.000000           1         -168.1564   
       101:      3030.000000           1         -168.1927   
       102:      3060.000000           1         -168.1836   
       103:      3090.000000           1         -168.2035   
       104:      3120.000000           1         -168.1871   
       105:      3150.000000           1         -168.1441   
       106:      3180.000000           1         -168.1565   
       107:      3210.000000           1         -168.1398   
       108:      3240.000000           1         -168.1334   
       109:      3270.000000           1         -168.1436   
       110:      3300.000000           1         -168.1360   
       111:      3330.000000           1         -168.1636   
       112:      3360.000000           1         -168.2072   
       113:      3390.000000           1         -168.2454   
       114:      3420.000000           1         -168.2423   
       115:      3450.000000           1         -168.2148   
       116:      3480.000000           1         -168.2186   
       117:      3510.000000           1         -168.2810   
       118:      3540.000000           1         -168.2956   
       119:      3570.000000           1         -168.2645   
       120:      3600.000000           1         -168.2379   
       121:      3630.000000           1         -168.1730   
       122:      3660.000000           1         -168.0950   
       123:      3690.000000           1         -168.1384   
       124:      3720.000000           1         -168.1273   
       125:      3750.000000           1         -168.1605   
       126:      3780.000000           1         -168.1678   
       127:      3810.000000           1         -168.1459   
       128:      3840.000000           1         -168.1017   
       129:      3870.000000           1         -168.0681   
       130:      3900.000000           1         -168.0000   
       131:      3930.000000           1         -167.9675   
       132:      3960.000000           1         -167.9896   
       133:      3990.000000           1         -168.0233   
       134:      4020.000000           1         -168.0111   
       135:      4050.000000           1         -168.0033   
       136:      4080.000000           1         -168.0407   
       137:      4110.000000           1         -168.0337   
       138:      4140.000000           1         -168.0099   
       139:      4170.000000           1         -167.9780   
       140:      4200.000000           1         -167.9787   
       141:      4230.000000           1         -167.9919   
       142:      4260.000000           1         -167.9762   
       143:      4290.000000           1         -167.9750   
       144:      4320.000000           1         -167.9838   
       145:      4350.000000           1         -167.9453   
       146:      4380.000000           1         -167.9318   
       147:      4410.000000           1         -167.9596   
       148:      4440.000000           1         -167.9896   
       149:      4470.000000           1         -168.0054   
       150:      4500.000000           1         -167.9897   
       151:      4530.000000           1         -167.8993   
       152:      4560.000000           1         -167.8571   
       153:      4590.000000           1         -167.8694   
       154:      4620.000000           1         -167.8968   
       155:      4650.000000           1         -167.8943   
       156:      4680.000000           1         -167.8456   
       157:      4710.000000           1         -167.8465   
       158:      4740.000000           1         -167.8617   
       159:      4770.000000           1         -167.8602   
       160:      4800.000000           1         -167.8732   
       161:      4830.000000           1         -167.8576   
       162:      4860.000000           1         -167.8640   
       163:      4890.000000           1         -167.8487   
       164:      4920.000000           1         -167.8437   
       165:      4950.000000           1         -167.8620   
       166:      4980.000000           1         -167.9062   
       167:      5010.000000           1         -167.9077   
       168:      5040.000000           1         -167.9048   
       169:      5070.000000           1         -167.8855   
       170:      5100.000000           1         -167.8458   
       171:      5130.000000           1         -167.8138   
       172:      5160.000000           1         -167.7703   
       173:      5190.000000           1         -167.7478   
       174:      5220.000000           1         -167.7178   
       175:      5250.000000           1         -167.6949   
       176:      5280.000000           1         -167.6883   
       177:      5310.000000           1         -167.6806   
       178:      5340.000000           1         -167.6843   
       179:      5370.000000           1         -167.6982   
       180:      5400.000000           1         -167.6696   
       181:      5430.000000           1         -167.6427   
       182:      5460.000000           1         -167.6377   
       183:      5490.000000           1         -167.6361   
       184:      5520.000000           1         -167.6510   
       185:      5550.000000           1         -167.6710   
       186:      5580.000000           1         -167.6761   
       187:      5610.000000           1         -167.7006   
       188:      5640.000000           1         -167.7321   
       189:      5670.000000           1         -167.7576   
       190:      5700.000000           1         -167.7694   
       191:      5730.000000           1         -167.7930   
       192:      5760.000000           1         -167.8106   
       193:      5790.000000           1         -167.8166   
       194:      5820.000000           1         -167.8391   
       195:      5850.000000           1         -167.8526   
       196:      5880.000000           1         -167.8581   
       197:      5910.000000           1         -167.8682   
       198:      5940.000000           1         -167.8991   
       199:      5970.000000           1         -167.8546   
       200:      6000.000000           1         -167.8619   
       201:      6030.000000           1         -167.8526   
       202:      6060.000000           1         -167.8302   
       203:      6090.000000           1         -167.7912   
       204:      6120.000000           1         -167.7913   
       205:      6150.000000           1         -167.7748   
       206:      6180.000000           1         -167.7968   
       207:      6210.000000           1         -167.8218   
       208:      6240.000000           1         -167.8597   
       209:      6270.000000           1         -167.8776   
       210:      6300.000000           1         -167.8876   
       211:      6330.000000           1         -167.8682   
       212:      6360.000000           1         -167.8407   
       213:      6390.000000           1         -167.8385   
       214:      6420.000000           1         -167.8199   
       215:      6450.000000           1         -167.8069   
       216:      6480.000000           1         -167.7969   
       217:      6510.000000           1         -167.7829   
       218:      6540.000000           1         -167.7860   
       219:      6570.000000           1         -167.8177   
       220:      6600.000000           1         -167.8274   
       221:      6630.000000           1         -167.8021   
       222:      6660.000000           1         -167.8027   
       223:      6690.000000           1         -167.7940   
       224:      6720.000000           1         -167.7908   
       225:      6750.000000           1         -167.7844   
       226:      6780.000000           1         -167.8024   
       227:      6810.000000           1         -167.8145   
       228:      6840.000000           1         -167.8182   
       229:      6870.000000           1         -167.8140   
       230:      6900.000000           1         -167.8074   
       231:      6930.000000           1         -167.8199   
       232:      6960.000000           1         -167.8147   
       233:      6990.000000           1         -167.8193   
       234:      7020.000000           1         -167.8160   
       235:      7050.000000           1         -167.8313   
       236:      7080.000000           1         -167.8413   
       237:      7110.000000           1         -167.8536   
       238:      7140.000000           1         -167.8730   
       239:      7170.000000           1         -167.8860   
       240:      7200.000000           1         -167.8795   
       241:      7230.000000           1         -167.8483   
       242:      7260.000000           1         -167.8335   
       243:      7290.000000           1         -167.7889   
       244:      7320.000000           1         -167.7878   
       245:      7350.000000           1         -167.8306   
       246:      7380.000000           1         -167.8562   
       247:      7410.000000           1         -167.9037   
       248:      7440.000000           1         -167.9501   
       249:      7470.000000           1         -167.9615   
       250:      7500.000000           1         -167.9584   
       251:      7530.000000           1         -167.9743   
       252:      7560.000000           1         -167.9715   
       253:      7590.000000           1         -167.9519   
       254:      7620.000000           1         -167.9574   
       255:      7650.000000           1         -167.9864   
       256:      7680.000000           1         -167.9990   
       257:      7710.000000           1         -168.0170   
       258:      7740.000000           1         -168.0350   
       259:      7770.000000           1         -168.0483   
       260:      7800.000000           1         -168.0627   
       261:      7830.000000           1         -168.0799   
       262:      7860.000000           1         -168.0761   
       263:      7890.000000           1         -168.0732   
       264:      7920.000000           1         -168.0707   
       265:      7950.000000           1         -168.0835   
       266:      7980.000000           1         -168.0720   
       267:      8010.000000           1         -168.0678   
       268:      8040.000000           1         -168.0652   
       269:      8070.000000           1         -168.0637   
       270:      8100.000000           1         -168.0851   
       271:      8130.000000           1         -168.0860   
       272:      8160.000000           1         -168.0614   
       273:      8190.000000           1         -168.0326   
       274:      8220.000000           1         -168.0184   
       275:      8250.000000           1         -168.0060   
       276:      8280.000000           1         -167.9775   
       277:      8310.000000           1         -167.9601   
       278:      8340.000000           1         -167.9468   
       279:      8370.000000           1         -167.9553   
       280:      8400.000000           1         -167.9584   
       281:      8430.000000           1         -167.9550   
       282:      8460.000000           1         -167.9425   
       283:      8490.000000           1         -167.9464   
       284:      8520.000000           1         -167.9592   
       285:      8550.000000           1         -167.9704   
       286:      8580.000000           1         -167.9798   
       287:      8610.000000           1         -167.9809   
       288:      8640.000000           1         -167.9721   
       289:      8670.000000           1         -167.9580   
       290:      8700.000000           1         -167.9524   
       291:      8730.000000           1         -167.9466   
       292:      8760.000000           1         -167.9272   
       293:      8790.000000           1         -167.9177   
       294:      8820.000000           1         -167.9177   
       295:      8850.000000           1         -167.9127   
       296:      8880.000000           1         -167.9400   
       297:      8910.000000           1         -167.9401   
       298:      8940.000000           1         -167.9351   
       299:      8970.000000           1         -167.9353   
       300:      9000.000000           1         -167.9439   
       301:      9030.000000           1         -167.9479   
       302:      9060.000000           1         -167.9610   
       303:      9090.000000           1         -167.9701   
       304:      9120.000000           1         -167.9596   
       305:      9150.000000           1         -167.9557   
       306:      9180.000000           1         -167.9598   
       307:      9210.000000           1         -167.9664   
       308:      9240.000000           1         -167.9732   
       309:      9270.000000           1         -167.9883   
       310:      9300.000000           1         -168.0098   
       311:      9330.000000           1         -168.0307   
       312:      9360.000000           1         -168.0491   
       313:      9390.000000           1         -168.0590   
       314:      9420.000000           1         -168.0755   
       315:      9450.000000           1         -168.0614   
       316:      9480.000000           1         -168.0754   
       317:      9510.000000           1         -168.0781   
       318:      9540.000000           1         -168.0864   
       319:      9570.000000           1         -168.0832   
       320:      9600.000000           1         -168.0746   
       321:      9630.000000           1         -168.0716   
       322:      9660.000000           1         -168.0550   
       323:      9690.000000           1         -168.0475   
       324:      9720.000000           1         -168.0365   
       325:      9750.000000           1         -168.0210   
       326:      9780.000000           1         -168.0270   
       327:      9810.000000           1         -168.0370   
       328:      9840.000000           1         -168.0321   
       329:      9870.000000           1         -168.0188   
       330:      9900.000000           1         -168.0091   
       331:      9930.000000           1         -168.0130   
       332:      9960.000000           1         -168.0279   
       333:      9990.000000           1         -168.0363   
       334:     10020.000000           1         -168.0436   
       335:     10050.000000           1         -168.0398   
       336:     10080.000000           1         -168.0404   
       337:     10110.000000           1         -168.0329   
       338:     10140.000000           1         -168.0293   
       339:     10170.000000           1         -168.0297   
       340:     10200.000000           1         -168.0384   
       341:     10230.000000           1         -168.0490   
       342:     10260.000000           1         -168.0418   
       343:     10290.000000           1         -168.0442   
       344:     10320.000000           1         -168.0376   
       345:     10350.000000           1         -168.0389   
       346:     10380.000000           1         -168.0265   
       347:     10410.000000           1         -168.0113   
       348:     10440.000000           1         -167.9962   
       349:     10470.000000           1         -167.9940   
       350:     10500.000000           1         -167.9817   
       351:     10530.000000           1         -167.9773   
       352:     10560.000000           1         -167.9556   
       353:     10590.000000           1         -167.9641   
       354:     10620.000000           1         -167.9524   
       355:     10650.000000           1         -167.9489   
       356:     10680.000000           1         -167.9641   
       357:     10710.000000           1         -167.9880   
       358:     10740.000000           1         -167.9987   
       359:     10770.000000           1         -168.0076   
       360:     10800.000000           1         -168.0176   
       361:     10830.000000           1         -168.0091   
       362:     10860.000000           1         -167.9990   
       363:     10890.000000           1         -168.0067   
       364:     10920.000000           1         -168.0074   
       365:     10950.000000           1         -168.0107   
       366:     10980.000000           1         -168.0206   
       367:     11010.000000           1          348.2147   
       368:     11040.000000           1         -168.0421   
       369:     11070.000000           1         -168.0445   
       370:     11100.000000           1          348.1979   
       371:     11130.000000           1         -168.0445   
       372:     11160.000000           1         -168.0480   
       373:     11190.000000           1         -168.0475   
       374:     11220.000000           1         -168.0482   
       375:     11250.000000           1          348.2327   
       376:     11280.000000           1         -167.9815   
       377:     11310.000000           1         -167.9860   
       378:     11340.000000           1          348.2891   
       379:     11370.000000           1          348.2936   
       380:     11400.000000           1         -167.9267   
       381:     11430.000000           1         -167.9161   
       382:     11460.000000           1         -167.9093   
       383:     11490.000000           1         -167.9239   
       384:     11520.000000           1         -167.9268   
       385:     11550.000000           1         -167.9125   
       386:     11580.000000           1         -167.9269   
       387:     11610.000000           1          348.3173   
       388:     11640.000000           1         -167.9577   
       389:     11670.000000           1          348.2994   
       390:     11700.000000           1         -167.9626   
       391:     11730.000000           1         -167.9572   
       392:     11760.000000           1         -167.9684   
       393:     11790.000000           1         -167.9709   
       394:     11820.000000           1         -167.9602   
       395:     11850.000000           1          348.3223   
       396:     11880.000000           1          348.3216   
       397:     11910.000000           1          348.3112   
       398:     11940.000000           1          348.3088   
       399:     11970.000000           1          348.3022   
       400:     12000.000000           1          348.3061   
       401:     12030.000000           1          348.3076   
       402:     12060.000000           1          348.3067   
       403:     12090.000000           1          348.3079   
       404:     12120.000000           1          348.3020   
       405:     12150.000000           1          348.3046   
       406:     12180.000000           1           53.0426   
       407:     12210.000000           1           53.0402   
       408:     12240.000000           1           53.0498   
       409:     12270.000000           1           53.0634   
       410:     12300.000000           1           53.0887   
       411:     12330.000000           1           53.0946   
       412:     12360.000000           1           53.0962   
       413:     12390.000000           1           53.0924   
       414:     12420.000000           1           53.0995   
       415:     12450.000000           1           53.1118   
       416:     12480.000000           1           53.1375   
       417:     12510.000000           1           53.1492   
       418:     12540.000000           1           53.1571   
       419:     12570.000000           1           53.1557   
       420:     12600.000000           1           53.1555   
       421:     12630.000000           1           53.1654   
       422:     12660.000000           1           53.1687   
       423:     12690.000000           1           53.1781   
       424:     12720.000000           1           53.1855   
       425:     12750.000000           1           53.1804   
       426:     12780.000000           1           53.1916   
       427:     12810.000000           1           53.1957   
       428:     12840.000000           1           53.2030   
       429:     12870.000000           1           53.2086   
       430:     12900.000000           1           53.2215   
       431:     12930.000000           1           53.2320   
       432:     12960.000000           1           53.2330   
       433:     12990.000000           1          348.5510   
       434:     13020.000000           1          348.5492   
       435:     13050.000000           1          348.5484   
       436:     13080.000000           1         -167.7115   
       437:     13110.000000           1          348.5643   
       438:     13140.000000           1          348.5593   
       439:     13170.000000           1          348.5650   
       440:     13200.000000           1          348.5897   
       441:     13230.000000           1         -167.6830   
       442:     13260.000000           1          348.5968   
       443:     13290.000000           1         -167.6793   
       444:     13320.000000           1          348.5885   
       445:     13350.000000           1          348.5908   
       446:     13380.000000           1          348.5955   
       447:     13410.000000           1          348.5826   
       448:     13440.000000           1          348.5810   
       449:     13470.000000           1          348.5828   
       450:     13500.000000           1          348.5851   
       451:     13530.000000           1          348.5963   
       452:     13560.000000           1          348.5908   
       453:     13590.000000           1          348.5782   
       454:     13620.000000           1          348.5799   
       455:     13650.000000           1          348.5760   
       456:     13680.000000           1          348.5678   
       457:     13710.000000           1          348.5541   
       458:     13740.000000           1          348.5338   
       459:     13770.000000           1          348.5283   
       460:     13800.000000           1          348.5366   
       461:     13830.000000           1          348.5382   
       462:     13860.000000           1          348.5444   
       463:     13890.000000           1          348.5521   
       464:     13920.000000           1          348.5575   
       465:     13950.000000           1          348.5559   
       466:     13980.000000           1          348.5449   
       467:     14010.000000           1          348.5543   
       468:     14040.000000           1          348.5686   
       469:     14070.000000           1          348.5612   
       470:     14100.000000           1          348.5759   
       471:     14130.000000           1          348.6123   
       472:     14160.000000           1          348.6063   
       473:     14190.000000           1          348.6045   
       474:     14220.000000           1          348.6037   
       475:     14250.000000           1          348.5995   
       476:     14280.000000           1          348.6101   
       477:     14310.000000           1          348.6085   
       478:     14340.000000           1          348.6057   
       479:     14370.000000           1          348.6100   
       480:     14400.000000           1         -167.7073   
       481:     14430.000000           1          348.5826   
       482:     14460.000000           1         -167.7153   
       483:     14490.000000           1          348.5446   
       484:     14520.000000           1         -167.7725   
       485:     14550.000000           1         -167.7761   
       486:     14580.000000           1         -167.7795   
       487:     14610.000000           1         -167.7772   
       488:     14640.000000           1         -167.7738   
       489:     14670.000000           1          348.5280   
       490:     14700.000000           1          348.5345   
       491:     14730.000000           1         -167.7606   
       492:     14760.000000           1         -167.7693   
       493:     14790.000000           1         -167.7767   
       494:     14820.000000           1         -167.7775   
       495:     14850.000000           1         -167.7889   
       496:     14880.000000           1         -167.7896   
       497:     14910.000000           1         -167.7799   
       498:     14940.000000           1         -167.7845   
       499:     14970.000000           1         -167.7833   
       500:     15000.000000           1         -167.7869   
       501:     15030.000000           1         -167.7921   
       502:     15060.000000           1         -167.7776   
       503:     15090.000000           1         -167.7815   
       504:     15120.000000           1          348.5262   
       505:     15150.000000           1         -167.7244   
       506:     15180.000000           1         -167.7229   
       507:     15210.000000           1         -167.7107   
       508:     15240.000000           1         -167.7149   
       509:     15270.000000           1         -167.7111   
       510:     15300.000000           1         -167.7267   
       511:     15330.000000           1         -167.7194   
       512:     15360.000000           1         -167.7322   
       513:     15390.000000           1         -167.7456   
       514:     15420.000000           1         -167.7365   
       515:     15450.000000           1         -167.7354   
       516:     15480.000000           1         -167.7310   
       517:     15510.000000           1         -167.7312   
       518:     15540.000000           1         -167.7199   
       519:     15570.000000           1         -167.7182   
       520:     15600.000000           1         -167.7156   
       521:     15630.000000           1         -167.7122   
       522:     15660.000000           1         -167.7018   
       523:     15690.000000           1         -167.7022   
       524:     15720.000000           1         -167.6857   
       525:     15750.000000           1         -167.6778   
       526:     15780.000000           1         -167.6577   
       527:     15810.000000           1         -167.6584   
       528:     15840.000000           1         -167.6354   
       529:     15870.000000           1         -167.6294   
       530:     15900.000000           1         -167.6162   
       531:     15930.000000           1         -167.6140   
       532:     15960.000000           1         -167.6198   
       533:     15990.000000           1         -167.6174   
       534:     16020.000000           1         -167.6211   
       535:     16050.000000           1         -167.6193   
       536:     16080.000000           1         -167.6111   
       537:     16110.000000           1         -167.6248   
       538:     16140.000000           1         -167.6214   
       539:     16170.000000           1         -167.6295   
       540:     16200.000000           1         -167.6179   
       541:     16230.000000           1         -167.6178   
       542:     16260.000000           1         -167.6217   
       543:     16290.000000           1         -167.6281   
       544:     16320.000000           1         -167.6399   
       545:     16350.000000           1         -167.6357   
       546:     16380.000000           1         -167.6291   
       547:     16410.000000           1         -167.6262   
       548:     16440.000000           1         -167.6054   
       549:     16470.000000           1         -167.6040   
       550:     16500.000000           1         -167.5845   
       551:     16530.000000           1         -167.5760   
       552:     16560.000000           1         -167.5749   
       553:     16590.000000           1         -167.5775   
       554:     16620.000000           1         -167.5631   
       555:     16650.000000           1         -167.5637   
       556:     16680.000000           1         -167.5518   
       557:     16710.000000           1         -167.5447   
       558:     16740.000000           1         -167.5384   
       559:     16770.000000           1         -167.5373   
       560:     16800.000000           1         -167.5367   
       561:     16830.000000           1         -167.5335   
       562:     16860.000000           1         -167.5204   
       563:     16890.000000           1         -167.5278   
       564:     16920.000000           1         -167.5204   
       565:     16950.000000           1         -167.5244   
       566:     16980.000000           1         -167.5250   
       567:     17010.000000           1         -167.5200   
       568:     17040.000000           1         -167.5184   
       569:     17070.000000           1         -167.5102   
       570:     17100.000000           1         -167.5095   
       571:     17130.000000           1         -167.5073   
       572:     17160.000000           1         -167.5015   
       573:     17190.000000           1         -167.5029   
       574:     17220.000000           1         -167.4975   
       575:     17250.000000           1         -167.4985   
       576:     17280.000000           1         -167.5000   
       577:     17310.000000           1         -167.4954   
       578:     17340.000000           1         -167.4926   
       579:     17370.000000           1         -167.4926   
       580:     17400.000000           1         -167.4929   
       581:     17430.000000           1         -167.4993   
       582:     17460.000000           1         -167.5035   
       583:     17490.000000           1         -167.5034   
       584:     17520.000000           1         -167.4959   
       585:     17550.000000           1         -167.4900   
       586:     17580.000000           1         -167.4819   
       587:     17610.000000           1         -167.4670   
       588:     17640.000000           1         -167.4693   
       589:     17670.000000           1         -167.4855   
       590:     17700.000000           1         -167.4908   
       591:     17730.000000           1         -167.4998   
       592:     17760.000000           1         -167.4986   
       593:     17790.000000           1         -167.5005   
       594:     17820.000000           1         -167.5062   
       595:     17850.000000           1         -167.5086   
       596:     17880.000000           1         -167.4987   
       597:     17910.000000           1         -167.4903   
       598:     17940.000000           1         -167.4893   
       599:     17970.000000           1         -167.4704   
       600:     18000.000000           1         -167.4396   
       601:     18030.000000           1         -167.4310   
       602:     18060.000000           1         -167.4204   
       603:     18090.000000           1         -167.4151   
       604:     18120.000000           1         -167.4156   
       605:     18150.000000           1         -167.4084   
       606:     18180.000000           1         -167.4082   
       607:     18210.000000           1         -167.4060   
       608:     18240.000000           1         -167.4098   
       609:     18270.000000           1         -167.4127   
       610:     18300.000000           1         -167.4085   
       611:     18330.000000           1         -167.4147   
       612:     18360.000000           1         -167.4174   
       613:     18390.000000           1         -167.4177   
       614:     18420.000000           1         -167.4200   
       615:     18450.000000           1         -167.4174   
       616:     18480.000000           1         -167.4054   
       617:     18510.000000           1         -167.3994   
       618:     18540.000000           1         -167.4148   
       619:     18570.000000           1         -167.4036   
       620:     18600.000000           1         -167.3954   
       621:     18630.000000           1         -167.3849   
       622:     18660.000000           1         -167.3889   
       623:     18690.000000           1         -167.3804   
       624:     18720.000000           1         -167.3742   
       625:     18750.000000           1         -167.3468   
       626:     18780.000000           1         -167.3230   
       627:     18810.000000           1         -167.3105   
       628:     18840.000000           1         -167.3015   
       629:     18870.000000           1         -167.2948   
       630:     18900.000000           1         -167.2951   
       631:     18930.000000           1         -167.3004   
       632:     18960.000000           1         -167.2955   
       633:     18990.000000           1         -167.2797   
       634:     19020.000000           1         -167.2670   
       635:     19050.000000           1         -167.2690   
       636:     19080.000000           1         -167.2632   
       637:     19110.000000           1         -167.2607   
       638:     19140.000000           1         -167.2505   
       639:     19170.000000           1         -167.2508   
       640:     19200.000000           1         -167.2504   
       641:     19230.000000           1         -167.2509   
       642:     19260.000000           1         -167.2562   
       643:     19290.000000           1         -167.2541   
       644:     19320.000000           1         -167.2517   
       645:     19350.000000           1         -167.2436   
       646:     19380.000000           1         -167.2482   
       647:     19410.000000           1         -167.2446   
       648:     19440.000000           1         -167.2409   
       649:     19470.000000           1         -167.2286   
       650:     19500.000000           1         -167.2266   
       651:     19530.000000           1         -167.2233   
       652:     19560.000000           1         -167.2271   
       653:     19590.000000           1         -167.2198   
       654:     19620.000000           1         -167.2046   
       655:     19650.000000           1         -167.1986   
       656:     19680.000000           1         -167.1933   
       657:     19710.000000           1         -167.1669   
       658:     19740.000000           1         -167.1500   
       659:     19770.000000           1         -167.1387   
       660:     19800.000000           1         -167.1399   
       661:     19830.000000           1         -167.1357   
       662:     19860.000000           1         -167.1256   
       663:     19890.000000           1         -167.1157   
       664:     19920.000000           1         -167.1098   
       665:     19950.000000           1         -167.1009   
       666:     19980.000000           1         -167.0921   
       667:     20010.000000           1         -167.0837   
       668:     20040.000000           1         -167.0810   
       669:     20070.000000           1         -167.0783   
       670:     20100.000000           1         -167.0763   
       671:     20130.000000           1         -167.0677   
       672:     20160.000000           1         -167.0616   
       673:     20190.000000           1         -167.0586   
       674:     20220.000000           1         -167.0546   
       675:     20250.000000           1         -167.0513   
       676:     20280.000000           1         -167.0437   
       677:     20310.000000           1         -167.0424   
       678:     20340.000000           1         -167.0346   
       679:     20370.000000           1         -167.0163   
       680:     20400.000000           1         -167.0176   
       681:     20430.000000           1         -167.0205   
       682:     20460.000000           1         -167.0153   
       683:     20490.000000           1         -167.0113   
       684:     20520.000000           1         -167.0033   
       685:     20550.000000           1         -166.9817   
       686:     20580.000000           1         -166.9754   
       687:     20610.000000           1         -166.9692   
       688:     20640.000000           1         -166.9735   
       689:     20670.000000           1         -166.9714   
       690:     20700.000000           1         -166.9664   
       691:     20730.000000           1         -166.9689   
       692:     20760.000000           1         -166.9580   
       693:     20790.000000           1         -166.9593   
       694:     20820.000000           1         -166.9613   
       695:     20850.000000           1         -166.9658   
       696:     20880.000000           1         -166.9690   
       697:     20910.000000           1         -166.9638   
       698:     20940.000000           1         -166.9539   
       699:     20970.000000           1         -166.9455   
       700:     21000.000000           1         -166.9380   
       701:     21030.000000           1         -166.9283   
       702:     21060.000000           1         -166.9150   
       703:     21090.000000           1         -166.8948   
       704:     21120.000000           1         -166.8690   
       705:     21150.000000           1         -166.8596   
       706:     21180.000000           1         -166.8562   
       707:     21210.000000           1         -166.8436   
       708:     21240.000000           1         -166.8425   
       709:     21270.000000           1         -166.8351   
       710:     21300.000000           1         -166.8338   
       711:     21330.000000           1         -166.8388   
       712:     21360.000000           1         -166.8306   
       713:     21390.000000           1         -166.8323   
       714:     21420.000000           1         -166.8164   
       715:     21450.000000           1         -166.8066   
       716:     21480.000000           1         -166.8006   
       717:     21510.000000           1         -166.7842   
       718:     21540.000000           1         -166.7847   
       719:     21570.000000           1         -166.7759   
       720:     21600.000000           1         -166.7698   
       721:     21630.000000           1         -166.7610   
       722:     21660.000000           1         -166.7520   
       723:     21690.000000           1         -166.7456   
       724:     21720.000000           1         -166.7380   
       725:     21750.000000           1         -166.7328   
       726:     21780.000000           1         -166.7273   
       727:     21810.000000           1         -166.7178   
       728:     21840.000000           1         -166.7104   
       729:     21870.000000           1         -166.6969   
       730:     21900.000000           1         -166.6692   
       731:     21930.000000           1         -166.6484   
       732:     21960.000000           1         -166.6473   
       733:     21990.000000           1         -166.6484   
       734:     22020.000000           1         -166.6366   
       735:     22050.000000           1         -166.6366   
       736:     22080.000000           1         -166.6310   
       737:     22110.000000           1         -166.6243   
       738:     22140.000000           1         -166.6207   
       739:     22170.000000           1         -166.6047   
       740:     22200.000000           1         -166.5962   
       741:     22230.000000           1         -166.5873   
       742:     22260.000000           1         -166.5802   
       743:     22290.000000           1         -166.5763   
       744:     22320.000000           1         -166.5713   
       745:     22350.000000           1         -166.5629   
       746:     22380.000000           1         -166.5586   
       747:     22410.000000           1         -166.5541   
       748:     22440.000000           1         -166.5447   
       749:     22470.000000           1         -166.5321   
       750:     22500.000000           1         -166.5237   
       751:     22530.000000           1         -166.5145   
       752:     22560.000000           1         -166.5091   
       753:     22590.000000           1         -166.4970   
       754:     22620.000000           1         -166.4861   
       755:     22650.000000           1         -166.4789   
       756:     22680.000000           1         -166.4724   
       757:     22710.000000           1         -166.4602   
       758:     22740.000000           1         -166.4562   
       759:     22770.000000           1         -166.4507   
       760:     22800.000000           1         -166.4474   
       761:     22830.000000           1         -166.4451   
       762:     22860.000000           1         -166.4532   
       763:     22890.000000           1         -166.4319   
       764:     22920.000000           1         -166.4136   
       765:     22950.000000           1         -166.4027   
       766:     22980.000000           1         -166.4010   
       767:     23010.000000           1         -166.3938   
       768:     23040.000000           1         -166.3796   
       769:     23070.000000           1         -166.3712   
       770:     23100.000000           1         -166.3689   
       771:     23130.000000           1         -166.3641   
       772:     23160.000000           1         -166.3596   
       773:     23190.000000           1          349.9893   
       774:     23220.000000           1         -166.4755   
       775:     23250.000000           1         -166.5592   
       776:     23280.000000           1         -166.5114   
       777:     23310.000000           1         -166.5272   
       778:     23340.000000           1         -166.5348   
       779:     23370.000000           1         -166.5205   
       780:     23400.000000           1         -166.5083   
       781:     23430.000000           1         -166.5145   
       782:     23460.000000           1         -166.5147   
       783:     23490.000000           1         -166.5104   
       784:     23520.000000           1         -166.4997   
       785:     23550.000000           1         -166.4866   
       786:     23580.000000           1         -166.4700   
       787:     23610.000000           1         -166.4580   
       788:     23640.000000           1          350.1993   
       789:     23670.000000           1          350.2092   
       790:     23700.000000           1          350.2110   
       791:     23730.000000           1          350.2152   
       792:     23760.000000           1          350.2245   
       793:     23790.000000           1          350.2412   
       794:     23820.000000           1          350.2486   
       795:     23850.000000           1          350.2490   
       796:     23880.000000           1          350.2543   
       797:     23910.000000           1          350.2598   
       798:     23940.000000           1          350.2743   
       799:     23970.000000           1          350.2888   
       800:     24000.000000           1          350.2921   
       801:     24030.000000           1          350.2910   
       802:     24060.000000           1          350.2994   
       803:     24090.000000           1          350.3111   
       804:     24120.000000           1          350.3134   
       805:     24150.000000           1          350.3184   
       806:     24180.000000           1          350.3248   
       807:     24210.000000           1          350.3394   
       808:     24240.000000           1          350.3431   
       810:     24300.000000           1          350.3494   
       811:     24330.000000           1          350.3537   
       812:     24360.000000           1          350.3651   
       813:     24390.000000           1          350.3631   
      2803:     84090.000000           1           81.7007   
      2804:     84120.000000           1           81.6330   
      2805:     84150.000000           1           81.6131   
      2806:     84180.000000           1           81.6248   
      2807:     84210.000000           1           81.6264   
      2808:     84240.000000           1           81.6199   
      2809:     84270.000000           1           81.6409   
      2810:     84300.000000           1           81.6347   
      2811:     84330.000000           1           81.6252   
      2812:     84360.000000           1           81.6027   
      2813:     84390.000000           1           81.6023   
      2814:     84420.000000           1           81.6026   
      2815:     84450.000000           1           81.6062   
      2816:     84480.000000           1           81.6041   
      2817:     84510.000000           1           81.5901   
      2818:     84540.000000           1           81.5857   
      2821:     84630.000000           1           81.5590   
      2825:     84750.000000           1           81.5548   
      2829:     84870.000000           1           81.5245   
      2875:     86250.000000           1           81.5016   
      2876:     86280.000000           1           81.5004   
      2877:     86310.000000           1           81.4968   
      2878:     86340.000000           1           81.4955   
      2879:     86370.000000           1           81.4923   
