         0:         0.000000           1          142.7798   
         1:        30.000000           1          142.9528   
         2:        60.000000           1          141.7465   
         3:        90.000000           1         -119.7133   
         4:       120.000000           1         -119.6948   
         5:       150.000000           1         -120.0251   
         6:       180.000000           1         -119.4034   
         7:       210.000000           1         -118.7534   
         8:       240.000000           1         -117.8972   
         9:       270.000000           1         -118.6755   
        10:       300.000000           1         -119.0302   
        11:       330.000000           1         -119.4982   
        12:       360.000000           1         -119.7521   
        13:       390.000000           1         -120.5979   
        14:       420.000000           1         -120.5468   
        15:       450.000000           1         -120.1651   
        16:       480.000000           1         -120.6672   
        17:       510.000000           1         -120.9246   
        18:       540.000000           1         -120.9159   
        19:       570.000000           1         -121.3123   
        20:       600.000000           1         -121.3474   
        21:       630.000000           1         -121.1801   
        22:       660.000000           1         -121.0816   
        23:       690.000000           1         -121.2855   
        24:       720.000000           1         -121.4588   
        25:       750.000000           1         -121.6078   
        26:       780.000000           1         -121.6328   
        27:       810.000000           1         -121.9311   
        28:       840.000000           1         -122.0781   
        29:       870.000000           1          143.0802   
        30:       900.000000           1         -122.0675   
        31:       930.000000           1         -122.0564   
        32:       960.000000           1         -122.0370   
        33:       990.000000           1         -122.0735   
        34:      1020.000000           1         -122.1092   
        35:      1050.000000           1         -122.1258   
        36:      1080.000000           1         -122.2752   
        37:      1110.000000           1          -47.2215   
        38:      1140.000000           1         -122.4645   
        39:      1170.000000           1         -122.2869   
        40:      1200.000000           1         -122.1800   
        41:      1230.000000           1          143.4919   
        42:      1260.000000           1          143.6091   
        43:      1290.000000           1          143.6102   
        44:      1320.000000           1          143.6095   
        45:      1350.000000           1          -45.7919   
        46:      1380.000000           1          143.6177   
        47:      1410.000000           1          143.5612   
        48:      1440.000000           1          -45.9817   
        49:      1470.000000           1          143.7273   
        50:      1500.000000           1          143.5507   
        51:      1530.000000           1          143.5608   
        52:      1560.000000           1          143.6158   
        53:      1590.000000           1          143.7213   
        54:      1620.000000           1          143.7924   
        55:      1650.000000           1          143.7467   
        56:      1680.000000           1          143.6179   
        57:      1710.000000           1          143.6687   
        58:      1740.000000           1          143.5562   
        59:      1770.000000           1          143.6666   
        60:      1800.000000           1          143.6206   
        61:      1830.000000           1          143.5559   
        62:      1860.000000           1          143.5679   
        63:      1890.000000           1          143.5050   
        64:      1920.000000           1          143.4018   
        65:      1950.000000           1          143.4254   
        66:      1980.000000           1          143.3328   
      2070:     62100.000000           1          181.7814   
      2071:     62130.000000           1          -87.3336   
      2072:     62160.000000           1          181.7893   
      2073:     62190.000000           1          181.7914   
      2074:     62220.000000           1          181.7931   
      2077:     62310.000000           1          181.7822   
      2078:     62340.000000           1         -191.6638   
      2079:     62370.000000           1          -87.3337   
      2080:     62400.000000           1          181.7807   
      2081:     62430.000000           1          181.7776   
      2082:     62460.000000           1          181.7775   
      2083:     62490.000000           1          181.7777   
      2084:     62520.000000           1          181.7777   
      2085:     62550.000000           1          181.7738   
      2086:     62580.000000           1          181.7718   
      2087:     62610.000000           1          181.7711   
      2088:     62640.000000           1          181.7712   
      2089:     62670.000000           1          181.7706   
      2090:     62700.000000           1          181.7738   
      2092:     62760.000000           1          181.7739   
      2093:     62790.000000           1          -87.3401   
      2095:     62850.000000           1          -87.3414   
      2096:     62880.000000           1          -87.3429   
      2097:     62910.000000           1          -87.3419   
      2098:     62940.000000           1          -87.3431   
      2099:     62970.000000           1          -87.3401   
      2100:     63000.000000           1          -87.3388   
      2101:     63030.000000           1          -87.3365   
      2102:     63060.000000           1            5.5524   
      2103:     63090.000000           1          -87.3318   
      2104:     63120.000000           1          -87.3274   
      2105:     63150.000000           1          -87.3278   
      2106:     63180.000000           1          -87.3263   
      2107:     63210.000000           1          -87.3252   
      2108:     63240.000000           1          -87.3238   
      2109:     63270.000000           1          -87.3226   
      2110:     63300.000000           1          -87.3220   
      2111:     63330.000000           1          -87.3195   
      2112:     63360.000000           1          -87.3163   
      2113:     63390.000000           1          -87.3162   
      2114:     63420.000000           1          181.8005   
      2115:     63450.000000           1          181.8016   
      2116:     63480.000000           1          181.8034   
      2117:     63510.000000           1          181.8064   
      2118:     63540.000000           1          181.8090   
      2119:     63570.000000           1         -191.6354   
      2120:     63600.000000           1         -191.6342   
      2121:     63630.000000           1         -191.6308   
      2122:     63660.000000           1         -191.6269   
      2123:     63690.000000           1         -191.6230   
      2124:     63720.000000           1         -191.6252   
      2125:     63750.000000           1         -191.6243   
      2126:     63780.000000           1         -191.6237   
      2127:     63810.000000           1         -191.6245   
      2128:     63840.000000           1         -191.6251   
      2129:     63870.000000           1         -191.6269   
      2130:     63900.000000           1         -191.6273   
      2131:     63930.000000           1         -191.6298   
      2132:     63960.000000           1         -191.6300   
      2133:     63990.000000           1         -191.6308   
      2134:     64020.000000           1         -191.6326   
      2135:     64050.000000           1         -191.6310   
      2136:     64080.000000           1         -191.6313   
      2137:     64110.000000           1         -191.6308   
      2138:     64140.000000           1         -191.6302   
      2139:     64170.000000           1         -191.6308   
      2140:     64200.000000           1         -191.6285   
      2141:     64230.000000           1         -191.6273   
      2142:     64260.000000           1         -191.6244   
      2143:     64290.000000           1          -87.2899   
      2144:     64320.000000           1         -191.6206   
      2145:     64350.000000           1         -191.6219   
      2146:     64380.000000           1          170.6705   
      2147:     64410.000000           1         -191.6285   
      2148:     64440.000000           1          170.8204   
      2149:     64470.000000           1          170.8338   
      2150:     64500.000000           1          170.8270   
      2151:     64530.000000           1          170.8824   
      2152:     64560.000000           1          170.8738   
      2153:     64590.000000           1          170.8626   
      2154:     64620.000000           1          170.8487   
      2155:     64650.000000           1          170.8682   
      2156:     64680.000000           1          170.8639   
      2157:     64710.000000           1          170.8745   
      2158:     64740.000000           1          170.8927   
      2159:     64770.000000           1          170.8931   
      2160:     64800.000000           1          170.9018   
      2161:     64830.000000           1          170.8922   
      2162:     64860.000000           1          170.8812   
      2163:     64890.000000           1          170.8900   
      2164:     64920.000000           1          170.8995   
      2165:     64950.000000           1          170.8993   
      2166:     64980.000000           1          170.9021   
      2167:     65010.000000           1          170.9066   
      2168:     65040.000000           1          170.9064   
      2169:     65070.000000           1         -191.6207   
      2170:     65100.000000           1         -191.6178   
      2171:     65130.000000           1          170.9221   
      2172:     65160.000000           1         -191.6139   
      2173:     65190.000000           1         -191.6150   
      2174:     65220.000000           1         -191.6139   
      2175:     65250.000000           1         -191.6154   
      2176:     65280.000000           1         -191.6183   
      2177:     65310.000000           1         -191.6189   
      2178:     65340.000000           1         -191.6201   
      2179:     65370.000000           1         -191.6221   
      2180:     65400.000000           1         -191.6200   
      2181:     65430.000000           1         -191.6181   
      2182:     65460.000000           1         -191.6135   
      2183:     65490.000000           1         -191.6120   
      2184:     65520.000000           1         -191.6075   
      2185:     65550.000000           1          -87.2706   
      2186:     65580.000000           1          -87.2699   
      2187:     65610.000000           1         -191.6003   
      2188:     65640.000000           1         -191.5974   
      2189:     65670.000000           1          -87.2578   
      2190:     65700.000000           1          -87.2502   
      2191:     65730.000000           1         -191.5776   
      2192:     65760.000000           1         -191.5760   
      2193:     65790.000000           1         -191.5779   
      2194:     65820.000000           1         -191.5798   
      2195:     65850.000000           1         -191.5817   
      2196:     65880.000000           1         -191.5808   
      2197:     65910.000000           1         -191.5780   
      2198:     65940.000000           1         -191.5763   
      2199:     65970.000000           1         -191.5745   
      2200:     66000.000000           1         -191.5675   
      2201:     66030.000000           1         -191.5613   
      2202:     66060.000000           1         -191.5596   
      2203:     66090.000000           1         -191.5621   
      2204:     66120.000000           1         -191.5625   
      2205:     66150.000000           1         1224.7477   
      2206:     66180.000000           1         -191.5671   
      2207:     66210.000000           1         -191.5676   
      2208:     66240.000000           1         -191.5668   
      2209:     66270.000000           1         -191.5673   
      2210:     66300.000000           1         -191.5664   
      2211:     66330.000000           1         -191.5616   
      2212:     66360.000000           1         -191.5594   
      2213:     66390.000000           1         -191.5588   
      2214:     66420.000000           1         -191.5594   
      2215:     66450.000000           1         -191.5588   
      2216:     66480.000000           1         -191.5586   
      2217:     66510.000000           1         -191.5583   
      2218:     66540.000000           1         -191.5573   
      2219:     66570.000000           1            5.6832   
      2220:     66600.000000           1         -370.4848   
      2221:     66630.000000           1            5.6899   
      2222:     66660.000000           1            5.6922   
      2223:     66690.000000           1            5.6947   
      2224:     66720.000000           1            5.6946   
      2225:     66750.000000           1            5.6944   
      2226:     66780.000000           1            5.6909   
      2227:     66810.000000           1            5.6927   
      2228:     66840.000000           1            5.6899   
      2229:     66870.000000           1            5.6905   
      2230:     66900.000000           1            5.6912   
      2231:     66930.000000           1            5.6913   
      2232:     66960.000000           1            5.6903   
      2233:     66990.000000           1            5.6932   
      2234:     67020.000000           1            5.6920   
      2235:     67050.000000           1         -370.4960   
      2236:     67080.000000           1         -370.4980   
      2237:     67110.000000           1         -370.5008   
      2238:     67140.000000           1         -370.5020   
      2239:     67170.000000           1         -370.5032   
      2240:     67200.000000           1         -370.5040   
      2241:     67230.000000           1         -370.5019   
      2242:     67260.000000           1         -370.5036   
      2243:     67290.000000           1         -370.5034   
      2244:     67320.000000           1         -370.5022   
      2245:     67350.000000           1            5.6856   
      2246:     67380.000000           1            5.6867   
      2247:     67410.000000           1            5.6870   
      2248:     67440.000000           1            5.6845   
      2249:     67470.000000           1            5.6839   
      2250:     67500.000000           1            5.6850   
      2251:     67530.000000           1            5.6843   
      2252:     67560.000000           1            5.6869   
      2253:     67590.000000           1            5.6852   
      2254:     67620.000000           1            5.6850   
      2255:     67650.000000           1            5.6886   
      2256:     67680.000000           1            5.6887   
      2257:     67710.000000           1            5.6905   
      2258:     67740.000000           1            5.6919   
      2259:     67770.000000           1            5.6919   
      2260:     67800.000000           1            5.6932   
      2261:     67830.000000           1         -191.5535   
      2262:     67860.000000           1         -191.5520   
      2263:     67890.000000           1         -191.5478   
      2264:     67920.000000           1         -191.5516   
      2265:     67950.000000           1         -191.5525   
      2266:     67980.000000           1         -191.5517   
      2267:     68010.000000           1         -191.5546   
      2268:     68040.000000           1         -191.5521   
      2269:     68070.000000           1         -191.5521   
      2270:     68100.000000           1         -191.5538   
      2271:     68130.000000           1         -191.5530   
      2272:     68160.000000           1         -191.5509   
      2273:     68190.000000           1         -191.5529   
      2274:     68220.000000           1         -191.5501   
      2275:     68250.000000           1         -191.5509   
      2276:     68280.000000           1         -191.5508   
      2277:     68310.000000           1         -191.5532   
      2278:     68340.000000           1         -191.5524   
      2279:     68370.000000           1         -191.5518   
      2280:     68400.000000           1         -191.5539   
      2281:     68430.000000           1         -191.5525   
      2282:     68460.000000           1         -191.5524   
      2283:     68490.000000           1         -191.5532   
      2284:     68520.000000           1         -191.5550   
      2285:     68550.000000           1         -191.5553   
      2286:     68580.000000           1         -191.5553   
      2287:     68610.000000           1            5.6900   
      2288:     68640.000000           1            5.6933   
      2289:     68670.000000           1            5.6918   
      2290:     68700.000000           1            5.6884   
      2291:     68730.000000           1            5.6838   
      2292:     68760.000000           1            5.6825   
      2293:     68790.000000           1            5.6820   
      2294:     68820.000000           1            5.6818   
      2295:     68850.000000           1            5.6829   
      2296:     68880.000000           1            5.6830   
      2297:     68910.000000           1            5.6841   
      2298:     68940.000000           1            5.6830   
      2299:     68970.000000           1            5.6832   
      2300:     69000.000000           1            5.6844   
      2301:     69030.000000           1            5.6877   
      2302:     69060.000000           1            5.6908   
      2303:     69090.000000           1            5.6941   
      2304:     69120.000000           1            5.6942   
      2305:     69150.000000           1            5.6909   
      2306:     69180.000000           1            5.6867   
      2307:     69210.000000           1            5.6843   
      2308:     69240.000000           1            5.6841   
      2309:     69270.000000           1            5.6837   
      2310:     69300.000000           1            5.6836   
      2311:     69330.000000           1            5.6845   
      2312:     69360.000000           1            5.6845   
      2313:     69390.000000           1            5.6841   
      2314:     69420.000000           1            5.6824   
      2315:     69450.000000           1         -191.5623   
      2316:     69480.000000           1         -191.5638   
      2317:     69510.000000           1         -191.5629   
      2318:     69540.000000           1         -191.5631   
      2319:     69570.000000           1         -191.5650   
      2320:     69600.000000           1         -191.5658   
      2321:     69630.000000           1         -191.5652   
      2322:     69660.000000           1          170.5066   
      2323:     69690.000000           1          170.5030   
      2324:     69720.000000           1          170.5027   
      2325:     69750.000000           1          170.5016   
      2326:     69780.000000           1          170.5013   
      2327:     69810.000000           1          170.4995   
      2328:     69840.000000           1          170.4995   
      2329:     69870.000000           1          170.4965   
      2330:     69900.000000           1          170.4953   
      2331:     69930.000000           1          170.4958   
      2332:     69960.000000           1          170.4931   
      2333:     69990.000000           1          170.4956   
      2334:     70020.000000           1          170.4968   
      2335:     70050.000000           1          170.4988   
      2336:     70080.000000           1          170.5006   
      2337:     70110.000000           1          170.5031   
      2338:     70140.000000           1            5.6734   
      2339:     70170.000000           1          170.5022   
      2340:     70200.000000           1          170.5024   
      2341:     70230.000000           1          170.5034   
      2342:     70260.000000           1          170.5063   
      2343:     70290.000000           1          170.5042   
      2344:     70320.000000           1          170.5065   
      2345:     70350.000000           1          170.5064   
      2346:     70380.000000           1          170.5048   
      2347:     70410.000000           1          170.5014   
      2348:     70440.000000           1          170.4989   
      2349:     70470.000000           1          170.4947   
      2350:     70500.000000           1          170.4940   
      2351:     70530.000000           1          170.4916   
      2352:     70560.000000           1         -191.5820   
      2353:     70590.000000           1         -191.5825   
      2354:     70620.000000           1         -191.5816   
      2355:     70650.000000           1         -191.5805   
      2356:     70680.000000           1         -191.5782   
      2357:     70710.000000           1         -191.5774   
      2358:     70740.000000           1         -191.5765   
      2359:     70770.000000           1         -191.5763   
      2360:     70800.000000           1         -191.5778   
      2361:     70830.000000           1         -191.5787   
      2362:     70860.000000           1         -191.5832   
      2363:     70890.000000           1         -191.5839   
      2364:     70920.000000           1         -191.5853   
      2365:     70950.000000           1         -191.5856   
      2366:     70980.000000           1         -191.5862   
      2367:     71010.000000           1         -191.5844   
      2368:     71040.000000           1         -191.5870   
      2369:     71070.000000           1         -191.5879   
      2370:     71100.000000           1         -191.5893   
      2371:     71130.000000           1         -191.5892   
      2372:     71160.000000           1         -191.5875   
      2373:     71190.000000           1         -191.5855   
      2374:     71220.000000           1         -191.5839   
      2375:     71250.000000           1         -191.5813   
      2376:     71280.000000           1         -191.5790   
      2377:     71310.000000           1         -191.5791   
      2378:     71340.000000           1         -191.5773   
      2379:     71370.000000           1         -191.5755   
      2380:     71400.000000           1         -191.5773   
      2381:     71430.000000           1         -191.5785   
      2382:     71460.000000           1         -191.5810   
      2383:     71490.000000           1         -191.5821   
      2384:     71520.000000           1         -191.5822   
      2385:     71550.000000           1         -191.5829   
      2386:     71580.000000           1         -191.5849   
      2387:     71610.000000           1         -191.5835   
      2388:     71640.000000           1         -191.5844   
      2389:     71670.000000           1         -191.5819   
      2390:     71700.000000           1         -191.5816   
      2391:     71730.000000           1         -191.5820   
      2392:     71760.000000           1         -191.5803   
      2393:     71790.000000           1         -191.5776   
      2394:     71820.000000           1         -191.5746   
      2395:     71850.000000           1         -191.5719   
      2396:     71880.000000           1         -191.5685   
      2397:     71910.000000           1         -191.5682   
      2398:     71940.000000           1         -191.5687   
      2399:     71970.000000           1         -191.5682   
      2400:     72000.000000           1         -191.5695   
      2401:     72030.000000           1           13.2776   
      2402:     72060.000000           1           13.2788   
      2403:     72090.000000           1           13.2756   
      2404:     72120.000000           1           13.2720   
      2405:     72150.000000           1           13.2655   
      2406:     72180.000000           1           13.2652   
      2407:     72210.000000           1           13.2611   
      2408:     72240.000000           1           13.2558   
      2409:     72270.000000           1           13.2484   
      2410:     72300.000000           1           13.2397   
      2411:     72330.000000           1           13.2360   
      2412:     72360.000000           1            5.6630   
      2413:     72390.000000           1           13.2279   
      2414:     72420.000000           1            5.6633   
      2415:     72450.000000           1            5.6651   
      2416:     72480.000000           1            5.6658   
      2417:     72510.000000           1            5.6643   
      2418:     72540.000000           1            5.6635   
      2419:     72570.000000           1            5.6587   
      2420:     72600.000000           1            5.6568   
      2421:     72630.000000           1            5.6558   
      2422:     72660.000000           1           13.1818   
      2423:     72690.000000           1           13.1787   
      2424:     72720.000000           1           13.1757   
      2425:     72750.000000           1           13.1724   
      2426:     72780.000000           1           13.1683   
      2427:     72810.000000           1           13.1678   
      2428:     72840.000000           1           13.1615   
      2429:     72870.000000           1           13.1583   
      2430:     72900.000000           1           13.1567   
      2431:     72930.000000           1           13.1528   
      2432:     72960.000000           1         -191.5943   
      2433:     72990.000000           1         -191.5907   
      2434:     73020.000000           1         -191.5946   
      2435:     73050.000000           1         -191.5954   
      2436:     73080.000000           1         -191.5948   
      2437:     73110.000000           1         -191.5943   
      2438:     73140.000000           1         -191.5931   
      2439:     73170.000000           1         -191.5950   
      2440:     73200.000000           1         -191.5970   
      2441:     73230.000000           1         -191.5978   
      2442:     73260.000000           1         -191.5998   
      2443:     73290.000000           1         -191.6003   
      2444:     73320.000000           1         -191.6037   
      2445:     73350.000000           1         -191.6068   
      2446:     73380.000000           1         -191.6106   
      2447:     73410.000000           1         -191.6129   
      2448:     73440.000000           1         -191.6146   
      2449:     73470.000000           1         -191.6147   
      2450:     73500.000000           1         -191.6123   
      2451:     73530.000000           1          170.4416   
      2452:     73560.000000           1          170.4401   
      2453:     73590.000000           1          170.4357   
      2454:     73620.000000           1          170.4337   
      2455:     73650.000000           1          170.4341   
      2456:     73680.000000           1          170.4332   
      2457:     73710.000000           1          170.4334   
      2458:     73740.000000           1          170.4331   
      2459:     73770.000000           1          170.4320   
      2460:     73800.000000           1          170.4337   
      2461:     73830.000000           1          170.4338   
      2462:     73860.000000           1          170.4314   
      2463:     73890.000000           1          170.4297   
      2464:     73920.000000           1          170.4258   
      2465:     73950.000000           1          170.4222   
      2466:     73980.000000           1          170.4193   
      2467:     74010.000000           1          170.4188   
      2468:     74040.000000           1          170.4200   
      2469:     74070.000000           1          170.4212   
      2470:     74100.000000           1          170.4202   
      2471:     74130.000000           1          170.4179   
      2472:     74160.000000           1          170.4159   
      2473:     74190.000000           1          170.4135   
      2474:     74220.000000           1          170.4123   
      2475:     74250.000000           1          170.4128   
      2476:     74280.000000           1          170.4102   
      2477:     74310.000000           1          170.4101   
      2478:     74340.000000           1          170.4070   
      2479:     74370.000000           1          170.4057   
      2480:     74400.000000           1          170.3999   
      2481:     74430.000000           1          170.3964   
      2482:     74460.000000           1          170.3937   
      2483:     74490.000000           1          170.3931   
      2484:     74520.000000           1          170.3916   
      2485:     74550.000000           1          170.3917   
      2486:     74580.000000           1          170.3877   
      2487:     74610.000000           1          170.3849   
      2488:     74640.000000           1          170.3803   
      2489:     74670.000000           1          170.3786   
      2490:     74700.000000           1          170.3765   
      2491:     74730.000000           1          170.3754   
      2492:     74760.000000           1          170.3727   
      2493:     74790.000000           1          170.3710   
      2494:     74820.000000           1          170.3696   
      2495:     74850.000000           1          170.3686   
      2496:     74880.000000           1          170.3673   
      2497:     74910.000000           1          170.3645   
      2498:     74940.000000           1          170.3616   
      2499:     74970.000000           1          170.3608   
      2500:     75000.000000           1          170.3602   
      2501:     75030.000000           1          170.3575   
      2502:     75060.000000           1          170.3546   
      2503:     75090.000000           1          170.3508   
      2504:     75120.000000           1          170.3463   
      2505:     75150.000000           1          170.3438   
      2506:     75180.000000           1          170.3400   
      2507:     75210.000000           1          170.3380   
      2508:     75240.000000           1          170.3386   
      2509:     75270.000000           1          170.3350   
      2510:     75300.000000           1          170.3282   
      2511:     75330.000000           1          170.3252   
      2512:     75360.000000           1          170.3232   
      2513:     75390.000000           1           12.9731   
      2514:     75420.000000           1          170.3159   
      2515:     75450.000000           1          170.3135   
      2516:     75480.000000           1          170.3108   
      2517:     75510.000000           1          170.3099   
      2518:     75540.000000           1          170.3106   
      2519:     75570.000000           1          170.3075   
      2520:     75600.000000           1          170.3052   
      2521:     75630.000000           1          170.3048   
      2522:     75660.000000           1          170.3038   
      2523:     75690.000000           1          170.3013   
      2524:     75720.000000           1          170.2991   
      2525:     75750.000000           1          170.2959   
      2526:     75780.000000           1          170.2935   
      2527:     75810.000000           1          170.2923   
      2528:     75840.000000           1          170.2906   
      2529:     75870.000000           1          170.2872   
      2530:     75900.000000           1          170.2869   
      2531:     75930.000000           1          170.2832   
      2532:     75960.000000           1          170.2833   
      2533:     75990.000000           1          170.2828   
      2534:     76020.000000           1          170.2785   
      2535:     76050.000000           1          170.2774   
      2536:     76080.000000           1          170.2748   
      2537:     76110.000000           1          170.2735   
      2538:     76140.000000           1          170.2708   
      2539:     76170.000000           1          170.2718   
      2540:     76200.000000           1          170.2696   
      2541:     76230.000000           1          170.2631   
      2542:     76260.000000           1          170.2613   
      2543:     76290.000000           1          170.2584   
      2544:     76320.000000           1          170.2578   
      2545:     76350.000000           1          170.2555   
      2546:     76380.000000           1          170.2534   
      2547:     76410.000000           1          170.2524   
      2548:     76440.000000           1          170.2520   
      2549:     76470.000000           1          170.2485   
      2550:     76500.000000           1          170.2448   
      2551:     76530.000000           1          170.2443   
      2552:     76560.000000           1          170.2444   
      2553:     76590.000000           1          170.2431   
      2554:     76620.000000           1          170.2409   
      2555:     76650.000000           1          170.2390   
      2556:     76680.000000           1          170.2370   
      2557:     76710.000000           1          170.2373   
      2558:     76740.000000           1          170.2360   
      2559:     76770.000000           1          170.2354   
      2560:     76800.000000           1          170.2330   
      2561:     76830.000000           1          170.2300   
      2562:     76860.000000           1          170.2268   
      2563:     76890.000000           1          170.2270   
      2564:     76920.000000           1          170.2235   
      2565:     76950.000000           1          170.2209   
      2566:     76980.000000           1          170.2146   
      2567:     77010.000000           1          170.2102   
      2568:     77040.000000           1          170.2025   
      2569:     77070.000000           1          170.1989   
      2570:     77100.000000           1          170.1960   
      2571:     77130.000000           1          170.1912   
      2572:     77160.000000           1          170.1883   
      2573:     77190.000000           1          170.1832   
      2574:     77220.000000           1          170.1807   
      2575:     77250.000000           1          170.1783   
      2576:     77280.000000           1          170.1756   
      2577:     77310.000000           1          170.1722   
      2578:     77340.000000           1          170.1669   
      2579:     77370.000000           1          170.1615   
      2580:     77400.000000           1          170.1574   
      2581:     77430.000000           1          170.1546   
      2582:     77460.000000           1          170.1508   
      2583:     77490.000000           1          170.1463   
      2584:     77520.000000           1          170.1405   
      2585:     77550.000000           1          170.1393   
      2586:     77580.000000           1          170.1374   
      2587:     77610.000000           1          170.1362   
      2588:     77640.000000           1          170.1354   
      2589:     77670.000000           1          170.1323   
      2590:     77700.000000           1          170.1323   
      2591:     77730.000000           1          170.1319   
      2592:     77760.000000           1          170.1290   
      2593:     77790.000000           1          170.1258   
      2594:     77820.000000           1          170.1244   
      2595:     77850.000000           1          170.1232   
      2596:     77880.000000           1          170.1240   
      2597:     77910.000000           1          170.1217   
      2598:     77940.000000           1          170.1193   
      2599:     77970.000000           1          170.1164   
      2600:     78000.000000           1          170.1142   
      2601:     78030.000000           1          170.1111   
      2602:     78060.000000           1          170.1091   
      2603:     78090.000000           1          170.1060   
      2604:     78120.000000           1          170.1037   
      2605:     78150.000000           1          170.0984   
      2606:     78180.000000           1          170.0936   
      2607:     78210.000000           1          170.0881   
      2608:     78240.000000           1          170.0852   
      2609:     78270.000000           1          170.0831   
      2610:     78300.000000           1          170.0794   
      2611:     78330.000000           1          170.0758   
      2612:     78360.000000           1          170.0731   
      2613:     78390.000000           1          170.0726   
      2614:     78420.000000           1          170.0727   
      2615:     78450.000000           1          170.0730   
      2616:     78480.000000           1          170.0718   
      2617:     78510.000000           1          170.0709   
      2618:     78540.000000           1          170.0700   
      2619:     78570.000000           1          170.0688   
      2620:     78600.000000           1          170.0646   
      2621:     78630.000000           1          170.0608   
      2622:     78660.000000           1          170.0565   
      2623:     78690.000000           1          170.0532   
      2624:     78720.000000           1          170.0477   
      2625:     78750.000000           1          170.0423   
      2626:     78780.000000           1          170.0374   
      2627:     78810.000000           1          170.0326   
      2628:     78840.000000           1          170.0296   
      2629:     78870.000000           1          170.0255   
      2630:     78900.000000           1          170.0215   
      2631:     78930.000000           1          170.0189   
      2632:     78960.000000           1          170.0172   
      2633:     78990.000000           1          170.0164   
      2634:     79020.000000           1          170.0162   
      2635:     79050.000000           1          170.0144   
      2636:     79080.000000           1          170.0134   
      2637:     79110.000000           1          170.0117   
      2638:     79140.000000           1          170.0108   
      2639:     79170.000000           1          170.0080   
      2640:     79200.000000           1          170.0031   
      2641:     79230.000000           1          170.0005   
      2642:     79260.000000           1          169.9960   
      2643:     79290.000000           1          169.9909   
      2644:     79320.000000           1          169.9879   
      2645:     79350.000000           1          169.9841   
      2646:     79380.000000           1          169.9809   
      2647:     79410.000000           1          169.9784   
      2648:     79440.000000           1          169.9754   
      2649:     79470.000000           1          169.9716   
      2650:     79500.000000           1          169.9697   
      2651:     79530.000000           1          169.9668   
      2652:     79560.000000           1          169.9639   
      2653:     79590.000000           1          169.9611   
      2654:     79620.000000           1          169.9543   
      2655:     79650.000000           1          169.9503   
      2656:     79680.000000           1          169.9468   
      2657:     79710.000000           1          169.9412   
      2658:     79740.000000           1          169.9405   
      2659:     79770.000000           1          110.0541   
      2660:     79800.000000           1          110.0262   
      2661:     79830.000000           1         -318.9361   
      2662:     79860.000000           1          109.7311   
      2663:     79890.000000           1          109.8107   
      2664:     79920.000000           1          109.8549   
      2665:     79950.000000           1          109.8672   
      2666:     79980.000000           1          109.8490   
      2667:     80010.000000           1          109.8264   
      2668:     80040.000000           1          109.8235   
      2669:     80070.000000           1          109.7916   
      2670:     80100.000000           1          109.7790   
      2671:     80130.000000           1          109.7565   
      2672:     80160.000000           1          109.7243   
      2673:     80190.000000           1          109.7172   
      2674:     80220.000000           1          109.7030   
      2675:     80250.000000           1          109.7078   
      2676:     80280.000000           1          109.6940   
      2677:     80310.000000           1          109.6772   
      2678:     80340.000000           1          109.6680   
      2679:     80370.000000           1          109.6657   
      2680:     80400.000000           1          109.6557   
      2681:     80430.000000           1          109.6467   
      2682:     80460.000000           1          109.6426   
      2683:     80490.000000           1          109.6409   
      2684:     80520.000000           1          109.6331   
      2685:     80550.000000           1          109.6316   
      2686:     80580.000000           1          109.6187   
      2687:     80610.000000           1          109.6155   
      2688:     80640.000000           1          109.6096   
      2689:     80670.000000           1          109.6133   
      2690:     80700.000000           1          109.6197   
      2691:     80730.000000           1          109.6182   
      2692:     80760.000000           1          109.6076   
      2693:     80790.000000           1          109.6182   
      2694:     80820.000000           1          109.6374   
      2695:     80850.000000           1          109.6335   
      2696:     80880.000000           1          109.6408   
      2697:     80910.000000           1          109.6379   
      2698:     80940.000000           1          169.8009   
      2699:     80970.000000           1          169.7968   
      2700:     81000.000000           1          169.7963   
      2701:     81030.000000           1          169.7941   
      2702:     81060.000000           1          169.7908   
      2703:     81090.000000           1          169.7876   
      2704:     81120.000000           1          169.7837   
      2705:     81150.000000           1          169.7818   
      2706:     81180.000000           1          169.7808   
      2707:     81210.000000           1          169.7798   
      2708:     81240.000000           1          169.7756   
      2709:     81270.000000           1          169.7737   
      2710:     81300.000000           1          169.7737   
      2711:     81330.000000           1          169.7692   
      2712:     81360.000000           1          169.7669   
      2713:     81390.000000           1          169.7641   
      2714:     81420.000000           1          169.7613   
      2715:     81450.000000           1          169.7572   
      2716:     81480.000000           1          169.7544   
      2717:     81510.000000           1          169.7483   
      2718:     81540.000000           1          169.7463   
      2719:     81570.000000           1          169.7439   
      2720:     81600.000000           1          169.7407   
      2721:     81630.000000           1          169.7379   
      2722:     81660.000000           1          169.7354   
      2723:     81690.000000           1          169.7320   
      2724:     81720.000000           1          169.7270   
      2725:     81750.000000           1          169.7220   
      2726:     81780.000000           1          169.7202   
      2727:     81810.000000           1          169.7171   
      2728:     81840.000000           1          169.7137   
      2729:     81870.000000           1          169.7104   
      2730:     81900.000000           1          169.7089   
      2731:     81930.000000           1          169.7055   
      2732:     81960.000000           1          169.7034   
      2733:     81990.000000           1          169.7004   
      2734:     82020.000000           1          169.6951   
      2735:     82050.000000           1          169.6912   
      2736:     82080.000000           1          169.6886   
      2737:     82110.000000           1          169.6871   
      2738:     82140.000000           1          169.6854   
      2739:     82170.000000           1          169.6812   
      2740:     82200.000000           1          169.6782   
      2741:     82230.000000           1          169.6725   
      2742:     82260.000000           1          109.7291   
      2743:     82290.000000           1          109.7315   
      2744:     82320.000000           1          109.7304   
      2745:     82350.000000           1          109.7295   
      2746:     82380.000000           1          109.7310   
      2747:     82410.000000           1          109.7306   
      2748:     82440.000000           1          109.7308   
      2749:     82470.000000           1          109.7284   
      2750:     82500.000000           1          109.7284   
      2751:     82530.000000           1          109.7267   
      2752:     82560.000000           1          109.7182   
      2753:     82590.000000           1          109.7186   
      2754:     82620.000000           1          109.7173   
      2755:     82650.000000           1          109.7163   
      2756:     82680.000000           1          109.7185   
      2757:     82710.000000           1          109.7192   
      2758:     82740.000000           1          109.7209   
      2759:     82770.000000           1          109.7201   
      2760:     82800.000000           1          109.7189   
      2761:     82830.000000           1          109.7161   
      2762:     82860.000000           1          109.7111   
      2763:     82890.000000           1          109.7054   
      2764:     82920.000000           1          109.7021   
      2765:     82950.000000           1          109.6967   
      2766:     82980.000000           1          109.6944   
      2767:     83010.000000           1           12.2775   
      2768:     83040.000000           1           12.2752   
      2769:     83070.000000           1           12.2733   
      2770:     83100.000000           1           12.2682   
      2771:     83130.000000           1           12.2660   
      2772:     83160.000000           1           12.2611   
      2773:     83190.000000           1           12.2590   
      2774:     83220.000000           1          109.6630   
      2775:     83250.000000           1          109.6605   
      2776:     83280.000000           1          109.6584   
      2777:     83310.000000           1          109.6577   
      2778:     83340.000000           1          109.6542   
      2779:     83370.000000           1          109.6530   
      2780:     83400.000000           1          109.6491   
      2781:     83430.000000           1          109.6479   
      2782:     83460.000000           1          109.6441   
      2783:     83490.000000           1          109.6426   
      2784:     83520.000000           1          109.6339   
      2785:     83550.000000           1          109.6319   
      2786:     83580.000000           1          109.6289   
      2787:     83610.000000           1          109.6263   
      2788:     83640.000000           1          109.6223   
      2789:     83670.000000           1          109.6218   
      2790:     83700.000000           1          109.6177   
      2791:     83730.000000           1          109.6158   
      2792:     83760.000000           1          109.6065   
      2793:     83790.000000           1          109.6035   
      2794:     83820.000000           1          109.6019   
      2795:     83850.000000           1          109.6000   
      2796:     83880.000000           1          109.5972   
      2797:     83910.000000           1          109.5939   
      2798:     83940.000000           1          109.5931   
      2799:     83970.000000           1          169.4892   
      2800:     84000.000000           1          169.4830   
      2801:     84030.000000           1          169.4830   
      2802:     84060.000000           1          169.4820   
      2803:     84090.000000           1          169.4820   
      2804:     84120.000000           1          169.4778   
      2805:     84150.000000           1          169.4757   
      2806:     84180.000000           1          169.4748   
      2807:     84210.000000           1          169.4732   
      2808:     84240.000000           1          169.4716   
      2809:     84270.000000           1          169.4693   
      2810:     84300.000000           1          169.4671   
      2811:     84330.000000           1          169.4671   
      2812:     84360.000000           1          169.4653   
      2813:     84390.000000           1          169.4634   
      2814:     84420.000000           1          169.4615   
      2815:     84450.000000           1          169.4576   
      2816:     84480.000000           1          169.4567   
      2817:     84510.000000           1          169.4542   
      2818:     84540.000000           1          169.4499   
      2819:     84570.000000           1          109.5493   
      2820:     84600.000000           1          109.5460   
      2821:     84630.000000           1          169.4410   
      2822:     84660.000000           1          109.5404   
      2823:     84690.000000           1          109.5388   
      2824:     84720.000000           1          109.5372   
      2825:     84750.000000           1          169.4330   
      2826:     84780.000000           1          109.5310   
      2827:     84810.000000           1          109.5271   
      2828:     84840.000000           1          109.5252   
      2829:     84870.000000           1          169.4328   
      2830:     84900.000000           1          109.5205   
      2831:     84930.000000           1          109.5189   
      2832:     84960.000000           1          109.5175   
      2833:     84990.000000           1          109.5137   
      2834:     85020.000000           1          109.5064   
      2835:     85050.000000           1          109.5006   
      2836:     85080.000000           1          109.4976   
      2837:     85110.000000           1          109.4960   
      2838:     85140.000000           1          109.4919   
      2839:     85170.000000           1          109.4886   
      2840:     85200.000000           1          109.4881   
      2841:     85230.000000           1          109.4870   
      2842:     85260.000000           1          109.4852   
      2843:     85290.000000           1          109.4841   
      2844:     85320.000000           1          109.4840   
      2845:     85350.000000           1          109.4827   
      2846:     85380.000000           1          109.4798   
      2847:     85410.000000           1          109.4799   
      2848:     85440.000000           1          109.4785   
      2849:     85470.000000           1          109.4762   
      2850:     85500.000000           1          109.4753   
      2851:     85530.000000           1          109.4758   
      2852:     85560.000000           1          109.4775   
      2853:     85590.000000           1          109.4799   
      2854:     85620.000000           1          109.4801   
      2855:     85650.000000           1          109.4806   
      2856:     85680.000000           1          109.4793   
      2857:     85710.000000           1          109.4796   
      2858:     85740.000000           1          109.4807   
      2859:     85770.000000           1          109.4811   
      2860:     85800.000000           1          109.4799   
      2861:     85830.000000           1          109.4806   
      2862:     85860.000000           1          109.4809   
      2863:     85890.000000           1          109.4812   
      2864:     85920.000000           1          109.4812   
      2865:     85950.000000           1          109.4791   
      2866:     85980.000000           1          109.4778   
      2867:     86010.000000           1          109.4768   
      2868:     86040.000000           1           12.0185   
      2869:     86070.000000           1          109.4690   
      2870:     86100.000000           1          109.4666   
      2871:     86130.000000           1          109.4651   
      2872:     86160.000000           1          109.4637   
      2873:     86190.000000           1          109.4634   
      2874:     86220.000000           1          109.4632   
      2875:     86250.000000           1          169.3294   
      2876:     86280.000000           1          169.3267   
      2877:     86310.000000           1          169.3237   
      2878:     86340.000000           1          169.3231   
      2879:     86370.000000           1          169.3218   
