       629:     18870.000000           1           59.7245   
       630:     18900.000000           1           59.7233   
       631:     18930.000000           1           59.7175   
       632:     18960.000000           1           59.7205   
       633:     18990.000000           1           59.7352   
       634:     19020.000000           1           59.7478   
       635:     19050.000000           1           59.7458   
       636:     19080.000000           1           59.7516   
       637:     19110.000000           1           59.7538   
       638:     19140.000000           1           59.7637   
       639:     19170.000000           1           59.7631   
       640:     19200.000000           1           59.7633   
       641:     19230.000000           1           59.7621   
       642:     19260.000000           1           59.7561   
       643:     19290.000000           1           59.7569   
       644:     19320.000000           1           59.7582   
       645:     19350.000000           1           59.7652   
       646:     19380.000000           1           59.7596   
       647:     19410.000000           1           59.7627   
       648:     19440.000000           1           59.7654   
       649:     19470.000000           1           59.7769   
       650:     19500.000000           1           59.7791   
       651:     19530.000000           1           59.7819   
       652:     19560.000000           1           59.7776   
       653:     19590.000000           1           59.7841   
       654:     19620.000000           1           59.7988   
       655:     19650.000000           1           59.8042   
       656:     19680.000000           1           59.8080   
       657:     19710.000000           1           59.8330   
       658:     19740.000000           1           59.8493   
       659:     19770.000000           1           59.8601   
       660:     19800.000000           1           59.8587   
       661:     19830.000000           1           59.8624   
       662:     19860.000000           1           59.8716   
       663:     19890.000000           1           59.8808   
       664:     19920.000000           1           59.8865   
       665:     19950.000000           1           59.8950   
       666:     19980.000000           1          -37.7871   
       667:     20010.000000           1          -37.7943   
       668:     20040.000000           1          -37.8299   
       669:     20070.000000           1          -37.8234   
       670:     20100.000000           1          -37.8127   
       671:     20130.000000           1          -37.8298   
       672:     20160.000000           1          -37.8378   
       673:     20190.000000           1          -37.8764   
       674:     20220.000000           1          -37.8860   
       675:     20250.000000           1          -37.9045   
       676:     20280.000000           1          -37.9134   
       677:     20310.000000           1          -37.9289   
       678:     20340.000000           1          -37.9398   
       679:     20370.000000           1          -37.9277   
       680:     20400.000000           1          -37.9204   
       681:     20430.000000           1          -37.9503   
       682:     20460.000000           1          -37.9695   
       683:     20490.000000           1          -37.9630   
       684:     20520.000000           1          -37.9663   
       685:     20550.000000           1          -37.9749   
       686:     20580.000000           1          -37.9829   
       687:     20610.000000           1          -37.9957   
       688:     20640.000000           1          -38.0110   
       689:     20670.000000           1          -38.0091   
       690:     20700.000000           1          -38.0265   
       691:     20730.000000           1          -38.0513   
       692:     20760.000000           1          -38.0569   
       693:     20790.000000           1          -38.0860   
       694:     20820.000000           1          -38.1083   
       695:     20850.000000           1          -38.1340   
       696:     20880.000000           1         -439.6564   
       697:     20910.000000           1          -38.7261   
       698:     20940.000000           1          -38.5969   
       699:     20970.000000           1          -38.5220   
       700:     21000.000000           1          -38.5135   
       701:     21030.000000           1          -38.5230   
       702:     21060.000000           1          -38.5287   
       703:     21090.000000           1         -439.6106   
       704:     21120.000000           1          -38.5250   
       705:     21150.000000           1          -38.5281   
       706:     21180.000000           1          -38.5230   
       707:     21210.000000           1          -38.4426   
       708:     21240.000000           1          -38.4173   
       709:     21270.000000           1          -38.4057   
       710:     21300.000000           1          -38.3727   
       711:     21330.000000           1          -38.3626   
       712:     21360.000000           1          -38.3344   
       713:     21390.000000           1          -38.3247   
       714:     21420.000000           1          -38.3022   
       715:     21450.000000           1          -38.2870   
       716:     21480.000000           1          -38.2707   
       717:     21510.000000           1          -38.2375   
       718:     21540.000000           1          -38.2385   
       719:     21570.000000           1          -38.2323   
       720:     21600.000000           1          -38.2230   
       721:     21630.000000           1          -38.2187   
       722:     21660.000000           1          -38.2135   
       723:     21690.000000           1          -38.2169   
       724:     21720.000000           1          -38.2162   
       725:     21750.000000           1          -38.2174   
       726:     21780.000000           1          -38.2158   
       727:     21810.000000           1          -38.2192   
       728:     21840.000000           1          -38.2311   
       729:     21870.000000           1          -38.2316   
       730:     21900.000000           1          -38.2377   
       731:     21930.000000           1          -38.2370   
       732:     21960.000000           1          -38.2469   
       733:     21990.000000           1          -38.2623   
       734:     22020.000000           1          -38.2666   
       735:     22050.000000           1          -38.2842   
       736:     22080.000000           1          -38.2990   
       737:     22110.000000           1          -38.3079   
       738:     22140.000000           1          -38.3185   
       739:     22170.000000           1          -38.3096   
       740:     22200.000000           1          -38.3052   
       741:     22230.000000           1          -38.3000   
       742:     22260.000000           1          -38.2952   
       743:     22290.000000           1          -38.2917   
       744:     22320.000000           1          -38.2873   
       745:     22350.000000           1          -38.2805   
       746:     22380.000000           1          -38.2743   
       747:     22410.000000           1          -38.2649   
       748:     22440.000000           1          -38.2513   
       749:     22470.000000           1          -38.2339   
       750:     22500.000000           1          -38.2202   
       751:     22530.000000           1          -38.2074   
       752:     22560.000000           1          -38.1986   
       753:     22590.000000           1          -38.1826   
       754:     22620.000000           1          -38.1704   
       755:     22650.000000           1          -38.1635   
       756:     22680.000000           1          -38.1579   
       757:     22710.000000           1          -38.1478   
       758:     22740.000000           1          -38.1479   
       759:     22770.000000           1          -38.1453   
       760:     22800.000000           1          -38.1478   
       761:     22830.000000           1          -38.1594   
       762:     22860.000000           1          -38.1740   
       763:     22890.000000           1          -38.1652   
       764:     22920.000000           1          -38.1581   
       765:     22950.000000           1          -38.1523   
       766:     22980.000000           1          -38.1548   
       767:     23010.000000           1          -38.1513   
       768:     23040.000000           1          -38.1413   
       769:     23070.000000           1          -38.1388   
       770:     23100.000000           1          -38.1389   
       771:     23130.000000           1          -38.1366   
       772:     23160.000000           1          -38.1323   
       773:     23190.000000           1          -79.9823   
       774:     23220.000000           1          -38.1091   
       775:     23250.000000           1          -38.0986   
       776:     23280.000000           1          -38.0778   
       777:     23310.000000           1          -38.0538   
       778:     23340.000000           1          -38.0497   
       779:     23370.000000           1          -38.0443   
       780:     23400.000000           1          -38.0375   
       781:     23430.000000           1          -38.0368   
       782:     23460.000000           1          -38.0279   
       783:     23490.000000           1          -38.0140   
       784:     23520.000000           1          -38.0009   
       785:     23550.000000           1          -37.9875   
       786:     23580.000000           1          -37.9757   
       787:     23610.000000           1          -37.9614   
       788:     23640.000000           1          -79.9349   
       789:     23670.000000           1          -79.9333   
       790:     23700.000000           1          -79.9316   
       791:     23730.000000           1          -79.9249   
       792:     23760.000000           1          -79.9237   
       793:     23790.000000           1          -79.9182   
       794:     23820.000000           1          -79.9179   
       795:     23850.000000           1          -79.9224   
       796:     23880.000000           1          -79.9178   
       797:     23910.000000           1          -79.9125   
       798:     23940.000000           1          -79.8902   
       799:     23970.000000           1          -79.8799   
       800:     24000.000000           1          -79.8720   
       801:     24030.000000           1          -79.8648   
       802:     24060.000000           1          -79.8570   
       803:     24090.000000           1          -79.8484   
       804:     24120.000000           1          -79.8471   
       805:     24150.000000           1          -79.8441   
       806:     24180.000000           1          -79.8381   
       807:     24210.000000           1          -79.8233   
       808:     24240.000000           1          -79.8169   
       809:     24270.000000           1          -37.8355   
       810:     24300.000000           1          -79.8094   
       811:     24330.000000           1          -79.8029   
       812:     24360.000000           1          -79.7952   
       813:     24390.000000           1          -79.8061   
       814:     24420.000000           1          -37.8094   
       815:     24450.000000           1          -37.7986   
       816:     24480.000000           1          -37.7875   
       817:     24510.000000           1          -37.7807   
       818:     24540.000000           1          -37.7707   
       819:     24570.000000           1          -37.7641   
       820:     24600.000000           1          -37.7602   
       821:     24630.000000           1          -37.7570   
       822:     24660.000000           1          -37.7469   
       823:     24690.000000           1          -37.7495   
       824:     24720.000000           1          -37.7520   
       825:     24750.000000           1          -37.7487   
       826:     24780.000000           1          -37.7437   
       827:     24810.000000           1          -37.7419   
       828:     24840.000000           1          -37.7272   
       829:     24870.000000           1          -37.7190   
       830:     24900.000000           1          -37.7173   
       831:     24930.000000           1          -79.8126   
       832:     24960.000000           1          -79.8082   
       833:     24990.000000           1          -37.6961   
       834:     25020.000000           1          -79.8010   
       835:     25050.000000           1          -79.7843   
       836:     25080.000000           1          -79.7798   
       837:     25110.000000           1          -79.7701   
       838:     25140.000000           1          -79.7657   
       839:     25170.000000           1          -79.7656   
       840:     25200.000000           1          -79.7598   
       841:     25230.000000           1          -79.7522   
       842:     25260.000000           1          -79.7333   
       843:     25290.000000           1         -438.4008   
       844:     25320.000000           1          -79.6966   
       845:     25350.000000           1          -79.6812   
       846:     25380.000000           1          -79.6730   
       847:     25410.000000           1          -79.6650   
       848:     25440.000000           1          -79.6636   
       849:     25470.000000           1          -79.6626   
       850:     25500.000000           1          -79.6574   
       851:     25530.000000           1          -79.6607   
       852:     25560.000000           1          -79.6571   
       853:     25590.000000           1          -79.6558   
       854:     25620.000000           1          -79.6602   
       855:     25650.000000           1          -79.6507   
       856:     25680.000000           1          -79.6498   
       857:     25710.000000           1          -79.6500   
       858:     25740.000000           1          -79.6584   
       859:     25770.000000           1          -79.6583   
       860:     25800.000000           1          -79.6626   
       861:     25830.000000           1          -79.6554   
       862:     25860.000000           1          -79.6499   
       863:     25890.000000           1          -79.6392   
       864:     25920.000000           1          -37.4232   
       865:     25950.000000           1          -37.4225   
       866:     25980.000000           1          -37.4114   
       867:     26010.000000           1          -37.4017   
       868:     26040.000000           1          -37.4069   
       869:     26070.000000           1          -37.3997   
       870:     26100.000000           1          -37.3964   
       871:     26130.000000           1          -37.3920   
       872:     26160.000000           1          -37.3899   
       873:     26190.000000           1          -37.3835   
       874:     26220.000000           1          -37.3803   
       875:     26250.000000           1          -37.3789   
       876:     26280.000000           1          -37.3737   
       877:     26310.000000           1          -37.3684   
       878:     26340.000000           1          -37.3639   
       879:     26370.000000           1          -37.3547   
       880:     26400.000000           1          -37.3485   
       881:     26430.000000           1          -37.3355   
       882:     26460.000000           1          -37.3193   
       883:     26490.000000           1          -37.3109   
       884:     26520.000000           1          -37.3023   
       885:     26550.000000           1          -37.2966   
       886:     26580.000000           1          -37.2962   
       887:     26610.000000           1          -37.2847   
       888:     26640.000000           1          -37.2642   
       889:     26670.000000           1          -37.2605   
       890:     26700.000000           1          -37.2609   
       891:     26730.000000           1          -37.2541   
       892:     26760.000000           1          -37.2433   
       893:     26790.000000           1          -37.2316   
       894:     26820.000000           1          -37.2173   
       895:     26850.000000           1          -37.2156   
       896:     26880.000000           1          -37.2025   
       897:     26910.000000           1          -37.1883   
       898:     26940.000000           1          -37.1837   
       899:     26970.000000           1          -37.1725   
       900:     27000.000000           1          -37.1648   
       901:     27030.000000           1          -37.1589   
       902:     27060.000000           1          -37.1607   
       903:     27090.000000           1          -37.1569   
       904:     27120.000000           1          -37.1461   
       905:     27150.000000           1          -37.1284   
       906:     27180.000000           1          -37.1116   
       907:     27210.000000           1          -37.0962   
       908:     27240.000000           1          -37.0894   
       909:     27270.000000           1          -37.0902   
       910:     27300.000000           1          -37.0905   
       911:     27330.000000           1          -37.0925   
       912:     27360.000000           1          -37.0937   
       913:     27390.000000           1          -37.0865   
       914:     27420.000000           1          -37.0775   
       915:     27450.000000           1          -37.0682   
       916:     27480.000000           1          -37.0581   
       917:     27510.000000           1          -37.0551   
       918:     27540.000000           1          -37.0441   
       919:     27570.000000           1          -37.0306   
       920:     27600.000000           1          -37.0219   
       921:     27630.000000           1          -37.0167   
       922:     27660.000000           1          -37.0115   
       923:     27690.000000           1          -36.9997   
       924:     27720.000000           1          -36.9885   
       925:     27750.000000           1          -36.9733   
       926:     27780.000000           1          -36.9616   
       927:     27810.000000           1          -36.9575   
       928:     27840.000000           1          -36.9478   
       929:     27870.000000           1          -36.9415   
       930:     27900.000000           1          -36.9336   
       931:     27930.000000           1          -36.9150   
       932:     27960.000000           1          -36.8999   
       933:     27990.000000           1          -36.9001   
       934:     28020.000000           1          -79.1297   
       935:     28050.000000           1          -79.1255   
       936:     28080.000000           1          -79.1226   
       937:     28110.000000           1          -79.1189   
       938:     28140.000000           1          -79.1060   
       939:     28170.000000           1          -79.0907   
       940:     28200.000000           1          -79.0757   
       941:     28230.000000           1          -79.0545   
       942:     28260.000000           1         -437.5812   
       943:     28290.000000           1          -79.0478   
       944:     28320.000000           1         -437.5642   
       945:     28350.000000           1         -437.5570   
       946:     28380.000000           1         -437.5496   
       947:     28410.000000           1         -437.5490   
       948:     28440.000000           1         -437.5416   
       949:     28470.000000           1         -437.5328   
       950:     28500.000000           1         -437.5248   
       951:     28530.000000           1         -437.5023   
       952:     28560.000000           1         -437.5010   
       953:     28590.000000           1         -437.4867   
       954:     28620.000000           1         -437.4871   
       955:     28650.000000           1         -437.4774   
       956:     28680.000000           1         -437.4754   
       957:     28710.000000           1         -437.4697   
       958:     28740.000000           1         -437.4654   
       959:     28770.000000           1         -437.4586   
       960:     28800.000000           1         -437.4486   
       961:     28830.000000           1         -437.4420   
       962:     28860.000000           1         -437.4328   
       963:     28890.000000           1         -437.4193   
       964:     28920.000000           1         -437.4096   
       965:     28950.000000           1          -78.8609   
       966:     28980.000000           1          -78.8597   
       967:     29010.000000           1          -78.8491   
       968:     29040.000000           1          -78.8405   
       969:     29070.000000           1          -36.5850   
       970:     29100.000000           1          -36.5801   
       971:     29130.000000           1          -36.5647   
       972:     29160.000000           1          -36.5588   
       973:     29190.000000           1          -36.5541   
       974:     29220.000000           1          -36.5502   
       975:     29250.000000           1          -36.5423   
       976:     29280.000000           1          -36.5342   
       977:     29310.000000           1          -36.5223   
       978:     29340.000000           1          -36.5143   
       979:     29370.000000           1          -36.5034   
       980:     29400.000000           1          -36.5056   
       981:     29430.000000           1          -36.4954   
       982:     29460.000000           1          -36.4895   
       983:     29490.000000           1          -36.4869   
       984:     29520.000000           1          -36.4803   
       985:     29550.000000           1          -36.4739   
       986:     29580.000000           1          -36.4711   
       987:     29610.000000           1          -36.4628   
       988:     29640.000000           1          -36.4597   
       989:     29670.000000           1          -36.4554   
       990:     29700.000000           1          -36.4441   
       991:     29730.000000           1          -36.4356   
       992:     29760.000000           1          -36.4210   
       993:     29790.000000           1          -36.4131   
       994:     29820.000000           1          -36.4121   
       995:     29850.000000           1          -36.4094   
       996:     29880.000000           1          -36.4103   
       997:     29910.000000           1          -36.4069   
       998:     29940.000000           1          -36.4075   
       999:     29970.000000           1          -36.4008   
      1000:     30000.000000           1          -36.3991   
      1001:     30030.000000           1          -36.3914   
      1002:     30060.000000           1          -36.3916   
      1003:     30090.000000           1          -36.3836   
      1004:     30120.000000           1          -36.3827   
      1005:     30150.000000           1          -36.3791   
      1006:     30180.000000           1          -36.3873   
      1007:     30210.000000           1          -36.3886   
      1008:     30240.000000           1          -36.3823   
      1009:     30270.000000           1          -36.3761   
      1010:     30300.000000           1          -36.3738   
      1011:     30330.000000           1          -36.3668   
      1012:     30360.000000           1          -36.3650   
      1013:     30390.000000           1          -36.3583   
      1014:     30420.000000           1          -36.3467   
      1015:     30450.000000           1          -36.3434   
      1016:     30480.000000           1          -36.3322   
      1017:     30510.000000           1          -36.3250   
      1018:     30540.000000           1          -36.3124   
      1019:     30570.000000           1          -36.3082   
      1020:     30600.000000           1          -36.3063   
      1021:     30630.000000           1          -36.2969   
      1022:     30660.000000           1          -36.2916   
      1023:     30690.000000           1          -36.2870   
      1024:     30720.000000           1          -36.2757   
      1025:     30750.000000           1          -36.2671   
      1026:     30780.000000           1          -36.2555   
      1027:     30810.000000           1          -36.2426   
      1028:     30840.000000           1          -36.2400   
      1029:     30870.000000           1          -36.2321   
      1030:     30900.000000           1          -36.2194   
      1031:     30930.000000           1          -36.2096   
      1032:     30960.000000           1          -36.2020   
      1033:     30990.000000           1          -36.2074   
      1034:     31020.000000           1          -36.2066   
      1035:     31050.000000           1          -36.2070   
      1036:     31080.000000           1          -36.1988   
      1037:     31110.000000           1          -36.1866   
      1038:     31140.000000           1          -36.1837   
      1039:     31170.000000           1          -36.1858   
      1040:     31200.000000           1          -36.1805   
      1041:     31230.000000           1          -36.1732   
      1042:     31260.000000           1          -36.1614   
      1043:     31290.000000           1          -36.1540   
      1044:     31320.000000           1          -36.1473   
      1045:     31350.000000           1          -36.1455   
      1046:     31380.000000           1          -36.1480   
      1047:     31410.000000           1          -36.1423   
      1048:     31440.000000           1          -36.1368   
      1049:     31470.000000           1          -36.1328   
      1050:     31500.000000           1          -36.1322   
      1051:     31530.000000           1          -36.1282   
      1052:     31560.000000           1          -36.1204   
      1053:     31590.000000           1          -36.1061   
      1054:     31620.000000           1          -36.0962   
      1055:     31650.000000           1          -36.0857   
      1056:     31680.000000           1          -36.0816   
      1057:     31710.000000           1          -36.0778   
      1058:     31740.000000           1          -36.0695   
      1059:     31770.000000           1          -36.0642   
      1060:     31800.000000           1          -36.0556   
      1061:     31830.000000           1          -36.0464   
      1062:     31860.000000           1          -36.0359   
      1063:     31890.000000           1          -36.0285   
      1064:     31920.000000           1          -36.0246   
      1065:     31950.000000           1          -36.0215   
      1066:     31980.000000           1          -36.0154   
      1067:     32010.000000           1          -36.0175   
      1068:     32040.000000           1          -36.0198   
      1069:     32070.000000           1          -36.0230   
      1070:     32100.000000           1          -36.0208   
      1071:     32130.000000           1          -36.0126   
      1072:     32160.000000           1          -36.0075   
      1073:     32190.000000           1          -35.9980   
      1074:     32220.000000           1          -35.9963   
      1075:     32250.000000           1          -35.9907   
      1076:     32280.000000           1          -35.9826   
      1077:     32310.000000           1          -35.9804   
      1078:     32340.000000           1          -35.9658   
      1079:     32370.000000           1          -35.9596   
      1080:     32400.000000           1          -35.9562   
      1081:     32430.000000           1          -35.9647   
      1082:     32460.000000           1          -35.9591   
      1083:     32490.000000           1          -35.9564   
      1084:     32520.000000           1          -35.9509   
      1085:     32550.000000           1          -35.9454   
      1086:     32580.000000           1          -35.9374   
      1087:     32610.000000           1          -35.9364   
      1088:     32640.000000           1          -35.9302   
      1089:     32670.000000           1          -35.9251   
      1090:     32700.000000           1          -35.9153   
      1091:     32730.000000           1          -35.9123   
      1092:     32760.000000           1          -35.9001   
      1093:     32790.000000           1          -35.9019   
      1094:     32820.000000           1          -35.9045   
      1095:     32850.000000           1          -35.9031   
      1096:     32880.000000           1          -35.8946   
      1097:     32910.000000           1          -35.8964   
      1098:     32940.000000           1          -35.8795   
      1099:     32970.000000           1          -35.8757   
      1100:     33000.000000           1          -35.8683   
      1101:     33030.000000           1          -35.8557   
      1102:     33060.000000           1          -35.8535   
      1103:     33090.000000           1          -35.8474   
      1104:     33120.000000           1          -35.8457   
      1105:     33150.000000           1          -35.8416   
      1106:     33180.000000           1          -35.8342   
      1107:     33210.000000           1          -35.8286   
      1108:     33240.000000           1          -35.8222   
      1109:     33270.000000           1          -35.8140   
      1110:     33300.000000           1          -35.8066   
      1111:     33330.000000           1          -35.7916   
      1112:     33360.000000           1          -35.7861   
      1113:     33390.000000           1          -35.7782   
      1114:     33420.000000           1          -35.7665   
      1115:     33450.000000           1          -35.7566   
      1116:     33480.000000           1          -35.7448   
      1117:     33510.000000           1          -35.7326   
      1118:     33540.000000           1          -35.7256   
      1119:     33570.000000           1          -35.7152   
      1120:     33600.000000           1          -35.7066   
      1121:     33630.000000           1          -35.6991   
      1122:     33660.000000           1          -35.6995   
      1123:     33690.000000           1          -35.7042   
      1124:     33720.000000           1          -35.6970   
      1125:     33750.000000           1          -35.6900   
      1126:     33780.000000           1          -35.6808   
      1127:     33810.000000           1          -35.6748   
      1128:     33840.000000           1          -35.6767   
      1129:     33870.000000           1          -35.6624   
      1130:     33900.000000           1          -35.6611   
      1131:     33930.000000           1          -35.6588   
      1132:     33960.000000           1          -77.9050   
      1133:     33990.000000           1          -77.8989   
      1134:     34020.000000           1          -77.8770   
      1135:     34050.000000           1          -77.8630   
      1136:     34080.000000           1          -77.8490   
      1137:     34110.000000           1          -77.8455   
      1138:     34140.000000           1          -77.8427   
      1139:     34170.000000           1          -77.8273   
      1140:     34200.000000           1          -77.8191   
      1141:     34230.000000           1          -77.8206   
      1142:     34260.000000           1          -77.8193   
      1143:     34290.000000           1          -77.8198   
      1144:     34320.000000           1          -77.8114   
      1145:     34350.000000           1          -77.8031   
      1146:     34380.000000           1          -77.7961   
      1147:     34410.000000           1          -77.7970   
      1148:     34440.000000           1          -77.7945   
      1149:     34470.000000           1          -77.7870   
      1150:     34500.000000           1          -77.7713   
      1151:     34530.000000           1          -77.7688   
      1152:     34560.000000           1          -77.7564   
      1153:     34590.000000           1          -77.7416   
      1154:     34620.000000           1          -77.7371   
      1155:     34650.000000           1          -77.7352   
      1156:     34680.000000           1          -77.7299   
      1157:     34710.000000           1          -77.7260   
      1158:     34740.000000           1          -77.7252   
      1159:     34770.000000           1          -77.7236   
      1160:     34800.000000           1          -77.7191   
      1161:     34830.000000           1          -77.7134   
      1162:     34860.000000           1          -77.7102   
      1163:     34890.000000           1          -77.7029   
      1164:     34920.000000           1          -77.6979   
      1165:     34950.000000           1          -35.4192   
      1166:     34980.000000           1          -35.4111   
      1167:     35010.000000           1          -35.4079   
      1168:     35040.000000           1          -35.4045   
      1169:     35070.000000           1          -35.4022   
      1170:     35100.000000           1          -77.6686   
      1171:     35130.000000           1          -35.3816   
      1172:     35160.000000           1          -77.6349   
      1173:     35190.000000           1          -35.3608   
      1174:     35220.000000           1          -35.3535   
      1175:     35250.000000           1          -77.6127   
      1176:     35280.000000           1          -77.6058   
      1177:     35310.000000           1          -77.5960   
      1178:     35340.000000           1          -77.5930   
      1179:     35370.000000           1          -77.5864   
      1180:     35400.000000           1          -77.5757   
      1181:     35430.000000           1          -77.5714   
      1182:     35460.000000           1          -77.5635   
      1183:     35490.000000           1          -77.5555   
      1184:     35520.000000           1          -77.5458   
      1185:     35550.000000           1          -77.5374   
      1186:     35580.000000           1          -77.5300   
      1187:     35610.000000           1          -77.5232   
      1188:     35640.000000           1          -77.5151   
      1189:     35670.000000           1          -77.5077   
      1190:     35700.000000           1          -77.5052   
      1191:     35730.000000           1          -77.4984   
      1192:     35760.000000           1          -77.4912   
      1193:     35790.000000           1          -77.4834   
      1194:     35820.000000           1          -77.4725   
      1195:     35850.000000           1          -77.4592   
      1196:     35880.000000           1          -77.4470   
      1197:     35910.000000           1          -77.4364   
      1198:     35940.000000           1          -77.4242   
      1199:     35970.000000           1          -77.4189   
      1200:     36000.000000           1          -77.4069   
      1201:     36030.000000           1          -35.1371   
      1202:     36060.000000           1          -77.4012   
      1203:     36090.000000           1          -77.4037   
      1204:     36120.000000           1          -77.4033   
      1205:     36150.000000           1          -35.1265   
      1206:     36180.000000           1          -35.1279   
      1207:     36210.000000           1          -35.1320   
      1208:     36240.000000           1          -35.1253   
      1209:     36270.000000           1          -35.1359   
      1210:     36300.000000           1          -35.1273   
      1211:     36330.000000           1          -35.1250   
      1212:     36360.000000           1          -35.1272   
      1213:     36390.000000           1          -35.1234   
      1214:     36420.000000           1          -35.1167   
      1215:     36450.000000           1          -35.1122   
      1216:     36480.000000           1          -77.3774   
      1217:     36510.000000           1          -77.3724   
      1218:     36540.000000           1          -35.1024   
      1219:     36570.000000           1          -77.3688   
      1220:     36600.000000           1          -77.3624   
      1221:     36630.000000           1          -77.3548   
      1222:     36660.000000           1          -77.3544   
      1223:     36690.000000           1          -77.3430   
      1224:     36720.000000           1          -77.3425   
      1225:     36750.000000           1          -77.3360   
      1226:     36780.000000           1          -77.3305   
      1227:     36810.000000           1          -77.3266   
      1228:     36840.000000           1          -77.3248   
      1229:     36870.000000           1          -77.3205   
      1230:     36900.000000           1          -77.3131   
      1231:     36930.000000           1          -77.3126   
      1232:     36960.000000           1          -77.3108   
      1233:     36990.000000           1          -77.3061   
      1234:     37020.000000           1          -77.3015   
      1235:     37050.000000           1          -77.3002   
      1236:     37080.000000           1          -77.2975   
      1237:     37110.000000           1          -77.2921   
      1238:     37140.000000           1          -77.2916   
      1239:     37170.000000           1          -77.2917   
      1240:     37200.000000           1          -77.2975   
      1241:     37230.000000           1          -77.2982   
      1242:     37260.000000           1          -77.2949   
      1243:     37290.000000           1          -77.2871   
      1244:     37320.000000           1          -77.2853   
      1245:     37350.000000           1          -77.2756   
      1246:     37380.000000           1          -77.2697   
      1247:     37410.000000           1          -77.2616   
      1248:     37440.000000           1          -77.2614   
      1249:     37470.000000           1          -77.2534   
      1250:     37500.000000           1          -77.2441   
      1251:     37530.000000           1          -77.2397   
      1252:     37560.000000           1          -77.2409   
      1253:     37590.000000           1          -77.2336   
      1254:     37620.000000           1          -77.2296   
      1255:     37650.000000           1          -77.2250   
      1256:     37680.000000           1          -34.9547   
      1257:     37710.000000           1          -34.9535   
      1258:     37740.000000           1          -77.2064   
      1259:     37770.000000           1          -34.9271   
      1260:     37800.000000           1          -34.9184   
      1261:     37830.000000           1          -34.9130   
      1262:     37860.000000           1          -34.9081   
      1263:     37890.000000           1          -34.9024   
      1264:     37920.000000           1          -77.1600   
      1265:     37950.000000           1          -34.8800   
      1266:     37980.000000           1          -34.8749   
      1267:     38010.000000           1          -34.8742   
      1268:     38040.000000           1          -34.8681   
      1269:     38070.000000           1          -34.8666   
      1270:     38100.000000           1          -34.8562   
      1271:     38130.000000           1          -34.8518   
      1272:     38160.000000           1          -34.8554   
      1273:     38190.000000           1          -34.8488   
      1274:     38220.000000           1          -34.8489   
      1275:     38250.000000           1          -34.8483   
      1276:     38280.000000           1          -34.8444   
      1277:     38310.000000           1          -34.8373   
      1278:     38340.000000           1          -34.8348   
      1279:     38370.000000           1          -34.8328   
      1280:     38400.000000           1          -34.8388   
      1281:     38430.000000           1          -34.8369   
      1282:     38460.000000           1          -34.8377   
      1283:     38490.000000           1          -34.8367   
      1284:     38520.000000           1          -34.8335   
      1285:     38550.000000           1          -34.8230   
      1286:     38580.000000           1          -34.8195   
      1287:     38610.000000           1          -34.8191   
      1288:     38640.000000           1          -34.8137   
      1289:     38670.000000           1          -34.8146   
      1290:     38700.000000           1          -34.8148   
      1291:     38730.000000           1          -34.8072   
      1292:     38760.000000           1          -34.8034   
      1293:     38790.000000           1          -34.8029   
      1294:     38820.000000           1          -34.8088   
      1295:     38850.000000           1          -34.8033   
      1296:     38880.000000           1          -34.7969   
      1297:     38910.000000           1          -34.7939   
      1298:     38940.000000           1          -34.7911   
      1299:     38970.000000           1          -34.7866   
      1300:     39000.000000           1          -34.7828   
      1301:     39030.000000           1          -34.7821   
      1302:     39060.000000           1          -34.7774   
      1303:     39090.000000           1          -34.7749   
      1304:     39120.000000           1          -34.7620   
      1305:     39150.000000           1          -34.7594   
      1306:     39180.000000           1          -34.7616   
      1307:     39210.000000           1          -34.7619   
      1308:     39240.000000           1          -34.7564   
      1309:     39270.000000           1          -34.7588   
      1310:     39300.000000           1          -34.7584   
      1311:     39330.000000           1          -34.7564   
      1312:     39360.000000           1          -34.7533   
      1313:     39390.000000           1          -34.7538   
      1314:     39420.000000           1          -34.7536   
      1315:     39450.000000           1          -34.7514   
      1316:     39480.000000           1          -34.7519   
      1317:     39510.000000           1          -34.7453   
      1318:     39540.000000           1          -34.7447   
      1319:     39570.000000           1          -34.7391   
      1320:     39600.000000           1          -34.7371   
      1321:     39630.000000           1          -34.7303   
      1322:     39660.000000           1          -34.7284   
      1323:     39690.000000           1          -34.7272   
      1324:     39720.000000           1          -34.7283   
      1325:     39750.000000           1          -34.7258   
      1326:     39780.000000           1          -34.7233   
      1327:     39810.000000           1          -34.7182   
      1328:     39840.000000           1          -34.7140   
      1329:     39870.000000           1          -34.7124   
      1330:     39900.000000           1          -34.7111   
      1331:     39930.000000           1          -34.7078   
      1332:     39960.000000           1          -34.7035   
      1333:     39990.000000           1          -34.7064   
      1334:     40020.000000           1          -34.7109   
      1335:     40050.000000           1          -34.7063   
      1336:     40080.000000           1          -34.7053   
      1337:     40110.000000           1          -34.6977   
      1338:     40140.000000           1          -34.7005   
      1339:     40170.000000           1          -34.7001   
      1340:     40200.000000           1          -34.6968   
      1341:     40230.000000           1          -34.6930   
      1342:     40260.000000           1          -34.6876   
      1343:     40290.000000           1          -34.6868   
      1344:     40320.000000           1          -34.6819   
      1345:     40350.000000           1          -34.6800   
      1346:     40380.000000           1          -34.6777   
      1347:     40410.000000           1          -34.6712   
      1348:     40440.000000           1          -34.6721   
      1349:     40470.000000           1          -34.6685   
      1350:     40500.000000           1          -34.6640   
      1351:     40530.000000           1          -34.6588   
      1352:     40560.000000           1          -34.6545   
      1353:     40590.000000           1          -34.6538   
      1354:     40620.000000           1          -34.6498   
      1355:     40650.000000           1          -34.6447   
      1356:     40680.000000           1          -34.6411   
      1357:     40710.000000           1          -34.6351   
      1358:     40740.000000           1          -34.6322   
      1359:     40770.000000           1          -34.6349   
      1360:     40800.000000           1          -34.6283   
      1361:     40830.000000           1          -34.6285   
      1362:     40860.000000           1          -34.6276   
      1363:     40890.000000           1          -34.6250   
      1364:     40920.000000           1          -34.6233   
      1365:     40950.000000           1          -34.6201   
      1366:     40980.000000           1          -34.6178   
      1367:     41010.000000           1          -34.6127   
      1368:     41040.000000           1          -34.6102   
      1369:     41070.000000           1          -34.6076   
      1370:     41100.000000           1          -34.6060   
      1371:     41130.000000           1          -34.6012   
      1372:     41160.000000           1          -34.5994   
      1373:     41190.000000           1          -34.5960   
      1374:     41220.000000           1          -34.5989   
      1375:     41250.000000           1          -34.5994   
      1376:     41280.000000           1          -34.6002   
      1377:     41310.000000           1          -34.5922   
      1378:     41340.000000           1          -34.5930   
      1379:     41370.000000           1          -34.5967   
      1380:     41400.000000           1          -34.5987   
      1381:     41430.000000           1          -34.5964   
      1382:     41460.000000           1          -34.5949   
      1383:     41490.000000           1          -34.5889   
      1384:     41520.000000           1          -34.5888   
      1385:     41550.000000           1          -34.5883   
      1386:     41580.000000           1          -34.5895   
      1387:     41610.000000           1          -34.5900   
      1388:     41640.000000           1          -34.5895   
      1389:     41670.000000           1          -34.5882   
      1390:     41700.000000           1          -34.5864   
      1391:     41730.000000           1          -34.5916   
      1392:     41760.000000           1          -34.5954   
      1393:     41790.000000           1          -34.5982   
      1394:     41820.000000           1          -34.5965   
      1395:     41850.000000           1          -34.6000   
      1396:     41880.000000           1          -34.6012   
      1397:     41910.000000           1          -34.5990   
      1398:     41940.000000           1          -34.5971   
      1399:     41970.000000           1          -34.5996   
      1400:     42000.000000           1          -34.5979   
      1401:     42030.000000           1          -34.5957   
      1402:     42060.000000           1          -34.5957   
      1403:     42090.000000           1          -34.5965   
      1404:     42120.000000           1          -34.5976   
      1405:     42150.000000           1          -34.6022   
      1406:     42180.000000           1          -34.6032   
      1407:     42210.000000           1          -34.6044   
      1408:     42240.000000           1          -34.6053   
      1409:     42270.000000           1          -34.6105   
      1410:     42300.000000           1          -34.6124   
      1411:     42330.000000           1          -34.6105   
      1412:     42360.000000           1          -34.6127   
      1413:     42390.000000           1          -34.6203   
      1414:     42420.000000           1          -34.6221   
      1415:     42450.000000           1          -34.6244   
      1416:     42480.000000           1          -34.6264   
      1417:     42510.000000           1          -34.6292   
      1418:     42540.000000           1          -34.6276   
      1419:     42570.000000           1          -34.6263   
      1420:     42600.000000           1          -34.6258   
      1421:     42630.000000           1          -34.6221   
      1422:     42660.000000           1          -34.6170   
      1423:     42690.000000           1          -34.6150   
      1424:     42720.000000           1          -34.6165   
      1425:     42750.000000           1          -34.6110   
      1426:     42780.000000           1          -34.6016   
      1427:     42810.000000           1          -34.5979   
      1428:     42840.000000           1          -34.5966   
      1429:     42870.000000           1          -34.5966   
      1430:     42900.000000           1          -34.5966   
      1431:     42930.000000           1          -34.5933   
      1432:     42960.000000           1          -34.5939   
      1433:     42990.000000           1          -34.5953   
      1434:     43020.000000           1          -34.5927   
      1435:     43050.000000           1          -34.5942   
      1436:     43080.000000           1          -34.5938   
      1437:     43110.000000           1          -34.5911   
      1438:     43140.000000           1          -34.5859   
      1439:     43170.000000           1          -34.5811   
      1440:     43200.000000           1          -34.5764   
      1441:     43230.000000           1          -34.5712   
      1442:     43260.000000           1          -34.5700   
      1443:     43290.000000           1          -34.5668   
      1444:     43320.000000           1          -34.5672   
      1445:     43350.000000           1           42.8508   
      1446:     43380.000000           1           42.8634   
      1447:     43410.000000           1           42.8765   
      1448:     43440.000000           1           42.8764   
      1449:     43470.000000           1           42.8630   
      1450:     43500.000000           1           42.8488   
      1451:     43530.000000           1           42.8443   
      1452:     43560.000000           1           42.8412   
      1453:     43590.000000           1           42.8422   
      1454:     43620.000000           1           42.8412   
      1455:     43650.000000           1           42.8421   
      1456:     43680.000000           1           42.8316   
      1457:     43710.000000           1           42.8424   
      1458:     43740.000000           1           42.8130   
      1459:     43770.000000           1           42.7889   
      1460:     43800.000000           1           42.7913   
      1461:     43830.000000           1           42.7840   
      1462:     43860.000000           1           42.7773   
      1463:     43890.000000           1           42.7742   
      1464:     43920.000000           1           42.7791   
      1465:     43950.000000           1           42.7866   
      1466:     43980.000000           1           42.7911   
      1467:     44010.000000           1           42.7930   
      1468:     44040.000000           1           42.7949   
      1469:     44070.000000           1           42.7988   
      1470:     44100.000000           1           42.8221   
      1471:     44130.000000           1           42.8428   
