      1194:     35820.000000           1         -305.0016   
      1195:     35850.000000           1         -304.9884   
      1196:     35880.000000           1         -304.9763   
      1198:     35940.000000           1         -304.9543   
      1199:     35970.000000           1         -304.9493   
      1200:     36000.000000           1         -304.9377   
      1202:     36060.000000           1         -304.9321   
      1205:     36150.000000           1         -336.8045   
      1206:     36180.000000           1         -336.8057   
      1207:     36210.000000           1         -336.8096   
      1208:     36240.000000           1         -304.9219   
      1209:     36270.000000           1         -336.8130   
      1210:     36300.000000           1         -336.8045   
      1211:     36330.000000           1         -336.8023   
      1212:     36360.000000           1         -336.8045   
      1213:     36390.000000           1         -336.8006   
      1214:     36420.000000           1         -336.7939   
      1215:     36450.000000           1         -336.7894   
      1216:     36480.000000           1         -304.9066   
      1217:     36510.000000           1         -304.9016   
      1218:     36540.000000           1         -336.7795   
      1252:     37560.000000           1         -304.7669   
      1254:     37620.000000           1         -304.7551   
      1255:     37650.000000           1         -304.7504   
      1256:     37680.000000           1         -336.6302   
      1257:     37710.000000           1         -336.6288   
      1258:     37740.000000           1         -304.7313   
      1259:     37770.000000           1         -336.6024   
      1260:     37800.000000           1         -336.5936   
      1261:     37830.000000           1         -336.5880   
      1262:     37860.000000           1         -336.5831   
      1263:     37890.000000           1         -336.5772   
      1264:     37920.000000           1         -304.6830   
      1265:     37950.000000           1         -336.5544   
      1266:     37980.000000           1         -336.5492   
      1267:     38010.000000           1         -336.5483   
      1268:     38040.000000           1         -336.5422   
      1269:     38070.000000           1         -336.5406   
      1270:     38100.000000           1         -336.5302   
      1271:     38130.000000           1         -336.5258   
      1272:     38160.000000           1         -336.5292   
      1273:     38190.000000           1         -336.5227   
      1274:     38220.000000           1         -336.5228   
      1275:     38250.000000           1         -336.5221   
      1276:     38280.000000           1         -336.5182   
      1277:     38310.000000           1         -336.5112   
      1278:     38340.000000           1         -336.5086   
      1279:     38370.000000           1         -336.5065   
      1280:     38400.000000           1         -336.5124   
      1281:     38430.000000           1         -336.5103   
      1282:     38460.000000           1         -336.5110   
      1283:     38490.000000           1         -336.5098   
      1284:     38520.000000           1         -336.5065   
      1285:     38550.000000           1         -336.4959   
      1286:     38580.000000           1         -336.4923   
      1287:     38610.000000           1         -336.4918   
      1288:     38640.000000           1         -336.4862   
      1289:     38670.000000           1         -336.4869   
      1290:     38700.000000           1         -336.4870   
      1291:     38730.000000           1         -336.4793   
      1292:     38760.000000           1         -336.4754   
      1293:     38790.000000           1         -336.4747   
      1294:     38820.000000           1         -336.4804   
      1295:     38850.000000           1         -336.4748   
      1296:     38880.000000           1         -336.4684   
      1297:     38910.000000           1         -336.4654   
      1298:     38940.000000           1         -336.4626   
      1299:     38970.000000           1         -336.4582   
      1300:     39000.000000           1         -336.4544   
      1301:     39030.000000           1         -336.4537   
      1302:     39060.000000           1         -336.4490   
      1303:     39090.000000           1         -336.4465   
      1304:     39120.000000           1         -336.4337   
      1305:     39150.000000           1         -336.4312   
      1306:     39180.000000           1         -336.4332   
      1307:     39210.000000           1         -336.4334   
      1308:     39240.000000           1         -336.4280   
      1309:     39270.000000           1         -336.4301   
      1310:     39300.000000           1         -336.4298   
      1311:     39330.000000           1         -336.4278   
      1312:     39360.000000           1         -336.4247   
      1313:     39390.000000           1         -336.4251   
      1314:     39420.000000           1         -336.4248   
      1315:     39450.000000           1         -336.4225   
      1316:     39480.000000           1         -336.4229   
      1317:     39510.000000           1         -336.4162   
      1318:     39540.000000           1         -336.4156   
      1319:     39570.000000           1         -336.4099   
      1320:     39600.000000           1         -336.4079   
      1321:     39630.000000           1         -336.4011   
      1322:     39660.000000           1         -336.3992   
      1323:     39690.000000           1         -336.3980   
      1324:     39720.000000           1         -336.3989   
      1325:     39750.000000           1         -336.3962   
      1326:     39780.000000           1         -336.3937   
      1327:     39810.000000           1         -336.3886   
      1328:     39840.000000           1         -336.3844   
      1329:     39870.000000           1         -336.3827   
      1330:     39900.000000           1         -336.3813   
      1331:     39930.000000           1         -336.3781   
      1332:     39960.000000           1         -336.3738   
      1333:     39990.000000           1         -336.3765   
      1334:     40020.000000           1         -336.3809   
      1335:     40050.000000           1         -336.3762   
      1336:     40080.000000           1         -336.3752   
      1337:     40110.000000           1         -336.3676   
      1338:     40140.000000           1         -336.3702   
      1339:     40170.000000           1         -336.3698   
      1340:     40200.000000           1         -336.3665   
      1341:     40230.000000           1         -336.3627   
      1342:     40260.000000           1         -336.3573   
      1343:     40290.000000           1         -336.3565   
      1344:     40320.000000           1         -336.3517   
      1345:     40350.000000           1         -336.3497   
      1346:     40380.000000           1         -336.3474   
      1347:     40410.000000           1         -336.3410   
      1348:     40440.000000           1         -336.3419   
      1349:     40470.000000           1         -336.3383   
      1350:     40500.000000           1         -336.3338   
      1351:     40530.000000           1         -336.3287   
      1352:     40560.000000           1         -336.3243   
      1353:     40590.000000           1         -336.3236   
      1354:     40620.000000           1         -336.3195   
      1355:     40650.000000           1         -336.3143   
      1356:     40680.000000           1         -336.3107   
      1357:     40710.000000           1         -336.3046   
      1358:     40740.000000           1         -336.3017   
      1359:     40770.000000           1          -86.9060   
      1360:     40800.000000           1         -335.3633   
      1361:     40830.000000           1         -335.3189   
      1362:     40860.000000           1         -335.3466   
      1363:     40890.000000           1         -335.3415   
      1364:     40920.000000           1         -335.3209   
      1365:     40950.000000           1         -335.3227   
      1366:     40980.000000           1         -335.3056   
      1367:     41010.000000           1         -335.3056   
      1368:     41040.000000           1         -335.3011   
      1369:     41070.000000           1         -335.2823   
      1370:     41100.000000           1         -335.2767   
      1371:     41130.000000           1         -335.2753   
      1372:     41160.000000           1         -335.2819   
      1373:     41190.000000           1         -335.2770   
      1375:     41250.000000           1         -335.2875   
      1379:     41370.000000           1         1580.2288   
      1382:     41460.000000           1         1580.3176   
      1385:     41550.000000           1         1580.3308   
      1386:     41580.000000           1         1580.3414   
      1994:     59820.000000           1         -329.4890   
      1998:     59940.000000           1         -329.4955   
      1999:     59970.000000           1         -329.4969   
      2000:     60000.000000           1         -329.4984   
      2001:     60030.000000           1         -329.5004   
      2002:     60060.000000           1         -329.4998   
      2003:     60090.000000           1         -329.4975   
      2004:     60120.000000           1         -329.4986   
      2005:     60150.000000           1         -329.4944   
      2006:     60180.000000           1         -329.4939   
      2007:     60210.000000           1         -329.4939   
      2008:     60240.000000           1         -329.4917   
      2009:     60270.000000           1         -329.4913   
      2010:     60300.000000           1         -329.4913   
      2011:     60330.000000           1         -329.4900   
      2012:     60360.000000           1         -329.4843   
      2013:     60390.000000           1         -329.4846   
      2014:     60420.000000           1         -329.4850   
      2015:     60450.000000           1         -329.4881   
      2016:     60480.000000           1         -329.4918   
      2017:     60510.000000           1         -329.4960   
      2018:     60540.000000           1         -329.4971   
      2019:     60570.000000           1         -329.4988   
      2020:     60600.000000           1         -329.4990   
      2021:     60630.000000           1         -329.5001   
      2022:     60660.000000           1           65.3895   
      2023:     60690.000000           1           65.2990   
      2024:     60720.000000           1         -329.5023   
      2025:     60750.000000           1          -22.7587   
      2026:     60780.000000           1         -329.5040   
      2027:     60810.000000           1          -22.8926   
      2028:     60840.000000           1          -23.0064   
      2029:     60870.000000           1         -329.5113   
      2030:     60900.000000           1         -329.5112   
      2031:     60930.000000           1         -329.5108   
      2032:     60960.000000           1         -329.5080   
      2033:     60990.000000           1         -329.5052   
      2034:     61020.000000           1         -329.5039   
      2035:     61050.000000           1          -19.0858   
      2036:     61080.000000           1          -19.1020   
      2037:     61110.000000           1          -18.9566   
      2038:     61140.000000           1         -329.5092   
      2039:     61170.000000           1          -18.7390   
      2040:     61200.000000           1          -18.7388   
      2041:     61230.000000           1          -18.7338   
      2042:     61260.000000           1          -18.7356   
      2043:     61290.000000           1          -18.8693   
      2044:     61320.000000           1          -18.8725   
      2045:     61350.000000           1          -18.8983   
      2046:     61380.000000           1           64.6515   
      2047:     61410.000000           1          -18.9002   
      2048:     61440.000000           1          -18.8555   
      2049:     61470.000000           1           64.7644   
      2050:     61500.000000           1          -18.7836   
      2051:     61530.000000           1          -18.9038   
      2052:     61560.000000           1           64.8337   
      2053:     61590.000000           1          -19.0526   
      2054:     61620.000000           1          -18.9335   
      2055:     61650.000000           1          -18.8392   
      2056:     61680.000000           1          -18.8384   
      2057:     61710.000000           1          -18.8356   
      2058:     61740.000000           1          -18.8171   
      2059:     61770.000000           1          -18.8328   
      2060:     61800.000000           1          -18.7982   
      2061:     61830.000000           1          -18.7960   
      2062:     61860.000000           1          -18.7755   
      2063:     61890.000000           1          -18.7770   
      2064:     61920.000000           1          -18.7726   
      2065:     61950.000000           1          -18.7782   
      2066:     61980.000000           1          -18.7694   
      2067:     62010.000000           1          -18.7720   
      2068:     62040.000000           1          -18.7640   
      2069:     62070.000000           1          -18.7560   
      2070:     62100.000000           1          -18.7530   
      2071:     62130.000000           1           65.4185   
      2072:     62160.000000           1          -18.7435   
      2073:     62190.000000           1          -18.7327   
      2074:     62220.000000           1          -18.7294   
      2075:     62250.000000           1          -18.7340   
      2076:     62280.000000           1           65.3978   
      2077:     62310.000000           1          -18.9005   
      2078:     62340.000000           1          -18.7982   
      2079:     62370.000000           1           65.3634   
      2080:     62400.000000           1          -18.8039   
      2081:     62430.000000           1          -18.7349   
      2082:     62460.000000           1          -18.6981   
      2083:     62490.000000           1          -18.7167   
      2084:     62520.000000           1          -18.7195   
      2085:     62550.000000           1          -18.7469   
      2086:     62580.000000           1          -18.7362   
      2087:     62610.000000           1          -18.7419   
      2088:     62640.000000           1          -18.7415   
      2089:     62670.000000           1          -18.7373   
      2090:     62700.000000           1          -18.7279   
      2091:     62730.000000           1          -18.7336   
      2092:     62760.000000           1          -18.7274   
      2093:     62790.000000           1           65.2360   
      2094:     62820.000000           1           65.2227   
      2095:     62850.000000           1           65.2186   
      2096:     62880.000000           1           65.2232   
      2097:     62910.000000           1           65.2307   
      2098:     62940.000000           1           65.2294   
      2099:     62970.000000           1           65.2311   
      2100:     63000.000000           1           65.2255   
      2101:     63030.000000           1           65.2196   
      2102:     63060.000000           1         -329.4941   
      2103:     63090.000000           1           65.1880   
      2104:     63120.000000           1           65.1650   
      2105:     63150.000000           1           65.1647   
      2106:     63180.000000           1           65.1670   
      2107:     63210.000000           1           65.1431   
      2108:     63240.000000           1           65.1335   
      2109:     63270.000000           1           65.1246   
      2110:     63300.000000           1           65.1228   
      2111:     63330.000000           1           65.1267   
      2112:     63360.000000           1           65.1185   
      2113:     63390.000000           1           65.1023   
      2114:     63420.000000           1           65.0886   
      2115:     63450.000000           1           65.0925   
      2116:     63480.000000           1           65.0962   
      2117:     63510.000000           1           65.1116   
      2118:     63540.000000           1           65.1191   
      2119:     63570.000000           1          -18.6546   
      2120:     63600.000000           1          -18.6505   
      2121:     63630.000000           1          -18.6422   
      2122:     63660.000000           1          -18.6364   
      2123:     63690.000000           1          -18.6312   
      2124:     63720.000000           1          -18.6314   
      2125:     63750.000000           1          -18.6274   
      2126:     63780.000000           1          -18.6234   
      2127:     63810.000000           1          -18.6218   
      2128:     63840.000000           1          -18.6211   
      2129:     63870.000000           1          -18.6223   
      2130:     63900.000000           1          -18.6233   
      2131:     63930.000000           1          -18.6254   
      2132:     63960.000000           1          -18.6238   
      2133:     63990.000000           1          -18.6254   
      2134:     64020.000000           1          -18.6272   
      2135:     64050.000000           1          -18.6246   
      2136:     64080.000000           1          -18.6245   
      2137:     64110.000000           1          -18.6236   
      2138:     64140.000000           1          -18.6217   
      2139:     64170.000000           1          -18.6189   
      2140:     64200.000000           1          -18.6148   
      2141:     64230.000000           1          -18.6122   
      2142:     64260.000000           1          -18.6090   
      2143:     64290.000000           1          -18.6042   
      2144:     64320.000000           1          -18.5980   
      2145:     64350.000000           1          -18.5983   
      2146:     64380.000000           1          -18.5989   
      2147:     64410.000000           1          -18.5964   
      2148:     64440.000000           1          -18.5980   
      2149:     64470.000000           1          -18.5960   
      2150:     64500.000000           1          -18.5930   
      2151:     64530.000000           1          -18.5937   
      2152:     64560.000000           1          -18.5918   
      2153:     64590.000000           1          -18.5905   
      2154:     64620.000000           1          -18.5908   
      2155:     64650.000000           1          -18.5936   
      2156:     64680.000000           1          -18.5937   
      2157:     64710.000000           1          -18.5953   
      2158:     64740.000000           1          -18.5915   
      2159:     64770.000000           1          -18.5862   
      2160:     64800.000000           1          -18.5850   
      2161:     64830.000000           1          -18.5830   
      2162:     64860.000000           1          -18.5768   
      2163:     64890.000000           1          -18.5739   
      2164:     64920.000000           1          -18.5739   
      2165:     64950.000000           1          -18.5714   
      2166:     64980.000000           1          -18.5720   
      2167:     65010.000000           1          -18.5709   
      2168:     65040.000000           1          -18.5731   
      2169:     65070.000000           1           65.1842   
      2170:     65100.000000           1           65.1878   
      2171:     65130.000000           1          -18.5624   
      2172:     65160.000000           1           65.1913   
      2173:     65190.000000           1           65.1881   
      2174:     65220.000000           1           65.1874   
      2175:     65250.000000           1           65.1833   
      2176:     65280.000000           1           65.1791   
      2177:     65310.000000           1           65.1778   
      2178:     65340.000000           1           65.1776   
      2179:     65370.000000           1           65.1775   
      2180:     65400.000000           1           65.1829   
      2181:     65430.000000           1           65.1875   
      2182:     65460.000000           1           65.1951   
      2183:     65490.000000           1           65.1992   
      2184:     65520.000000           1           65.2055   
      2185:     65550.000000           1           65.2147   
      2186:     65580.000000           1           65.2180   
      2187:     65610.000000           1           65.2248   
      2188:     65640.000000           1           65.2315   
      2189:     65670.000000           1         -296.4821   
      2190:     65700.000000           1           65.2586   
      2191:     65730.000000           1           65.2671   
      2192:     65760.000000           1           65.2696   
      2193:     65790.000000           1           65.2680   
      2194:     65820.000000           1           65.2660   
      2195:     65850.000000           1           65.2637   
      2196:     65880.000000           1           65.2644   
      2197:     65910.000000           1           65.2671   
      2198:     65940.000000           1           65.2689   
      2199:     65970.000000           1           65.2706   
      2200:     66000.000000           1           65.2758   
      2201:     66030.000000           1           65.2791   
      2202:     66060.000000           1           65.2802   
      2203:     66090.000000           1           65.2768   
      2204:     66120.000000           1           65.2766   
      2205:     66150.000000           1           65.2753   
      2206:     66180.000000           1           65.2734   
      2207:     66210.000000           1           65.2729   
      2208:     66240.000000           1           65.2732   
      2209:     66270.000000           1           65.2715   
      2210:     66300.000000           1           65.2716   
      2211:     66330.000000           1           65.2745   
      2212:     66360.000000           1           65.2764   
      2213:     66390.000000           1           65.2771   
      2214:     66420.000000           1           65.2768   
      2215:     66450.000000           1           65.2775   
      2216:     66480.000000           1           65.2776   
      2217:     66510.000000           1           65.2779   
      2218:     66540.000000           1           65.2795   
      2219:     66570.000000           1         -296.4001   
      2220:     66600.000000           1         -329.3771   
      2221:     66630.000000           1         -296.3425   
      2222:     66660.000000           1         -296.3304   
      2223:     66690.000000           1         -296.3850   
      2224:     66720.000000           1         -296.3599   
      2225:     66750.000000           1         -296.3902   
      2226:     66780.000000           1         -296.4550   
      2227:     66810.000000           1         -296.4852   
      2228:     66840.000000           1         -296.5216   
      2229:     66870.000000           1         -296.5311   
      2230:     66900.000000           1         -296.5504   
      2231:     66930.000000           1         -296.6015   
      2232:     66960.000000           1         -296.6137   
      2233:     66990.000000           1         -296.6141   
      2234:     67020.000000           1         -296.6142   
      2235:     67050.000000           1         -329.3810   
      2236:     67080.000000           1         -329.3825   
      2237:     67110.000000           1         -329.3847   
      2238:     67140.000000           1         -329.3854   
      2239:     67170.000000           1         -329.3862   
      2240:     67200.000000           1         -329.3867   
      2241:     67230.000000           1         -329.3845   
      2242:     67260.000000           1         -329.3859   
      2243:     67290.000000           1         -329.3856   
      2244:     67320.000000           1         -329.3842   
      2245:     67350.000000           1           65.2890   
      2246:     67380.000000           1           65.2891   
      2247:     67410.000000           1           65.2888   
      2248:     67440.000000           1           65.2857   
      2249:     67470.000000           1           65.2848   
      2250:     67500.000000           1           65.2860   
      2251:     67530.000000           1           65.2848   
      2252:     67560.000000           1           65.2866   
      2253:     67590.000000           1           65.2843   
      2254:     67620.000000           1           65.2838   
      2255:     67650.000000           1           65.2874   
      2256:     67680.000000           1           65.2866   
      2257:     67710.000000           1           65.2872   
      2258:     67740.000000           1           65.2875   
      2259:     67770.000000           1           65.2862   
      2260:     67800.000000           1           65.2869   
      2261:     67830.000000           1          -18.4281   
      2262:     67860.000000           1          -18.4252   
      2263:     67890.000000           1          -18.4196   
      2264:     67920.000000           1          -18.4223   
      2265:     67950.000000           1          -18.4225   
      2266:     67980.000000           1          -18.4204   
      2267:     68010.000000           1          -18.4225   
      2268:     68040.000000           1          -18.4187   
      2269:     68070.000000           1          -18.4175   
      2270:     68100.000000           1          -18.4181   
      2271:     68130.000000           1          -18.4160   
      2272:     68160.000000           1          -18.4122   
      2273:     68190.000000           1          -18.4139   
      2274:     68220.000000           1          -18.4105   
      2275:     68250.000000           1          -18.4108   
      2276:     68280.000000           1          -18.4106   
      2277:     68310.000000           1          -18.4129   
      2278:     68340.000000           1          -18.4119   
      2279:     68370.000000           1          -18.4111   
      2280:     68400.000000           1          -18.4135   
      2281:     68430.000000           1          -18.4124   
      2282:     68460.000000           1          -18.4121   
      2283:     68490.000000           1          -18.4124   
      2284:     68520.000000           1          -18.4138   
      2285:     68550.000000           1          -18.4137   
      2286:     68580.000000           1          -18.4129   
      2287:     68610.000000           1           65.2820   
      2288:     68640.000000           1           65.2845   
      2289:     68670.000000           1           65.2822   
      2290:     68700.000000           1           65.2780   
      2291:     68730.000000           1           65.2725   
      2292:     68760.000000           1           65.2702   
      2293:     68790.000000           1           65.2688   
      2294:     68820.000000           1           65.2681   
      2295:     68850.000000           1           65.2686   
      2296:     68880.000000           1           65.2682   
      2297:     68910.000000           1           65.2686   
      2298:     68940.000000           1           65.2673   
      2299:     68970.000000           1           65.2673   
      2300:     69000.000000           1           65.2685   
      2301:     69030.000000           1           65.2716   
      2302:     69060.000000           1           65.2746   
      2303:     69090.000000           1           65.2783   
      2304:     69120.000000           1           65.2787   
      2305:     69150.000000           1           65.2753   
      2306:     69180.000000           1           65.2708   
      2307:     69210.000000           1           65.2685   
      2308:     69240.000000           1           65.2682   
      2309:     69270.000000           1           65.2678   
      2310:     69300.000000           1           65.2676   
      2311:     69330.000000           1           65.2685   
      2312:     69360.000000           1           65.2685   
      2313:     69390.000000           1           65.2681   
      2314:     69420.000000           1           65.2663   
      2315:     69450.000000           1           65.2629   
      2316:     69480.000000           1           65.2612   
      2317:     69510.000000           1           65.2620   
      2318:     69540.000000           1           65.2621   
      2319:     69570.000000           1           65.2601   
      2320:     69600.000000           1           65.2596   
      2321:     69630.000000           1          -18.4003   
      2322:     69660.000000           1          -18.3939   
      2323:     69690.000000           1          -18.3955   
      2324:     69720.000000           1          -18.3934   
      2325:     69750.000000           1          -18.3930   
      2326:     69780.000000           1          -18.3924   
      2327:     69810.000000           1          -18.3930   
      2328:     69840.000000           1          -18.3925   
      2329:     69870.000000           1          -18.3956   
      2330:     69900.000000           1          -18.3973   
      2331:     69930.000000           1          -18.3970   
      2332:     69960.000000           1          -18.3996   
      2333:     69990.000000           1          -18.3973   
      2334:     70020.000000           1          -18.3960   
      2335:     70050.000000           1          -18.3949   
      2336:     70080.000000           1          -18.3937   
      2337:     70110.000000           1          -18.3920   
      2338:     70140.000000           1           65.2576   
      2339:     70170.000000           1          -18.3950   
      2340:     70200.000000           1          -18.3964   
      2341:     70230.000000           1          -18.3965   
      2342:     70260.000000           1          -18.3944   
      2343:     70290.000000           1          -18.3965   
      2344:     70320.000000           1          -18.3944   
      2345:     70350.000000           1          -18.3940   
      2346:     70380.000000           1          -18.3951   
      2347:     70410.000000           1          -18.3974   
      2348:     70440.000000           1          -18.3989   
      2349:     70470.000000           1          -18.4017   
      2350:     70500.000000           1          -18.4016   
      2351:     70530.000000           1          -18.4036   
      2352:     70560.000000           1           65.2411   
      2353:     70590.000000           1           65.2407   
      2354:     70620.000000           1           65.2417   
      2355:     70650.000000           1           65.2430   
      2356:     70680.000000           1           65.2456   
      2357:     70710.000000           1           65.2466   
      2358:     70740.000000           1           65.2476   
      2359:     70770.000000           1           65.2478   
      2360:     70800.000000           1           65.2461   
      2361:     70830.000000           1           65.2452   
      2362:     70860.000000           1           65.2404   
      2363:     70890.000000           1           65.2397   
      2364:     70920.000000           1           65.2382   
      2365:     70950.000000           1           65.2381   
      2366:     70980.000000           1           65.2375   
      2367:     71010.000000           1           65.2394   
      2368:     71040.000000           1           65.2366   
      2369:     71070.000000           1           65.2355   
      2370:     71100.000000           1           65.2342   
      2371:     71130.000000           1           65.2343   
      2372:     71160.000000           1           65.2361   
      2373:     71190.000000           1           65.2381   
      2374:     71220.000000           1           65.2398   
      2375:     71250.000000           1           65.2427   
      2376:     71280.000000           1           65.2453   
      2377:     71310.000000           1           65.2452   
      2378:     71340.000000           1           65.2472   
      2379:     71370.000000           1           65.2490   
      2380:     71400.000000           1           65.2470   
      2381:     71430.000000           1           65.2458   
      2382:     71460.000000           1           65.2434   
      2383:     71490.000000           1           65.2423   
      2384:     71520.000000           1           65.2425   
      2385:     71550.000000           1           65.2420   
      2386:     71580.000000           1           65.2401   
      2387:     71610.000000           1           65.2417   
      2388:     71640.000000           1           65.2407   
      2389:     71670.000000           1           65.2433   
      2390:     71700.000000           1           65.2435   
      2391:     71730.000000           1           65.2431   
      2392:     71760.000000           1           65.2446   
      2393:     71790.000000           1           65.2473   
      2394:     71820.000000           1           65.2503   
      2395:     71850.000000           1           65.2531   
      2396:     71880.000000           1           65.2565   
      2397:     71910.000000           1           65.2568   
      2398:     71940.000000           1           65.2562   
      2399:     71970.000000           1           65.2566   
      2400:     72000.000000           1           65.2551   
      2401:     72030.000000           1           65.2553   
      2402:     72060.000000           1           65.2539   
      2403:     72090.000000           1           65.2524   
      2404:     72120.000000           1           65.2514   
      2405:     72150.000000           1           65.2496   
      2406:     72180.000000           1           65.2500   
      2407:     72210.000000           1           65.2489   
      2408:     72240.000000           1           65.2475   
      2409:     72270.000000           1           65.2475   
      2410:     72300.000000           1           65.2469   
      2411:     72330.000000           1           65.2496   
      2412:     72360.000000           1           65.2497   
      2413:     72390.000000           1           65.2504   
      2414:     72420.000000           1           65.2502   
      2415:     72450.000000           1           65.2522   
      2416:     72480.000000           1           65.2529   
      2417:     72510.000000           1           65.2513   
      2418:     72540.000000           1           65.2506   
      2419:     72570.000000           1           65.2456   
      2420:     72600.000000           1           65.2438   
      2421:     72630.000000           1           65.2430   
      2422:     72660.000000           1          -18.4062   
      2423:     72690.000000           1          -18.4058   
      2424:     72720.000000           1          -18.4074   
      2425:     72750.000000           1          -18.4083   
      2426:     72780.000000           1          -18.4099   
      2427:     72810.000000           1          -18.4087   
      2428:     72840.000000           1          -18.4106   
      2429:     72870.000000           1          -18.4126   
      2430:     72900.000000           1          -18.4128   
      2431:     72930.000000           1          -18.4142   
      2432:     72960.000000           1          -18.4150   
      2433:     72990.000000           1          -18.4112   
      2434:     73020.000000           1          -18.4150   
      2435:     73050.000000           1          -18.4141   
      2436:     73080.000000           1          -18.4134   
      2437:     73110.000000           1          -18.4128   
      2438:     73140.000000           1          -18.4117   
      2439:     73170.000000           1          -18.4136   
      2440:     73200.000000           1          -18.4157   
      2441:     73230.000000           1          -18.4165   
      2442:     73260.000000           1          -18.4184   
      2443:     73290.000000           1          -18.4188   
      2444:     73320.000000           1          -18.4221   
      2445:     73350.000000           1          -18.4250   
      2446:     73380.000000           1          -18.4290   
      2447:     73410.000000           1          -18.4315   
      2448:     73440.000000           1          -18.4333   
      2449:     73470.000000           1          -18.4335   
      2450:     73500.000000           1          -18.4309   
      2451:     73530.000000           1          -18.4295   
      2452:     73560.000000           1          -18.4307   
      2453:     73590.000000           1          -18.4345   
      2454:     73620.000000           1          -18.4368   
      2455:     73650.000000           1          -18.4367   
      2456:     73680.000000           1          -18.4378   
      2457:     73710.000000           1          -18.4379   
      2458:     73740.000000           1          -18.4384   
      2459:     73770.000000           1          -18.4398   
      2460:     73800.000000           1          -18.4384   
      2461:     73830.000000           1          -18.4385   
      2462:     73860.000000           1          -18.4403   
      2463:     73890.000000           1          -18.4417   
      2464:     73920.000000           1          -18.4452   
      2465:     73950.000000           1          -18.4487   
      2466:     73980.000000           1          -18.4514   
      2467:     74010.000000           1          -18.4520   
      2468:     74040.000000           1          -18.4508   
      2469:     74070.000000           1          -18.4498   
      2470:     74100.000000           1          -18.4504   
      2471:     74130.000000           1          -18.4522   
      2472:     74160.000000           1          -18.4540   
      2473:     74190.000000           1          -18.4561   
      2474:     74220.000000           1          -18.4573   
      2475:     74250.000000           1          -18.4568   
      2476:     74280.000000           1          -18.4593   
      2477:     74310.000000           1          -18.4592   
      2478:     74340.000000           1          -18.4618   
      2479:     74370.000000           1          -18.4624   
      2480:     74400.000000           1          -18.4674   
      2481:     74430.000000           1          -18.4705   
      2482:     74460.000000           1          -18.4735   
      2483:     74490.000000           1          -18.4750   
      2484:     74520.000000           1          -18.4764   
      2485:     74550.000000           1          -18.4764   
      2486:     74580.000000           1          -18.4801   
      2487:     74610.000000           1          -18.4827   
      2488:     74640.000000           1          -18.4872   
      2489:     74670.000000           1          -18.4890   
      2490:     74700.000000           1          -18.4909   
      2491:     74730.000000           1          -18.4919   
      2492:     74760.000000           1          -18.4943   
      2493:     74790.000000           1          -18.4959   
      2494:     74820.000000           1          -18.4972   
      2495:     74850.000000           1          -18.4978   
      2496:     74880.000000           1          -18.4988   
      2497:     74910.000000           1          -18.5010   
      2498:     74940.000000           1          -18.5035   
      2499:     74970.000000           1          -18.5041   
      2500:     75000.000000           1          -18.5045   
      2501:     75030.000000           1          -18.5068   
      2502:     75060.000000           1          -18.5091   
      2503:     75090.000000           1          -18.5121   
      2504:     75120.000000           1          -18.5161   
      2505:     75150.000000           1          -18.5183   
      2506:     75180.000000           1          -18.5221   
      2507:     75210.000000           1          -18.5239   
      2508:     75240.000000           1          -18.5228   
      2509:     75270.000000           1          -18.5259   
      2510:     75300.000000           1          -18.5321   
      2511:     75330.000000           1          -18.5347   
      2512:     75360.000000           1          -18.5369   
      2513:     75390.000000           1          -29.7678   
      2514:     75420.000000           1          -18.5444   
      2515:     75450.000000           1          -18.5467   
      2516:     75480.000000           1          -18.5491   
      2517:     75510.000000           1          -18.5497   
      2518:     75540.000000           1          -18.5488   
      2519:     75570.000000           1          -18.5515   
      2520:     75600.000000           1          -18.5538   
      2521:     75630.000000           1          -18.5542   
      2522:     75660.000000           1          -18.5549   
      2523:     75690.000000           1          -18.5570   
      2524:     75720.000000           1          -18.5589   
      2525:     75750.000000           1          -18.5617   
      2526:     75780.000000           1          -18.5639   
      2527:     75810.000000           1          -18.5648   
      2528:     75840.000000           1          -18.5661   
      2529:     75870.000000           1          -18.5692   
      2530:     75900.000000           1          -18.5693   
      2531:     75930.000000           1          -18.5728   
      2532:     75960.000000           1          -18.5728   
      2533:     75990.000000           1          -18.5735   
      2534:     76020.000000           1          -18.5778   
      2535:     76050.000000           1          -18.5789   
      2536:     76080.000000           1          -18.5813   
      2537:     76110.000000           1          -18.5824   
      2538:     76140.000000           1          -18.5852   
      2539:     76170.000000           1          -18.5845   
      2540:     76200.000000           1          -18.5867   
      2541:     76230.000000           1          -18.5932   
      2542:     76260.000000           1          -18.5950   
      2543:     76290.000000           1          -18.5979   
      2544:     76320.000000           1          -18.5986   
      2545:     76350.000000           1          -18.6008   
      2546:     76380.000000           1          -18.6026   
      2547:     76410.000000           1          -18.6035   
      2548:     76440.000000           1          -18.6037   
      2549:     76470.000000           1          -18.6070   
      2550:     76500.000000           1          -18.6103   
      2551:     76530.000000           1          -18.6107   
      2552:     76560.000000           1          -18.6103   
      2553:     76590.000000           1          -18.6113   
      2554:     76620.000000           1          -18.6133   
      2555:     76650.000000           1          -18.6150   
      2556:     76680.000000           1          -18.6168   
      2557:     76710.000000           1          -18.6163   
      2558:     76740.000000           1          -18.6174   
      2559:     76770.000000           1          -18.6179   
      2560:     76800.000000           1          -18.6201   
      2561:     76830.000000           1          -18.6229   
      2562:     76860.000000           1          -18.6258   
      2563:     76890.000000           1          -18.6255   
      2564:     76920.000000           1          -18.6285   
      2565:     76950.000000           1          -18.6307   
      2566:     76980.000000           1          -18.6363   
      2567:     77010.000000           1          -18.6401   
      2568:     77040.000000           1          -18.6470   
      2569:     77070.000000           1          -18.6500   
      2570:     77100.000000           1          -18.6523   
      2571:     77130.000000           1          -18.6563   
      2572:     77160.000000           1          -18.6588   
      2573:     77190.000000           1          -18.6634   
      2574:     77220.000000           1          -18.6655   
      2575:     77250.000000           1          -18.6674   
      2576:     77280.000000           1          -18.6695   
      2577:     77310.000000           1          -18.6723   
      2578:     77340.000000           1          -18.6770   
      2579:     77370.000000           1          -18.6819   
      2580:     77400.000000           1          -18.6855   
      2581:     77430.000000           1          -18.6878   
      2582:     77460.000000           1          -18.6912   
      2583:     77490.000000           1          -18.6948   
      2584:     77520.000000           1          -18.6997   
      2585:     77550.000000           1          -18.7006   
      2586:     77580.000000           1          -18.7021   
      2587:     77610.000000           1          -18.7029   
      2588:     77640.000000           1          -18.7034   
      2589:     77670.000000           1          -18.7063   
      2590:     77700.000000           1          -18.7062   
      2591:     77730.000000           1          -18.7065   
      2592:     77760.000000           1          -18.7090   
      2593:     77790.000000           1          -18.7119   
      2594:     77820.000000           1          -18.7131   
      2595:     77850.000000           1          -18.7141   
      2596:     77880.000000           1          -18.7135   
      2597:     77910.000000           1          -18.7156   
      2598:     77940.000000           1          -18.7178   
      2599:     77970.000000           1          -18.7204   
      2600:     78000.000000           1          -18.7223   
      2601:     78030.000000           1          -18.7252   
      2602:     78060.000000           1          -18.7269   
      2603:     78090.000000           1          -18.7298   
      2604:     78120.000000           1          -18.7318   
      2605:     78150.000000           1          -18.7366   
      2606:     78180.000000           1          -18.7410   
      2607:     78210.000000           1          -18.7459   
      2608:     78240.000000           1          -18.7483   
      2609:     78270.000000           1          -18.7499   
      2610:     78300.000000           1          -18.7530   
      2611:     78330.000000           1          -18.7560   
      2612:     78360.000000           1          -18.7584   
      2613:     78390.000000           1          -18.7589   
      2614:     78420.000000           1          -18.7587   
      2615:     78450.000000           1          -18.7580   
      2616:     78480.000000           1          -18.7591   
      2617:     78510.000000           1          -18.7597   
      2618:     78540.000000           1          -18.7605   
      2619:     78570.000000           1          -18.7617   
      2620:     78600.000000           1          -18.7657   
      2621:     78630.000000           1          -18.7692   
      2622:     78660.000000           1          -18.7730   
      2623:     78690.000000           1          -18.7760   
      2624:     78720.000000           1          -18.7811   
      2625:     78750.000000           1          -18.7862   
      2626:     78780.000000           1          -18.7907   
      2627:     78810.000000           1          -18.7951   
      2628:     78840.000000           1          -18.7977   
      2629:     78870.000000           1          -18.8015   
      2630:     78900.000000           1          -18.8053   
      2631:     78930.000000           1          -18.8077   
      2632:     78960.000000           1          -18.8092   
      2633:     78990.000000           1          -18.8099   
      2634:     79020.000000           1          -18.8100   
      2635:     79050.000000           1          -18.8117   
      2636:     79080.000000           1          -18.8127   
      2637:     79110.000000           1          -18.8143   
      2638:     79140.000000           1          -18.8151   
      2639:     79170.000000           1          -18.8176   
      2640:     79200.000000           1          -18.8222   
      2641:     79230.000000           1          -18.8246   
      2642:     79260.000000           1          -18.8288   
      2643:     79290.000000           1          -18.8337   
      2644:     79320.000000           1          -18.8365   
      2645:     79350.000000           1          -18.8399   
      2646:     79380.000000           1          -18.8429   
      2647:     79410.000000           1          -18.8453   
      2648:     79440.000000           1          -18.8481   
      2649:     79470.000000           1          -18.8517   
      2650:     79500.000000           1          -18.8536   
      2651:     79530.000000           1          -18.8563   
      2652:     79560.000000           1          -18.8590   
      2653:     79590.000000           1          -18.8618   
      2654:     79620.000000           1          -18.8682   
      2655:     79650.000000           1          -18.8721   
      2656:     79680.000000           1          -18.8755   
      2657:     79710.000000           1          -18.8810   
      2658:     79740.000000           1          -18.8818   
      2659:     79770.000000           1          -18.8868   
      2660:     79800.000000           1          -18.8881   
      2661:     79830.000000           1          -18.8959   
      2662:     79860.000000           1          -18.9006   
      2663:     79890.000000           1          -18.9057   
      2664:     79920.000000           1          -18.9087   
      2665:     79950.000000           1          -18.9111   
      2666:     79980.000000           1          -18.9136   
      2667:     80010.000000           1          -18.9210   
      2668:     80040.000000           1          -18.9249   
      2669:     80070.000000           1          -18.9289   
      2670:     80100.000000           1          -18.9304   
      2671:     80130.000000           1          -18.9324   
      2672:     80160.000000           1          -18.9335   
      2673:     80190.000000           1          -18.9369   
      2674:     80220.000000           1          -18.9382   
      2675:     80250.000000           1          -18.9426   
      2676:     80280.000000           1          -18.9449   
      2677:     80310.000000           1          -18.9484   
      2678:     80340.000000           1          -18.9497   
      2679:     80370.000000           1          -18.9525   
      2680:     80400.000000           1          -18.9553   
      2681:     80430.000000           1          -18.9578   
      2682:     80460.000000           1          -18.9616   
      2683:     80490.000000           1          -18.9627   
      2684:     80520.000000           1          -18.9650   
      2685:     80550.000000           1          -18.9673   
      2686:     80580.000000           1          -18.9699   
      2687:     80610.000000           1          -18.9739   
      2688:     80640.000000           1          -18.9762   
      2689:     80670.000000           1          -18.9780   
      2690:     80700.000000           1          -18.9807   
      2691:     80730.000000           1          -18.9825   
      2692:     80760.000000           1          -18.9868   
      2693:     80790.000000           1          -18.9942   
      2694:     80820.000000           1          -18.9974   
      2695:     80850.000000           1          -19.0056   
      2696:     80880.000000           1          -19.0095   
      2697:     80910.000000           1          -19.0111   
      2698:     80940.000000           1          -19.0135   
      2699:     80970.000000           1          -19.0174   
      2700:     81000.000000           1          -19.0178   
      2701:     81030.000000           1          -19.0197   
      2702:     81060.000000           1          -19.0229   
      2703:     81090.000000           1          -19.0258   
      2704:     81120.000000           1          -19.0294   
      2705:     81150.000000           1          -19.0313   
      2706:     81180.000000           1          -19.0323   
      2707:     81210.000000           1          -19.0333   
      2708:     81240.000000           1          -19.0373   
      2709:     81270.000000           1          -19.0392   
      2710:     81300.000000           1          -19.0394   
      2711:     81330.000000           1          -19.0437   
      2712:     81360.000000           1          -19.0460   
      2713:     81390.000000           1          -19.0488   
      2714:     81420.000000           1          -19.0516   
      2715:     81450.000000           1          -19.0556   
      2716:     81480.000000           1          -19.0583   
      2717:     81510.000000           1          -19.0643   
      2718:     81540.000000           1          -19.0663   
      2719:     81570.000000           1          -19.0687   
      2720:     81600.000000           1          -19.0718   
      2721:     81630.000000           1          -19.0745   
      2722:     81660.000000           1          -19.0769   
      2723:     81690.000000           1          -19.0801   
      2724:     81720.000000           1          -19.0848   
      2725:     81750.000000           1          -19.0895   
      2726:     81780.000000           1          -19.0911   
      2727:     81810.000000           1          -19.0941   
      2728:     81840.000000           1          -19.0972   
      2729:     81870.000000           1          -19.1002   
      2730:     81900.000000           1          -19.1015   
      2731:     81930.000000           1          -19.1047   
      2732:     81960.000000           1          -19.1066   
      2733:     81990.000000           1          -19.1093   
      2734:     82020.000000           1          -19.1143   
      2735:     82050.000000           1          -19.1181   
      2736:     82080.000000           1          -19.1205   
      2737:     82110.000000           1          -19.1220   
      2738:     82140.000000           1          -19.1235   
      2739:     82170.000000           1          -19.1275   
      2740:     82200.000000           1          -19.1304   
      2741:     82230.000000           1          -19.1359   
      2742:     82260.000000           1          -30.4654   
      2743:     82290.000000           1          -30.4652   
      2744:     82320.000000           1          -30.4660   
      2745:     82350.000000           1          -30.4667   
      2746:     82380.000000           1          -30.4687   
      2747:     82410.000000           1          -30.4701   
      2748:     82440.000000           1          -30.4712   
      2749:     82470.000000           1          -30.4768   
      2750:     82500.000000           1          -30.4801   
      2751:     82530.000000           1          -30.4849   
      2752:     82560.000000           1          -30.4934   
      2753:     82590.000000           1          -30.4984   
      2754:     82620.000000           1          -30.5006   
      2755:     82650.000000           1          -30.5035   
      2756:     82680.000000           1          -30.5056   
      2757:     82710.000000           1          -30.5068   
      2758:     82740.000000           1          -30.5097   
      2759:     82770.000000           1          -30.5118   
      2760:     82800.000000           1          -30.5155   
      2761:     82830.000000           1          -30.5172   
      2762:     82860.000000           1          -30.5202   
      2763:     82890.000000           1          -30.5248   
      2764:     82920.000000           1          -30.5270   
      2765:     82950.000000           1          -30.5340   
      2766:     82980.000000           1          -30.5379   
      2767:     83010.000000           1          169.5996   
      2768:     83040.000000           1          169.5976   
      2769:     83070.000000           1          169.5957   
      2770:     83100.000000           1          169.5909   
      2771:     83130.000000           1          169.5887   
      2772:     83160.000000           1          169.5839   
      2773:     83190.000000           1          169.5820   
