         0:         0.000000           1           60.3620   
         1:        30.000000           1           62.3547   
         2:        60.000000           1           61.1489   
         3:        90.000000           1          347.3163   
         4:       120.000000           1          348.8831   
         5:       150.000000           1          346.7030   
         6:       180.000000           1          347.5031   
         7:       210.000000           1          347.1952   
         8:       240.000000           1          347.5599   
         9:       270.000000           1          347.5431   
        10:       300.000000           1          347.4618   
        11:       330.000000           1          347.0271   
        12:       360.000000           1          347.4324   
        13:       390.000000           1          347.0351   
        14:       420.000000           1          347.2756   
        15:       450.000000           1          347.6247   
        16:       480.000000           1          347.5309   
        17:       510.000000           1          347.5145   
        18:       540.000000           1          347.4772   
        19:       570.000000           1          347.6713   
        20:       600.000000           1          348.0407   
        21:       630.000000           1          348.5924   
        22:       660.000000           1          348.6624   
        23:       690.000000           1          348.7186   
        24:       720.000000           1          348.2126   
        25:       750.000000           1          348.0526   
        26:       780.000000           1          347.9204   
        27:       810.000000           1          347.5983   
        28:       840.000000           1          347.4878   
        29:       870.000000           1           53.1783   
        30:       900.000000           1          347.3852   
        31:       930.000000           1          347.5382   
        32:       960.000000           1          347.6176   
        33:       990.000000           1          347.5602   
        34:      1020.000000           1          347.7070   
        35:      1050.000000           1          347.7789   
        36:      1080.000000           1          347.7219   
        37:      1110.000000           1         -122.5699   
        38:      1140.000000           1          347.3754   
        39:      1170.000000           1          347.5796   
        40:      1200.000000           1          347.8503   
        41:      1230.000000           1          348.2078   
        42:      1260.000000           1          348.3690   
        43:      1290.000000           1          348.3579   
        44:      1320.000000           1          348.4674   
        45:      1350.000000           1           53.8478   
        46:      1380.000000           1          348.2039   
        47:      1410.000000           1          348.1325   
        48:      1440.000000           1           53.6817   
        49:      1470.000000           1          348.1340   
        50:      1500.000000           1          348.0265   
        51:      1530.000000           1          348.0329   
        52:      1560.000000           1          348.1300   
        53:      1590.000000           1          348.2795   
        54:      1620.000000           1          348.3609   
        55:      1650.000000           1          348.4459   
        56:      1680.000000           1          348.3770   
        57:      1710.000000           1          348.4286   
        58:      1740.000000           1          348.4004   
        59:      1770.000000           1          348.4393   
        60:      1800.000000           1          348.4460   
        61:      1830.000000           1          348.4319   
        62:      1860.000000           1          348.4560   
        63:      1890.000000           1          348.4005   
        64:      1920.000000           1          348.3975   
        65:      1950.000000           1          348.4173   
        66:      1980.000000           1          348.3766   
        67:      2010.000000           1          348.3225   
        68:      2040.000000           1          348.2949   
        69:      2070.000000           1          348.1891   
        70:      2100.000000           1          348.1604   
        71:      2130.000000           1          348.1013   
        72:      2160.000000           1          347.9801   
        73:      2190.000000           1          347.9211   
        74:      2220.000000           1          347.8078   
        75:      2250.000000           1          347.8306   
        76:      2280.000000           1          347.8568   
        77:      2310.000000           1          347.9216   
        78:      2340.000000           1          347.8723   
        79:      2370.000000           1          347.8744   
        80:      2400.000000           1           52.7430   
        81:      2430.000000           1           52.7436   
        82:      2460.000000           1           52.7601   
        83:      2490.000000           1           52.7328   
        84:      2520.000000           1           52.7615   
        85:      2550.000000           1           52.8663   
        86:      2580.000000           1           52.8848   
        87:      2610.000000           1           52.9453   
        88:      2640.000000           1           52.8890   
        89:      2670.000000           1           52.9592   
        90:      2700.000000           1           52.9114   
        91:      2730.000000           1           52.9289   
        92:      2760.000000           1           52.9335   
        93:      2790.000000           1           52.9564   
        94:      2820.000000           1           52.8770   
        95:      2850.000000           1           52.9597   
        96:      2880.000000           1           52.9616   
        97:      2910.000000           1           52.9837   
        98:      2940.000000           1           52.9885   
        99:      2970.000000           1           53.0195   
       100:      3000.000000           1           52.9430   
       101:      3030.000000           1           52.9229   
       102:      3060.000000           1           52.9466   
       103:      3090.000000           1           52.9323   
       104:      3120.000000           1           52.9634   
       105:      3150.000000           1           53.0114   
       106:      3180.000000           1           52.9853   
       107:      3210.000000           1          348.1240   
       108:      3240.000000           1          348.1216   
       109:      3270.000000           1          348.1048   
       110:      3300.000000           1          348.1023   
       111:      3330.000000           1          348.0692   
       112:      3360.000000           1          348.0156   
       113:      3390.000000           1          347.9708   
       114:      3420.000000           1          347.9678   
       115:      3450.000000           1          347.9930   
       116:      3480.000000           1          347.9837   
       117:      3510.000000           1          347.9182   
       118:      3540.000000           1          347.9042   
       119:      3570.000000           1          347.9331   
       120:      3600.000000           1          347.9583   
       121:      3630.000000           1          348.0139   
       122:      3660.000000           1          348.0890   
       123:      3690.000000           1          348.0436   
       124:      3720.000000           1          348.0544   
       125:      3750.000000           1          348.0205   
       126:      3780.000000           1          348.0143   
       127:      3810.000000           1          348.0371   
       128:      3840.000000           1          348.0792   
       129:      3870.000000           1          348.1140   
       130:      3900.000000           1          348.1815   
       131:      3930.000000           1          348.2155   
       132:      3960.000000           1          348.1941   
       133:      3990.000000           1          348.1606   
       134:      4020.000000           1          348.1762   
       135:      4050.000000           1          348.1828   
       136:      4080.000000           1          348.1415   
       137:      4110.000000           1          348.1428   
       138:      4140.000000           1          348.1585   
       139:      4170.000000           1          348.1857   
       140:      4200.000000           1          348.1793   
       141:      4230.000000           1          348.1614   
       142:      4260.000000           1          348.1741   
       143:      4290.000000           1          348.1743   
       144:      4320.000000           1          348.1655   
       145:      4350.000000           1          348.2027   
       146:      4380.000000           1          348.2155   
       147:      4410.000000           1          348.1881   
       148:      4440.000000           1          348.1588   
       149:      4470.000000           1          348.1438   
       150:      4500.000000           1          348.1591   
       151:      4530.000000           1          348.2542   
       152:      4560.000000           1          348.3025   
       153:      4590.000000           1          348.2932   
       154:      4620.000000           1          348.2680   
       155:      4650.000000           1          348.2698   
       156:      4680.000000           1          348.3146   
       157:      4710.000000           1          348.3131   
       158:      4740.000000           1          348.2977   
       159:      4770.000000           1          348.2993   
       160:      4800.000000           1          348.2852   
       161:      4830.000000           1          348.2999   
       162:      4860.000000           1          348.2937   
       163:      4890.000000           1          348.3093   
       164:      4920.000000           1          348.3158   
       165:      4950.000000           1          348.2984   
       166:      4980.000000           1          348.2564   
       167:      5010.000000           1          348.2558   
       168:      5040.000000           1          348.2586   
       169:      5070.000000           1          348.2756   
       170:      5100.000000           1          348.3122   
       171:      5130.000000           1          348.3420   
       172:      5160.000000           1          348.3840   
       173:      5190.000000           1          348.4052   
       174:      5220.000000           1          348.4354   
       175:      5250.000000           1          348.4584   
       176:      5280.000000           1          348.4665   
       177:      5310.000000           1          348.4754   
       178:      5340.000000           1          348.4724   
       179:      5370.000000           1          348.4585   
       180:      5400.000000           1          348.4867   
       181:      5430.000000           1          348.5142   
       182:      5460.000000           1          348.5198   
       183:      5490.000000           1          348.5221   
       184:      5520.000000           1          348.5089   
       185:      5550.000000           1          348.4904   
       186:      5580.000000           1          348.4873   
       187:      5610.000000           1          348.4645   
       188:      5640.000000           1          348.4348   
       189:      5670.000000           1          348.4114   
       190:      5700.000000           1          348.4009   
       191:      5730.000000           1          348.3778   
       192:      5760.000000           1          348.3626   
       193:      5790.000000           1          348.3589   
       194:      5820.000000           1          348.3380   
       195:      5850.000000           1          348.3258   
       196:      5880.000000           1          348.3212   
       197:      5910.000000           1          348.3110   
       198:      5940.000000           1          348.2804   
       199:      5970.000000           1          348.3239   
       200:      6000.000000           1          348.3156   
       201:      6030.000000           1          348.3252   
       202:      6060.000000           1          348.3458   
       203:      6090.000000           1          348.3851   
       204:      6120.000000           1          348.3858   
       205:      6150.000000           1          348.4024   
       206:      6180.000000           1          348.3793   
       207:      6210.000000           1          348.3560   
       208:      6240.000000           1          348.3187   
       209:      6270.000000           1          348.3014   
       210:      6300.000000           1          348.2909   
       211:      6330.000000           1          348.3112   
       212:      6360.000000           1          348.3400   
       213:      6390.000000           1          348.3454   
       214:      6420.000000           1          348.3668   
       215:      6450.000000           1          348.3821   
       216:      6480.000000           1          348.3954   
       217:      6510.000000           1          348.4109   
       218:      6540.000000           1          348.4090   
       219:      6570.000000           1          348.3800   
       220:      6600.000000           1          348.3710   
       221:      6630.000000           1          348.3976   
       222:      6660.000000           1          348.3961   
       223:      6690.000000           1          348.4048   
       224:      6720.000000           1          348.4077   
       225:      6750.000000           1          348.4143   
       226:      6780.000000           1          348.3963   
       227:      6810.000000           1          348.3854   
       228:      6840.000000           1          348.3818   
       229:      6870.000000           1          348.3874   
       230:      6900.000000           1          348.3940   
       231:      6930.000000           1          348.3824   
       232:      6960.000000           1          348.3881   
       233:      6990.000000           1          348.3848   
       234:      7020.000000           1          348.3881   
       235:      7050.000000           1          348.3708   
       236:      7080.000000           1          348.3613   
       237:      7110.000000           1          348.3480   
       238:      7140.000000           1          348.3272   
       239:      7170.000000           1          348.3134   
       240:      7200.000000           1          348.3189   
       241:      7230.000000           1          348.3504   
       242:      7260.000000           1          348.3641   
       243:      7290.000000           1          348.4072   
       244:      7320.000000           1          348.4085   
       245:      7350.000000           1          348.3663   
       246:      7380.000000           1          348.3411   
       247:      7410.000000           1          348.2935   
       248:      7440.000000           1          348.2477   
       249:      7470.000000           1          348.2371   
       250:      7500.000000           1          348.2409   
       251:      7530.000000           1          348.2252   
       252:      7560.000000           1          348.2286   
       253:      7590.000000           1          348.2493   
       254:      7620.000000           1          348.2430   
       255:      7650.000000           1          348.2145   
       256:      7680.000000           1          348.2009   
       257:      7710.000000           1          348.1828   
       258:      7740.000000           1          348.1651   
       259:      7770.000000           1          348.1525   
       260:      7800.000000           1          348.1392   
       261:      7830.000000           1          348.1249   
       262:      7860.000000           1          348.1300   
       263:      7890.000000           1          348.1333   
       264:      7920.000000           1          348.1377   
       265:      7950.000000           1          348.1254   
       266:      7980.000000           1          348.1369   
       267:      8010.000000           1          348.1415   
       268:      8040.000000           1          348.1455   
       269:      8070.000000           1          348.1481   
       270:      8100.000000           1          348.1268   
       271:      8130.000000           1          348.1258   
       272:      8160.000000           1          348.1510   
       273:      8190.000000           1          348.1808   
       274:      8220.000000           1          348.1967   
       275:      8250.000000           1          348.2107   
       276:      8280.000000           1          348.2400   
       277:      8310.000000           1          348.2588   
       278:      8340.000000           1          348.2734   
       279:      8370.000000           1          348.2660   
       280:      8400.000000           1          348.2636   
       281:      8430.000000           1          348.2667   
       282:      8460.000000           1          348.2790   
       283:      8490.000000           1          348.2757   
       284:      8520.000000           1          348.2652   
       285:      8550.000000           1          348.2538   
       286:      8580.000000           1          348.2435   
       287:      8610.000000           1          348.2426   
       288:      8640.000000           1          348.2519   
       289:      8670.000000           1          348.2672   
       290:      8700.000000           1          348.2734   
       291:      8730.000000           1          348.2799   
       292:      8760.000000           1          348.2998   
       293:      8790.000000           1          348.3102   
       294:      8820.000000           1          348.3108   
       295:      8850.000000           1          348.3169   
       296:      8880.000000           1          348.2905   
       297:      8910.000000           1          348.2900   
       298:      8940.000000           1          348.2944   
       299:      8970.000000           1          348.2945   
       300:      9000.000000           1          348.2856   
       301:      9030.000000           1          348.2815   
       302:      9060.000000           1          348.2689   
       303:      9090.000000           1          348.2599   
       304:      9120.000000           1          348.2703   
       305:      9150.000000           1          348.2743   
       306:      9180.000000           1          348.2710   
       307:      9210.000000           1          348.2640   
       308:      9240.000000           1          348.2574   
       309:      9270.000000           1          348.2425   
       310:      9300.000000           1          348.2218   
       311:      9330.000000           1          348.2008   
       312:      9360.000000           1          348.1828   
       313:      9390.000000           1          348.1752   
       314:      9420.000000           1          348.1575   
       315:      9450.000000           1          348.1705   
       316:      9480.000000           1          348.1562   
       317:      9510.000000           1          348.1525   
       318:      9540.000000           1          348.1426   
       319:      9570.000000           1          348.1462   
       320:      9600.000000           1          348.1546   
       321:      9630.000000           1          348.1575   
       322:      9660.000000           1          348.1751   
       323:      9690.000000           1          348.1836   
       324:      9720.000000           1          348.1950   
       325:      9750.000000           1          348.2124   
       326:      9780.000000           1          348.2081   
       327:      9810.000000           1          348.1996   
       328:      9840.000000           1          348.2055   
       329:      9870.000000           1          348.2195   
       330:      9900.000000           1          348.2298   
       331:      9930.000000           1          348.2267   
       332:      9960.000000           1          348.2120   
       333:      9990.000000           1          348.2042   
       334:     10020.000000           1          348.1980   
       335:     10050.000000           1          348.2026   
       336:     10080.000000           1          348.2030   
       337:     10110.000000           1          348.2112   
       338:     10140.000000           1          348.2151   
       339:     10170.000000           1          348.2148   
       340:     10200.000000           1          348.2066   
       341:     10230.000000           1          348.1963   
       342:     10260.000000           1          348.2036   
       343:     10290.000000           1          348.2020   
       344:     10320.000000           1          348.2093   
       345:     10350.000000           1          348.2088   
       346:     10380.000000           1          348.2221   
       347:     10410.000000           1          348.2382   
       348:     10440.000000           1          348.2532   
       349:     10470.000000           1          348.2556   
       350:     10500.000000           1          348.2674   
       351:     10530.000000           1          348.2714   
       352:     10560.000000           1          348.2937   
       353:     10590.000000           1          348.2847   
       354:     10620.000000           1          348.2968   
       355:     10650.000000           1          348.3012   
       356:     10680.000000           1          348.2866   
       357:     10710.000000           1          348.2633   
       358:     10740.000000           1          348.2533   
       359:     10770.000000           1          348.2453   
       360:     10800.000000           1          348.2351   
       361:     10830.000000           1          348.2439   
       362:     10860.000000           1          348.2544   
       363:     10890.000000           1          348.2474   
       364:     10920.000000           1          348.2476   
       365:     10950.000000           1          348.2448   
       366:     10980.000000           1          348.2348   
       367:     11010.000000           1           52.9638   
       368:     11040.000000           1          348.2116   
       369:     11070.000000           1          348.2101   
       370:     11100.000000           1           52.9426   
       371:     11130.000000           1          348.2115   
       372:     11160.000000           1          348.2074   
       373:     11190.000000           1          348.2070   
       374:     11220.000000           1          348.2059   
       375:     11250.000000           1           52.9793   
       376:     11280.000000           1          348.2725   
       377:     11310.000000           1          348.2681   
       378:     11340.000000           1           53.0318   
       379:     11370.000000           1           53.0364   
       380:     11400.000000           1          348.3272   
       381:     11430.000000           1          348.3383   
       382:     11460.000000           1          348.3455   
       383:     11490.000000           1          348.3309   
       384:     11520.000000           1          348.3280   
       385:     11550.000000           1          348.3430   
       386:     11580.000000           1          348.3290   
       387:     11610.000000           1           53.0525   
       388:     11640.000000           1          348.3007   
       389:     11670.000000           1           53.0354   
       390:     11700.000000           1          348.2970   
       391:     11730.000000           1          348.3022   
       392:     11760.000000           1          348.2911   
       393:     11790.000000           1          348.2888   
       394:     11820.000000           1          348.2989   
       395:     11850.000000           1           53.0634   
       396:     11880.000000           1           53.0629   
       397:     11910.000000           1           53.0532   
       398:     11940.000000           1           53.0513   
       399:     11970.000000           1           53.0446   
       400:     12000.000000           1           53.0487   
       401:     12030.000000           1           53.0502   
       402:     12060.000000           1           53.0484   
       403:     12090.000000           1           53.0491   
       404:     12120.000000           1           53.0416   
       405:     12150.000000           1           53.0441   
       406:     12180.000000           1           59.1649   
       407:     12210.000000           1           59.1621   
       408:     12240.000000           1           59.1714   
       409:     12270.000000           1           59.1835   
       410:     12300.000000           1           59.2077   
       411:     12330.000000           1           59.2113   
       412:     12360.000000           1           59.2111   
       413:     12390.000000           1           59.2055   
       414:     12420.000000           1           59.2109   
       415:     12450.000000           1           59.2222   
       416:     12480.000000           1           59.2466   
       417:     12510.000000           1           59.2576   
       418:     12540.000000           1           59.2648   
       419:     12570.000000           1           59.2639   
       420:     12600.000000           1           59.2640   
       421:     12630.000000           1           59.2749   
       422:     12660.000000           1           59.2787   
       423:     12690.000000           1           59.2880   
       424:     12720.000000           1           59.2965   
       425:     12750.000000           1           59.2924   
       426:     12780.000000           1           59.3050   
       427:     12810.000000           1           59.3104   
       428:     12840.000000           1           59.3204   
       429:     12870.000000           1           59.3275   
       430:     12900.000000           1           59.3425   
       431:     12930.000000           1           59.3539   
       432:     12960.000000           1           59.3561   
       433:     12990.000000           1           53.2567   
       434:     13020.000000           1           53.2549   
       435:     13050.000000           1           53.2538   
       436:     13080.000000           1          348.5567   
       437:     13110.000000           1           53.2689   
       438:     13140.000000           1           53.2634   
       439:     13170.000000           1           53.2683   
       440:     13200.000000           1           53.2918   
       441:     13230.000000           1          348.5870   
       442:     13260.000000           1           53.3000   
       443:     13290.000000           1          348.5909   
       444:     13320.000000           1           53.2935   
       445:     13350.000000           1           53.2962   
       446:     13380.000000           1           53.3024   
       447:     13410.000000           1           53.2900   
       448:     13440.000000           1           53.2898   
       449:     13470.000000           1           53.2921   
       450:     13500.000000           1           53.2941   
       451:     13530.000000           1           53.3049   
       452:     13560.000000           1           53.3001   
       453:     13590.000000           1           53.2879   
       454:     13620.000000           1           53.2888   
       455:     13650.000000           1           53.2849   
       456:     13680.000000           1           53.2778   
       457:     13710.000000           1           53.2645   
       458:     13740.000000           1           53.2455   
       459:     13770.000000           1           53.2404   
       460:     13800.000000           1           53.2485   
       461:     13830.000000           1           53.2495   
       462:     13860.000000           1           53.2559   
       463:     13890.000000           1           53.2629   
       464:     13920.000000           1           53.2683   
       465:     13950.000000           1           53.2675   
       466:     13980.000000           1           53.2573   
       467:     14010.000000           1           53.2660   
       468:     14040.000000           1           53.2804   
       469:     14070.000000           1           53.2727   
       470:     14100.000000           1           53.2876   
       471:     14130.000000           1           53.3224   
       472:     14160.000000           1           53.3171   
       473:     14190.000000           1           53.3153   
       474:     14220.000000           1           53.3133   
       475:     14250.000000           1           53.3080   
       476:     14280.000000           1           53.3184   
       477:     14310.000000           1           53.3153   
       478:     14340.000000           1           53.3114   
       479:     14370.000000           1           53.3128   
       480:     14400.000000           1          348.5750   
       481:     14430.000000           1           53.2756   
       482:     14460.000000           1          348.5700   
       483:     14490.000000           1           53.2351   
       484:     14520.000000           1          348.5143   
       485:     14550.000000           1          348.5117   
       486:     14580.000000           1          348.5086   
       487:     14610.000000           1          348.5107   
       488:     14640.000000           1          348.5139   
       489:     14670.000000           1           59.3825   
       490:     14700.000000           1           59.3885   
       491:     14730.000000           1          348.5252   
       492:     14760.000000           1          348.5162   
       493:     14790.000000           1          348.5082   
       494:     14820.000000           1          348.5070   
       495:     14850.000000           1          348.4949   
       496:     14880.000000           1          348.4935   
       497:     14910.000000           1          348.5029   
       498:     14940.000000           1          348.4978   
       499:     14970.000000           1          348.4991   
       500:     15000.000000           1          348.4957   
       501:     15030.000000           1          348.4909   
       502:     15060.000000           1          348.5059   
       503:     15090.000000           1          348.5022   
       504:     15120.000000           1           59.3786   
       505:     15150.000000           1          348.5613   
       506:     15180.000000           1          348.5635   
       507:     15210.000000           1          348.5765   
       508:     15240.000000           1          348.5730   
       509:     15270.000000           1          348.5779   
       510:     15300.000000           1          348.5633   
       511:     15330.000000           1          348.5715   
       512:     15360.000000           1          348.5591   
       513:     15390.000000           1          348.5463   
       514:     15420.000000           1          348.5556   
       515:     15450.000000           1          348.5566   
       516:     15480.000000           1          348.5608   
       517:     15510.000000           1          348.5603   
       518:     15540.000000           1          348.5713   
       519:     15570.000000           1          348.5726   
       520:     15600.000000           1          348.5748   
       521:     15630.000000           1          348.5776   
       522:     15660.000000           1          348.5872   
       523:     15690.000000           1          348.5861   
       524:     15720.000000           1          348.6018   
       525:     15750.000000           1          348.6091   
       526:     15780.000000           1          348.6287   
       527:     15810.000000           1          348.6278   
       528:     15840.000000           1          348.6509   
       529:     15870.000000           1          348.6570   
       530:     15900.000000           1          348.6705   
       531:     15930.000000           1          348.6732   
       532:     15960.000000           1          348.6679   
       533:     15990.000000           1          348.6711   
       534:     16020.000000           1          348.6684   
       535:     16050.000000           1          348.6711   
       536:     16080.000000           1          348.6805   
       537:     16110.000000           1          348.6679   
       538:     16140.000000           1          348.6724   
       539:     16170.000000           1          348.6653   
       540:     16200.000000           1          348.6776   
       541:     16230.000000           1          348.6782   
       542:     16260.000000           1          348.6747   
       543:     16290.000000           1          348.6683   
       544:     16320.000000           1          348.6565   
       545:     16350.000000           1          348.6609   
       546:     16380.000000           1          348.6675   
       547:     16410.000000           1          348.6706   
       548:     16440.000000           1          348.6916   
       549:     16470.000000           1          348.6929   
       550:     16500.000000           1          348.7125   
       551:     16530.000000           1          348.7211   
       552:     16560.000000           1          348.7221   
       553:     16590.000000           1          348.7195   
       554:     16620.000000           1          348.7338   
       555:     16650.000000           1          348.7335   
       556:     16680.000000           1          348.7455   
       557:     16710.000000           1          348.7526   
       558:     16740.000000           1          348.7589   
       559:     16770.000000           1          348.7601   
       560:     16800.000000           1          348.7607   
       561:     16830.000000           1          348.7638   
       562:     16860.000000           1          348.7769   
       563:     16890.000000           1          348.7696   
       564:     16920.000000           1          348.7773   
       565:     16950.000000           1          348.7737   
       566:     16980.000000           1          348.7736   
       567:     17010.000000           1          348.7790   
       568:     17040.000000           1          348.7812   
       569:     17070.000000           1          348.7899   
       570:     17100.000000           1          348.7913   
       571:     17130.000000           1          348.7940   
       572:     17160.000000           1          348.8001   
       573:     17190.000000           1          348.7991   
       574:     17220.000000           1          348.8047   
       575:     17250.000000           1          348.8043   
       576:     17280.000000           1          348.8031   
       577:     17310.000000           1          348.8080   
       578:     17340.000000           1          348.8112   
       579:     17370.000000           1          348.8117   
       580:     17400.000000           1          348.8116   
       581:     17430.000000           1          348.8055   
       582:     17460.000000           1          348.8015   
       583:     17490.000000           1          348.8016   
       584:     17520.000000           1          348.8090   
       585:     17550.000000           1          348.8147   
       586:     17580.000000           1          348.8227   
       587:     17610.000000           1          348.8377   
       588:     17640.000000           1          348.8354   
       589:     17670.000000           1          348.8192   
       590:     17700.000000           1          348.8141   
       591:     17730.000000           1          348.8055   
       592:     17760.000000           1          348.8070   
       593:     17790.000000           1          348.8054   
       594:     17820.000000           1          348.8004   
       595:     17850.000000           1          348.7985   
       596:     17880.000000           1          348.8092   
       597:     17910.000000           1          348.8182   
       598:     17940.000000           1          348.8195   
       599:     17970.000000           1          348.8390   
       600:     18000.000000           1          348.8712   
       601:     18030.000000           1          348.8803   
       602:     18060.000000           1          348.8914   
       603:     18090.000000           1          348.8970   
       604:     18120.000000           1          348.8968   
       605:     18150.000000           1          348.9040   
       606:     18180.000000           1          348.9043   
       607:     18210.000000           1          348.9069   
       608:     18240.000000           1          348.9043   
       609:     18270.000000           1          348.8995   
       610:     18300.000000           1          348.9042   
       611:     18330.000000           1          348.8980   
       612:     18360.000000           1          348.8951   
       613:     18390.000000           1          348.8962   
       614:     18420.000000           1          348.8935   
       615:     18450.000000           1          348.8977   
       616:     18480.000000           1          348.9098   
       617:     18510.000000           1          348.9169   
       618:     18540.000000           1          348.9015   
       619:     18570.000000           1          348.9129   
       620:     18600.000000           1          348.9213   
       621:     18630.000000           1          348.9320   
       622:     18660.000000           1          348.9283   
       623:     18690.000000           1          348.9371   
       624:     18720.000000           1          348.9438   
       625:     18750.000000           1          348.9722   
       626:     18780.000000           1          348.9974   
       627:     18810.000000           1          349.0108   
       628:     18840.000000           1          349.0204   
       629:     18870.000000           1          349.0274   
       630:     18900.000000           1          349.0276   
       631:     18930.000000           1          349.0227   
       632:     18960.000000           1          349.0282   
       633:     18990.000000           1          349.0446   
       634:     19020.000000           1          349.0577   
       635:     19050.000000           1          349.0560   
       636:     19080.000000           1          349.0619   
       637:     19110.000000           1          349.0647   
       638:     19140.000000           1          349.0749   
       639:     19170.000000           1          349.0749   
       640:     19200.000000           1          349.0755   
       641:     19230.000000           1          349.0753   
       642:     19260.000000           1          349.0704   
       643:     19290.000000           1          349.0729   
       644:     19320.000000           1          349.0758   
       645:     19350.000000           1          349.0843   
       646:     19380.000000           1          349.0800   
       647:     19410.000000           1          349.0839   
       648:     19440.000000           1          349.0878   
       649:     19470.000000           1          349.1005   
       650:     19500.000000           1          349.1027   
       651:     19530.000000           1          349.1062   
       652:     19560.000000           1          349.1027   
       653:     19590.000000           1          349.1103   
       654:     19620.000000           1          349.1258   
       655:     19650.000000           1          349.1320   
       656:     19680.000000           1          349.1380   
       657:     19710.000000           1          349.1648   
       658:     19740.000000           1          349.1819   
       659:     19770.000000           1          349.1935   
       660:     19800.000000           1          349.1924   
       661:     19830.000000           1          349.1967   
       662:     19860.000000           1          349.2070   
       663:     19890.000000           1          349.2170   
       664:     19920.000000           1          349.2229   
       665:     19950.000000           1          349.2320   
       666:     19980.000000           1          349.2410   
       667:     20010.000000           1          349.2496   
       668:     20040.000000           1          349.2525   
       669:     20070.000000           1          349.2554   
       670:     20100.000000           1          349.2577   
       671:     20130.000000           1          349.2665   
       672:     20160.000000           1          349.2727   
       673:     20190.000000           1          349.2758   
       674:     20220.000000           1          349.2800   
       675:     20250.000000           1          349.2833   
       676:     20280.000000           1          349.2911   
       677:     20310.000000           1          349.2926   
       678:     20340.000000           1          349.3006   
       679:     20370.000000           1          349.3191   
       680:     20400.000000           1          349.3181   
       681:     20430.000000           1          349.3153   
       682:     20460.000000           1          349.3207   
       683:     20490.000000           1          349.3248   
       684:     20520.000000           1          349.3330   
       685:     20550.000000           1          349.3549   
       686:     20580.000000           1          349.3613   
       687:     20610.000000           1          349.3676   
       688:     20640.000000           1          349.3634   
       689:     20670.000000           1          349.3657   
       690:     20700.000000           1          349.3708   
       691:     20730.000000           1          349.3684   
       692:     20760.000000           1          349.3796   
       693:     20790.000000           1          349.3784   
       694:     20820.000000           1          349.3767   
       695:     20850.000000           1          349.3724   
       696:     20880.000000           1          349.3697   
       697:     20910.000000           1          349.3754   
       698:     20940.000000           1          349.3855   
       699:     20970.000000           1          349.3942   
       700:     21000.000000           1          349.4020   
       701:     21030.000000           1          349.4118   
       702:     21060.000000           1          349.4252   
       703:     21090.000000           1          349.4458   
       704:     21120.000000           1          349.4721   
       705:     21150.000000           1          349.4817   
       706:     21180.000000           1          349.4854   
       707:     21210.000000           1          349.4983   
       708:     21240.000000           1          349.4995   
       709:     21270.000000           1          349.5070   
       710:     21300.000000           1          349.5084   
       711:     21330.000000           1          349.5035   
       712:     21360.000000           1          349.5120   
       713:     21390.000000           1          349.5103   
       714:     21420.000000           1          349.5264   
       715:     21450.000000           1          349.5363   
       716:     21480.000000           1          349.5425   
       717:     21510.000000           1          349.5592   
       718:     21540.000000           1          349.5589   
       719:     21570.000000           1          349.5679   
       720:     21600.000000           1          349.5741   
       721:     21630.000000           1          349.5831   
       722:     21660.000000           1          349.5923   
       723:     21690.000000           1          349.5988   
       724:     21720.000000           1          349.6065   
       725:     21750.000000           1          349.6118   
       726:     21780.000000           1          349.6175   
       727:     21810.000000           1          349.6272   
       728:     21840.000000           1          349.6348   
       729:     21870.000000           1          349.6486   
       730:     21900.000000           1          349.6767   
       731:     21930.000000           1          349.6976   
       732:     21960.000000           1          349.6988   
       733:     21990.000000           1          349.6980   
       734:     22020.000000           1          349.7099   
       735:     22050.000000           1          349.7101   
       736:     22080.000000           1          349.7159   
       737:     22110.000000           1          349.7227   
       738:     22140.000000           1          349.7264   
       739:     22170.000000           1          349.7425   
       740:     22200.000000           1          349.7510   
       741:     22230.000000           1          349.7600   
       742:     22260.000000           1          349.7672   
       743:     22290.000000           1          349.7711   
       744:     22320.000000           1          349.7762   
       745:     22350.000000           1          349.7848   
       746:     22380.000000           1          349.7891   
       747:     22410.000000           1          349.7937   
       748:     22440.000000           1          349.8031   
       749:     22470.000000           1          349.8158   
       750:     22500.000000           1          349.8243   
       751:     22530.000000           1          349.8335   
       752:     22560.000000           1          349.8389   
       753:     22590.000000           1          349.8511   
       754:     22620.000000           1          349.8621   
       755:     22650.000000           1          349.8692   
       756:     22680.000000           1          349.8758   
       757:     22710.000000           1          349.8881   
       758:     22740.000000           1          349.8921   
       759:     22770.000000           1          349.8978   
       760:     22800.000000           1          349.9011   
       761:     22830.000000           1          349.9036   
       762:     22860.000000           1          349.8956   
       763:     22890.000000           1          349.9172   
       764:     22920.000000           1          349.9357   
       765:     22950.000000           1          349.9466   
       766:     22980.000000           1          349.9484   
       767:     23010.000000           1          349.9557   
       768:     23040.000000           1          349.9700   
       769:     23070.000000           1          349.9785   
       770:     23100.000000           1          349.9809   
       771:     23130.000000           1          349.9858   
       772:     23160.000000           1          349.9904   
       773:     23190.000000           1          -38.1348   
       774:     23220.000000           1          350.0198   
       775:     23250.000000           1          350.0304   
       776:     23280.000000           1          350.0494   
       777:     23310.000000           1          350.0718   
       778:     23340.000000           1          350.0761   
       779:     23370.000000           1          350.0806   
       780:     23400.000000           1          350.0867   
       781:     23430.000000           1          350.0886   
       782:     23460.000000           1          350.0968   
       783:     23490.000000           1          350.1111   
       784:     23520.000000           1          350.1241   
       785:     23550.000000           1          350.1382   
       786:     23580.000000           1          350.1512   
       787:     23610.000000           1          350.1663   
       788:     23640.000000           1          -37.9336   
       789:     23670.000000           1          -37.9249   
       790:     23700.000000           1          -37.9254   
       791:     23730.000000           1          -37.9233   
       792:     23760.000000           1          -37.9164   
       793:     23790.000000           1          -37.9007   
       794:     23820.000000           1          -37.8963   
       795:     23850.000000           1          -37.8983   
       796:     23880.000000           1          -37.8952   
       797:     23910.000000           1          -37.8916   
       798:     23940.000000           1          -37.8789   
       799:     23970.000000           1          -37.8655   
       800:     24000.000000           1          -37.8621   
       801:     24030.000000           1          -37.8650   
       802:     24060.000000           1          -37.8583   
       803:     24090.000000           1          -37.8531   
       804:     24120.000000           1          -37.8529   
       805:     24150.000000           1          -37.8516   
       806:     24180.000000           1          -37.8485   
       807:     24210.000000           1          -37.8357   
       808:     24240.000000           1          -37.8338   
       809:     24270.000000           1          350.3433   
       810:     24300.000000           1          -37.8307   
       811:     24330.000000           1          -37.8285   
       812:     24360.000000           1          -37.8206   
       813:     24390.000000           1          -37.8263   
       814:     24420.000000           1          350.3817   
       815:     24450.000000           1          350.3949   
       816:     24480.000000           1          350.4079   
       817:     24510.000000           1          350.4172   
       818:     24540.000000           1          350.4298   
       819:     24570.000000           1          350.4398   
       820:     24600.000000           1          350.4472   
       821:     24630.000000           1          350.4542   
       822:     24660.000000           1          350.4676   
       823:     24690.000000           1          350.4683   
       824:     24720.000000           1          350.4702   
       825:     24750.000000           1          350.4764   
       826:     24780.000000           1          350.4849   
       827:     24810.000000           1          350.4895   
       828:     24840.000000           1          350.5058   
       829:     24870.000000           1          350.5146   
       830:     24900.000000           1          350.5172   
       831:     24930.000000           1          -37.7081   
       832:     24960.000000           1          -37.6997   
       833:     24990.000000           1          350.5388   
       834:     25020.000000           1          -37.6854   
       835:     25050.000000           1          -37.6649   
       836:     25080.000000           1          -37.6595   
       837:     25110.000000           1          -37.6474   
       838:     25140.000000           1          -37.6388   
       839:     25170.000000           1          -37.6356   
       840:     25200.000000           1          -37.6271   
       841:     25230.000000           1          -37.6198   
       842:     25260.000000           1          -37.5986   
       843:     25290.000000           1          -79.7058   
       844:     25320.000000           1          -37.5522   
       845:     25350.000000           1          -37.5343   
       846:     25380.000000           1          -37.5240   
       847:     25410.000000           1          -37.5111   
       848:     25440.000000           1          -37.5058   
       849:     25470.000000           1          -37.5027   
       850:     25500.000000           1          -37.4939   
       851:     25530.000000           1          -37.4927   
       852:     25560.000000           1          -37.4832   
       853:     25590.000000           1          -37.4784   
       854:     25620.000000           1          -37.4785   
       855:     25650.000000           1          -37.4664   
       856:     25680.000000           1          -37.4635   
       857:     25710.000000           1          -37.4612   
       858:     25740.000000           1          -37.4677   
       859:     25770.000000           1          -37.4635   
       860:     25800.000000           1          -37.4646   
       861:     25830.000000           1          -37.4553   
       862:     25860.000000           1          -37.4504   
       863:     25890.000000           1          -37.4406   
       864:     25920.000000           1          350.7682   
       865:     25950.000000           1          350.7601   
       866:     25980.000000           1          350.7666   
       867:     26010.000000           1          350.7722   
       868:     26040.000000           1          350.7633   
       869:     26070.000000           1          350.7670   
       870:     26100.000000           1          350.7652   
       871:     26130.000000           1          350.7651   
       872:     26160.000000           1          350.7638   
       873:     26190.000000           1          350.7672   
       874:     26220.000000           1          350.7672   
       875:     26250.000000           1          350.7658   
       876:     26280.000000           1          350.7696   
       877:     26310.000000           1          350.7759   
       878:     26340.000000           1          350.7820   
       879:     26370.000000           1          350.7921   
       880:     26400.000000           1          350.7979   
       881:     26430.000000           1          350.8112   
       882:     26460.000000           1          350.8283   
       883:     26490.000000           1          350.8357   
       884:     26520.000000           1          350.8452   
       885:     26550.000000           1          350.8518   
       886:     26580.000000           1          350.8521   
       887:     26610.000000           1          350.8653   
       888:     26640.000000           1          350.8877   
       889:     26670.000000           1          350.8919   
       890:     26700.000000           1          350.8899   
       891:     26730.000000           1          350.8962   
       892:     26760.000000           1          350.9062   
       893:     26790.000000           1          350.9171   
       894:     26820.000000           1          350.9319   
       895:     26850.000000           1          350.9340   
       896:     26880.000000           1          350.9480   
       897:     26910.000000           1          350.9633   
       898:     26940.000000           1          350.9686   
       899:     26970.000000           1          350.9802   
       900:     27000.000000           1          350.9885   
       901:     27030.000000           1          350.9945   
       902:     27060.000000           1          350.9934   
       903:     27090.000000           1          350.9982   
       904:     27120.000000           1          351.0098   
       905:     27150.000000           1          351.0281   
       906:     27180.000000           1          351.0447   
       907:     27210.000000           1          351.0595   
       908:     27240.000000           1          351.0653   
       909:     27270.000000           1          351.0642   
       910:     27300.000000           1          351.0636   
       911:     27330.000000           1          351.0607   
       912:     27360.000000           1          351.0580   
       913:     27390.000000           1          351.0645   
       914:     27420.000000           1          351.0745   
       915:     27450.000000           1          351.0832   
       916:     27480.000000           1          351.0923   
       917:     27510.000000           1          351.0948   
       918:     27540.000000           1          351.1049   
       919:     27570.000000           1          351.1180   
       920:     27600.000000           1          351.1263   
       921:     27630.000000           1          351.1299   
       922:     27660.000000           1          351.1338   
       923:     27690.000000           1          351.1456   
       924:     27720.000000           1          351.1551   
       925:     27750.000000           1          351.1685   
       926:     27780.000000           1          351.1778   
       927:     27810.000000           1          351.1797   
       928:     27840.000000           1          351.1883   
       929:     27870.000000           1          351.1925   
       930:     27900.000000           1          351.1997   
       931:     27930.000000           1          351.2162   
       932:     27960.000000           1          351.2293   
       933:     27990.000000           1          351.2271   
       934:     28020.000000           1          -36.8917   
       935:     28050.000000           1          -36.8873   
       936:     28080.000000           1          -36.8842   
       937:     28110.000000           1          -36.8797   
       938:     28140.000000           1          -36.8660   
       939:     28170.000000           1          -36.8495   
       940:     28200.000000           1          -36.8305   
       941:     28230.000000           1          -36.8072   
       942:     28260.000000           1          -79.0526   
       943:     28290.000000           1          -36.7996   
       944:     28320.000000           1          -79.0381   
       945:     28350.000000           1          -79.0311   
       946:     28380.000000           1          -79.0241   
       947:     28410.000000           1          -79.0231   
       948:     28440.000000           1          -79.0149   
       949:     28470.000000           1          -79.0059   
       950:     28500.000000           1          -78.9978   
       951:     28530.000000           1          -78.9753   
       952:     28560.000000           1          -78.9745   
       953:     28590.000000           1          -78.9595   
       954:     28620.000000           1          -78.9604   
       955:     28650.000000           1          -78.9502   
       956:     28680.000000           1          -78.9481   
       957:     28710.000000           1          -78.9428   
       958:     28740.000000           1          -78.9385   
       959:     28770.000000           1          -78.9305   
       960:     28800.000000           1          -78.9193   
       961:     28830.000000           1          -78.9116   
       962:     28860.000000           1          -78.9014   
       963:     28890.000000           1          -78.8874   
       964:     28920.000000           1          -78.8775   
      2849:     85470.000000           1          -30.7857   
      2850:     85500.000000           1          -30.7872   
      2851:     85530.000000           1          -30.7890   
      2852:     85560.000000           1          -30.7898   
      2853:     85590.000000           1          -30.7900   
      2854:     85620.000000           1          -30.7918   
      2855:     85650.000000           1          -30.7938   
      2856:     85680.000000           1          -30.7975   
      2857:     85710.000000           1          -30.7991   
      2858:     85740.000000           1          -30.8007   
      2859:     85770.000000           1          -30.8029   
      2860:     85800.000000           1          -30.8053   
      2861:     85830.000000           1          -30.8066   
      2862:     85860.000000           1          -30.8085   
      2863:     85890.000000           1          -30.8094   
      2864:     85920.000000           1          -30.8103   
      2865:     85950.000000           1          -30.8133   
      2866:     85980.000000           1          -30.8158   
      2867:     86010.000000           1          -30.8185   
      2868:     86040.000000           1          169.3527   
      2869:     86070.000000           1          -30.8352   
      2870:     86100.000000           1          -30.8399   
      2871:     86130.000000           1          -30.8433   
      2872:     86160.000000           1          -30.8461   
      2873:     86190.000000           1          -30.8482   
      2874:     86220.000000           1          -30.8505   
      2875:     86250.000000           1           32.3955   
      2876:     86280.000000           1           32.3794   
      2877:     86310.000000           1           32.3417   
      2878:     86340.000000           1           32.4182   
      2879:     86370.000000           1           32.4559   
