      1847:     55410.000000           1           90.3991   
      1848:     55440.000000           1           90.4240   
      1849:     55470.000000           1           90.4515   
      1850:     55500.000000           1           90.4257   
      1851:     55530.000000           1           90.4352   
      1852:     55560.000000           1           90.4505   
      1853:     55590.000000           1           90.4935   
      1854:     55620.000000           1           90.5383   
      1855:     55650.000000           1           90.5785   
      1856:     55680.000000           1           90.6234   
      1857:     55710.000000           1           90.6595   
      1858:     55740.000000           1           90.6933   
      1861:     55830.000000           1           91.0934   
      1862:     55860.000000           1           91.1252   
      1863:     55890.000000           1           91.1970   
      1864:     55920.000000           1           91.2025   
      1865:     55950.000000           1           91.1782   
      1866:     55980.000000           1           91.1704   
      1867:     56010.000000           1         -370.3978   
      1868:     56040.000000           1         -370.3950   
      1869:     56070.000000           1         -370.3945   
      1870:     56100.000000           1         -370.3946   
      1871:     56130.000000           1         -370.3913   
      1872:     56160.000000           1         -370.3883   
      1873:     56190.000000           1         -370.3809   
      1874:     56220.000000           1         -370.3767   
      1875:     56250.000000           1         -370.3840   
      1876:     56280.000000           1         -370.3809   
      1877:     56310.000000           1         -370.3736   
      1878:     56340.000000           1         -370.3661   
      1879:     56370.000000           1         -370.3635   
      1880:     56400.000000           1         -370.3611   
      1881:     56430.000000           1         -370.3559   
      1882:     56460.000000           1         -370.3541   
      1883:     56490.000000           1         -370.3545   
      1884:     56520.000000           1         -370.3536   
      1885:     56550.000000           1         -370.3576   
      1886:     56580.000000           1         -370.3569   
      1887:     56610.000000           1         -370.3570   
      1888:     56640.000000           1         -370.3584   
      1889:     56670.000000           1         -370.3634   
      1890:     56700.000000           1         -370.3640   
      1891:     56730.000000           1           91.2300   
      1892:     56760.000000           1         -370.3841   
      1893:     56790.000000           1         -370.3893   
      1894:     56820.000000           1         -370.3910   
      1895:     56850.000000           1         -370.3982   
      1896:     56880.000000           1         -370.4019   
      1897:     56910.000000           1         -370.4024   
      1898:     56940.000000           1         -370.4040   
      1899:     56970.000000           1           91.2627   
      1900:     57000.000000           1           91.2612   
      1901:     57030.000000           1           91.2630   
      1902:     57060.000000           1           91.2626   
      1923:     57690.000000           1           91.4471   
      1926:     57780.000000           1           91.4759   
      1928:     57840.000000           1           91.4858   
      1929:     57870.000000           1         -370.5076   
      1930:     57900.000000           1         -370.5089   
      1931:     57930.000000           1         -370.5067   
      1932:     57960.000000           1         -370.5076   
      1933:     57990.000000           1         -370.5111   
      1934:     58020.000000           1         -370.5128   
      1935:     58050.000000           1         -370.5119   
      1936:     58080.000000           1         -370.5090   
      1937:     58110.000000           1         -370.5092   
      1938:     58140.000000           1         -370.5083   
      1939:     58170.000000           1         -370.5083   
      1940:     58200.000000           1         -370.5077   
      1941:     58230.000000           1         -370.5081   
      1942:     58260.000000           1         -370.5076   
      1943:     58290.000000           1         -370.5101   
      1944:     58320.000000           1         -370.5155   
      1945:     58350.000000           1         -370.5175   
      1946:     58380.000000           1         -370.5184   
      1947:     58410.000000           1         -370.5182   
      1948:     58440.000000           1         -370.5212   
      1949:     58470.000000           1         -370.5264   
      1950:     58500.000000           1         -370.5266   
      1951:     58530.000000           1         -370.5285   
      1952:     58560.000000           1         -370.5338   
      1953:     58590.000000           1         -370.5339   
      1954:     58620.000000           1         -370.5355   
      1955:     58650.000000           1         -370.5362   
      1956:     58680.000000           1         -370.5409   
      1957:     58710.000000           1         -370.5456   
      1958:     58740.000000           1         -370.5494   
      1959:     58770.000000           1         -370.5499   
      1960:     58800.000000           1         -370.5474   
      1961:     58830.000000           1         -370.5450   
      1962:     58860.000000           1         -370.5449   
      1963:     58890.000000           1         -370.5485   
      1964:     58920.000000           1         -370.5498   
      1965:     58950.000000           1         -370.5509   
      1966:     58980.000000           1         -370.5539   
      1967:     59010.000000           1         -370.5541   
      1968:     59040.000000           1         -370.5571   
      1969:     59070.000000           1         -370.5604   
      1970:     59100.000000           1         -370.5586   
      1971:     59130.000000           1         -370.5614   
      1972:     59160.000000           1         -370.5673   
      1973:     59190.000000           1         -370.5699   
      1974:     59220.000000           1         -370.5694   
      1975:     59250.000000           1         -370.5713   
      1976:     59280.000000           1         -370.5730   
      1977:     59310.000000           1         -370.5734   
      1978:     59340.000000           1         -370.5733   
      1979:     59370.000000           1         -370.5753   
      1980:     59400.000000           1         -370.5770   
      1981:     59430.000000           1         -370.5778   
      1982:     59460.000000           1         -370.5790   
      1983:     59490.000000           1         -370.5781   
      1984:     59520.000000           1         -370.5826   
      1985:     59550.000000           1         -370.5854   
      1986:     59580.000000           1         -370.5918   
      1987:     59610.000000           1         -370.5932   
      1988:     59640.000000           1         -370.5910   
      1989:     59670.000000           1         -370.5926   
      1990:     59700.000000           1         -370.5941   
      1991:     59730.000000           1         -370.5942   
      1992:     59760.000000           1         -370.5967   
      1993:     59790.000000           1         -370.5975   
      1994:     59820.000000           1           91.3643   
      1995:     59850.000000           1         -370.5977   
      1996:     59880.000000           1         -370.5999   
      1997:     59910.000000           1         -370.6042   
      1998:     59940.000000           1           91.3530   
      1999:     59970.000000           1           91.3521   
      2000:     60000.000000           1           91.3527   
      2001:     60030.000000           1           91.3527   
      2002:     60060.000000           1           91.3570   
      2003:     60090.000000           1           91.3602   
      2004:     60120.000000           1           91.3596   
      2005:     60150.000000           1           91.3655   
      2006:     60180.000000           1           91.3687   
      2007:     60210.000000           1           91.3700   
      2008:     60240.000000           1           91.3732   
      2009:     60270.000000           1           91.3761   
      2010:     60300.000000           1           91.3780   
      2011:     60330.000000           1           91.3805   
      2012:     60360.000000           1           91.3859   
      2013:     60390.000000           1           91.3850   
      2014:     60420.000000           1           91.3848   
      2015:     60450.000000           1           91.3826   
      2022:     60660.000000           1           91.3695   
      2023:     60690.000000           1           91.3714   
      2025:     60750.000000           1           91.3819   
      2027:     60810.000000           1           91.3817   
      2028:     60840.000000           1           91.3818   
      2035:     61050.000000           1           91.3997   
      2036:     61080.000000           1           91.3985   
      2037:     61110.000000           1           91.3990   
      2039:     61170.000000           1           91.3925   
      2040:     61200.000000           1           91.3879   
      2041:     61230.000000           1           91.3856   
      2042:     61260.000000           1           91.3865   
      2043:     61290.000000           1         -370.6105   
      2044:     61320.000000           1         -370.6126   
      2045:     61350.000000           1         -370.6147   
      2046:     61380.000000           1           91.3855   
      2047:     61410.000000           1         -370.6072   
      2048:     61440.000000           1         -370.6026   
      2049:     61470.000000           1           91.4144   
      2050:     61500.000000           1         -370.5950   
      2051:     61530.000000           1         -370.5927   
      2052:     61560.000000           1           91.4179   
      2053:     61590.000000           1         -370.5956   
      2054:     61620.000000           1           91.4191   
      2055:     61650.000000           1         -370.6028   
      2056:     61680.000000           1         -370.6019   
      2057:     61710.000000           1         -370.5985   
      2058:     61740.000000           1         -370.5960   
      2059:     61770.000000           1         -370.5954   
      2060:     61800.000000           1         -370.5921   
      2061:     61830.000000           1         -370.5908   
      2062:     61860.000000           1           91.4311   
      2063:     61890.000000           1           91.4338   
      2064:     61920.000000           1           91.4359   
      2065:     61950.000000           1           91.4374   
      2066:     61980.000000           1           91.4408   
      2067:     62010.000000           1         -370.5836   
      2068:     62040.000000           1         -370.5805   
      2069:     62070.000000           1           91.4517   
      2075:     62250.000000           1           91.4614   
      2078:     62340.000000           1           91.4518   
      2091:     62730.000000           1           91.4434   
      2119:     63570.000000           1           91.4904   
      2120:     63600.000000           1           91.4915   
      2146:     64380.000000           1           91.5015   
      2148:     64440.000000           1           91.4973   
      2149:     64470.000000           1           91.4979   
      2150:     64500.000000           1           91.5002   
      2151:     64530.000000           1         -370.5377   
      2152:     64560.000000           1         -370.5375   
      2153:     64590.000000           1         -370.5374   
      2154:     64620.000000           1         -370.5383   
      2155:     64650.000000           1         -370.5429   
      2156:     64680.000000           1         -370.5441   
      2157:     64710.000000           1         -370.5463   
      2158:     64740.000000           1         -370.5435   
      2159:     64770.000000           1         -370.5391   
      2160:     64800.000000           1         -370.5378   
      2161:     64830.000000           1         -370.5357   
      2162:     64860.000000           1         -370.5299   
      2163:     64890.000000           1         -370.5276   
      2164:     64920.000000           1         -370.5281   
      2165:     64950.000000           1         -370.5261   
      2166:     64980.000000           1         -370.5285   
      2167:     65010.000000           1         -370.5288   
      2168:     65040.000000           1         -370.5331   
      2169:     65070.000000           1           91.5135   
      2170:     65100.000000           1           91.5168   
      2171:     65130.000000           1         -370.5289   
      2172:     65160.000000           1           91.5217   
      2173:     65190.000000           1           91.5206   
      2174:     65220.000000           1           91.5217   
      2175:     65250.000000           1           91.5200   
      2176:     65280.000000           1           91.5171   
      2177:     65310.000000           1           91.5167   
      2178:     65340.000000           1           91.5159   
      2179:     65370.000000           1           91.5143   
      2180:     65400.000000           1           91.5168   
      2181:     65430.000000           1           91.5188   
      2182:     65460.000000           1           91.5238   
      2183:     65490.000000           1           91.5254   
      2184:     65520.000000           1           91.5301   
      2187:     65610.000000           1           91.5379   
      2188:     65640.000000           1           91.5413   
      2191:     65730.000000           1           91.5615   
      2192:     65760.000000           1           91.5630   
      2193:     65790.000000           1           91.5612   
      2194:     65820.000000           1           91.5594   
      2195:     65850.000000           1           91.5580   
      2196:     65880.000000           1           91.5595   
      2197:     65910.000000           1           91.5630   
      2198:     65940.000000           1           91.5653   
      2199:     65970.000000           1           91.5673   
      2201:     66030.000000           1           91.5808   
      2202:     66060.000000           1           91.5826   
      2203:     66090.000000           1           91.5802   
      2204:     66120.000000           1           91.5801   
      2206:     66180.000000           1           91.5767   
      2207:     66210.000000           1           91.5765   
      2208:     66240.000000           1           91.5774   
      2209:     66270.000000           1           91.5771   
      2210:     66300.000000           1           91.5780   
      2261:     67830.000000           1           91.5874   
      2262:     67860.000000           1           91.5890   
      2263:     67890.000000           1           91.5933   
      2264:     67920.000000           1           91.5893   
      2265:     67950.000000           1           91.5881   
      2266:     67980.000000           1           91.5887   
      2267:     68010.000000           1           91.5855   
      2268:     68040.000000           1           91.5879   
      2269:     68070.000000           1           91.5879   
      2270:     68100.000000           1           91.5861   
      2271:     68130.000000           1           91.5868   
      2339:     70170.000000           1         -370.5230   
      2340:     70200.000000           1         -370.5242   
      2341:     70230.000000           1         -370.5244   
      2342:     70260.000000           1         -370.5225   
      2343:     70290.000000           1         -370.5250   
      2344:     70320.000000           1         -370.5233   
      2345:     70350.000000           1         -370.5233   
      2346:     70380.000000           1         -370.5249   
      2347:     70410.000000           1         -370.5278   
      2348:     70440.000000           1         -370.5297   
      2349:     70470.000000           1         -370.5330   
      2350:     70500.000000           1         -370.5337   
      2351:     70530.000000           1         -370.5364   
      2451:     73530.000000           1         -370.5625   
      2452:     73560.000000           1         -370.5637   
      2453:     73590.000000           1         -370.5676   
      2454:     73620.000000           1         -370.5700   
      2455:     73650.000000           1         -370.5699   
      2456:     73680.000000           1         -370.5710   
      2457:     73710.000000           1         -370.5710   
      2458:     73740.000000           1         -370.5714   
      2459:     73770.000000           1         -370.5727   
      2460:     73800.000000           1         -370.5713   
      2461:     73830.000000           1         -370.5714   
      2464:     73920.000000           1         -370.5782   
      2465:     73950.000000           1         -370.5816   
      2466:     73980.000000           1         -370.5842   
      2467:     74010.000000           1         -370.5847   
      2468:     74040.000000           1         -370.5835   
      2469:     74070.000000           1         -370.5824   
      2470:     74100.000000           1         -370.5831   
      2471:     74130.000000           1         -370.5848   
      2472:     74160.000000           1         -370.5866   
      2473:     74190.000000           1         -370.5887   
      2474:     74220.000000           1         -370.5899   
      2475:     74250.000000           1         -370.5893   
      2476:     74280.000000           1         -370.5917   
      2477:     74310.000000           1         -370.5917   
      2478:     74340.000000           1         -370.5944   
      2479:     74370.000000           1         -370.5950   
      2480:     74400.000000           1         -370.6002   
      2481:     74430.000000           1         -370.6034   
      2483:     74490.000000           1         -370.6074   
      2484:     74520.000000           1         -370.6088   
      2485:     74550.000000           1         -370.6088   
      2486:     74580.000000           1         -370.6124   
      2566:     76980.000000           1         -370.7671   
      2568:     77040.000000           1         -370.7778   
      2569:     77070.000000           1         -370.7809   
      2570:     77100.000000           1         -370.7835   
      2571:     77130.000000           1         -370.7876   
      2572:     77160.000000           1         -370.7901   
      2573:     77190.000000           1         -370.7949   
      2574:     77220.000000           1         -370.7970   
      2575:     77250.000000           1         -370.7989   
      2576:     77280.000000           1         -370.8012   
      2577:     77310.000000           1         -370.8041   
      2578:     77340.000000           1         -370.8089   
      2579:     77370.000000           1         -370.8138   
      2580:     77400.000000           1         -370.8175   
      2581:     77430.000000           1         -370.8199   
      2582:     77460.000000           1         -370.8233   
      2584:     77520.000000           1         -370.8322   
      2585:     77550.000000           1         -370.8332   
      2586:     77580.000000           1         -370.8348   
      2587:     77610.000000           1         -370.8358   
      2588:     77640.000000           1         -370.8364   
      2589:     77670.000000           1         -370.8393   
      2590:     77700.000000           1         -370.8393   
      2591:     77730.000000           1         -370.8398   
      2592:     77760.000000           1         -370.8424   
      2593:     77790.000000           1         -370.8454   
      2594:     77820.000000           1         -370.8467   
      2595:     77850.000000           1         -370.8478   
      2596:     77880.000000           1         -370.8472   
      2597:     77910.000000           1         -370.8494   
      2598:     77940.000000           1         -370.8516   
      2599:     77970.000000           1         -370.8543   
      2600:     78000.000000           1         -370.8564   
      2601:     78030.000000           1         -370.8594   
      2602:     78060.000000           1         -370.8612   
      2603:     78090.000000           1         -370.8643   
      2604:     78120.000000           1         -370.8663   
      2605:     78150.000000           1         -370.8712   
      2606:     78180.000000           1         -370.8757   
      2607:     78210.000000           1         -370.8806   
      2608:     78240.000000           1         -370.8831   
      2654:     79620.000000           1         -371.0057   
      2655:     79650.000000           1         -371.0096   
      2656:     79680.000000           1         -371.0130   
      2657:     79710.000000           1         -371.0184   
      2658:     79740.000000           1         -371.0192   
