       234:      7020.000000           1          -45.3665   
       235:      7050.000000           1          -45.3837   
       236:      7080.000000           1          -45.3940   
       251:      7530.000000           1          -45.5300   
       252:      7560.000000           1          -45.5257   
       253:      7590.000000           1          -45.5055   
       254:      7620.000000           1          -45.5106   
       255:      7650.000000           1          -45.5380   
       256:      7680.000000           1          -45.5492   
       257:      7710.000000           1          -45.5657   
       258:      7740.000000           1          -45.5822   
       259:      7770.000000           1          -45.5937   
       260:      7800.000000           1          -45.6062   
       261:      7830.000000           1          142.5705   
       262:      7860.000000           1          142.5771   
       263:      7890.000000           1          142.5818   
       264:      7920.000000           1          142.5840   
       265:      7950.000000           1          142.5707   
       266:      7980.000000           1          142.5823   
       267:      8010.000000           1          142.5880   
       268:      8040.000000           1          142.5903   
       269:      8070.000000           1          142.5923   
       270:      8100.000000           1          142.5736   
       271:      8130.000000           1          142.5748   
       272:      8160.000000           1          142.5991   
       273:      8190.000000           1          142.6279   
       274:      8220.000000           1          142.6412   
       275:      8250.000000           1          142.6514   
       276:      8280.000000           1          142.6768   
       277:      8310.000000           1          142.6918   
       278:      8340.000000           1          142.7018   
       279:      8370.000000           1          142.6911   
       280:      8400.000000           1          142.6868   
       281:      8430.000000           1          142.6888   
       282:      8460.000000           1          142.7001   
       283:      8490.000000           1          142.6963   
       284:      8520.000000           1          -45.4857   
       285:      8550.000000           1          -45.4964   
       286:      8580.000000           1          -45.5054   
       287:      8610.000000           1          -45.5057   
       288:      8640.000000           1          -45.4959   
       289:      8670.000000           1          -45.4810   
       290:      8700.000000           1          -45.4745   
       291:      8730.000000           1          -45.4678   
       292:      8760.000000           1          -45.4479   
       293:      8790.000000           1          -45.4378   
       294:      8820.000000           1          -45.4371   
       295:      8850.000000           1          -45.4316   
       296:      8880.000000           1          -23.2669   
       297:      8910.000000           1          -23.2823   
       298:      8940.000000           1          -23.3599   
       299:      8970.000000           1          -23.3752   
       300:      9000.000000           1          -23.4088   
       301:      9030.000000           1          -23.4612   
       302:      9060.000000           1          -23.4671   
       303:      9090.000000           1          -23.4801   
       304:      9120.000000           1          -23.4984   
       305:      9150.000000           1          -23.5105   
       306:      9180.000000           1          -23.5170   
       307:      9210.000000           1          -23.5422   
       308:      9240.000000           1          -23.5399   
       309:      9270.000000           1          -23.5721   
       310:      9300.000000           1          -23.5978   
       311:      9330.000000           1          -45.5495   
       312:      9360.000000           1          -23.7699   
       313:      9390.000000           1          -23.7446   
       314:      9420.000000           1          -23.8031   
       315:      9450.000000           1          -23.8026   
       316:      9480.000000           1          -23.8259   
       317:      9510.000000           1          -23.8558   
       318:      9540.000000           1          -23.9009   
       319:      9570.000000           1          -23.9048   
       320:      9600.000000           1          -23.9134   
       321:      9630.000000           1          -23.9164   
       322:      9660.000000           1          -23.9044   
       323:      9690.000000           1          -23.9029   
       324:      9720.000000           1          -23.9040   
       325:      9750.000000           1          -23.8819   
       326:      9780.000000           1          -23.8850   
       327:      9810.000000           1          -23.8958   
       328:      9840.000000           1          -23.8982   
       329:      9870.000000           1          -23.8931   
       330:      9900.000000           1          -23.8906   
       331:      9930.000000           1          -23.9055   
       332:      9960.000000           1          -23.9294   
       333:      9990.000000           1          -23.9401   
       334:     10020.000000           1          -23.9541   
       335:     10050.000000           1          -23.9581   
       336:     10080.000000           1          -23.9668   
       337:     10110.000000           1          -23.9655   
       338:     10140.000000           1          -23.9627   
       339:     10170.000000           1          -23.9673   
       340:     10200.000000           1          -23.9838   
       341:     10230.000000           1          -23.9930   
       342:     10260.000000           1          -23.9907   
       343:     10290.000000           1          -23.9905   
       344:     10320.000000           1          -23.9890   
       345:     10350.000000           1          -23.9955   
       346:     10380.000000           1          -23.9846   
       347:     10410.000000           1          -23.9770   
       348:     10440.000000           1          -23.9665   
       349:     10470.000000           1          -23.9701   
       350:     10500.000000           1          -23.9598   
       351:     10530.000000           1          -23.9586   
       352:     10560.000000           1          -23.9390   
       353:     10590.000000           1          -23.9494   
       354:     10620.000000           1          -23.9346   
       355:     10650.000000           1          -23.9348   
       356:     10680.000000           1          -23.9538   
       357:     10710.000000           1          -23.9825   
       358:     10740.000000           1          -23.9973   
       359:     10770.000000           1          -24.0090   
       360:     10800.000000           1          -24.0219   
       361:     10830.000000           1          -24.0193   
       362:     10860.000000           1          -24.0126   
       363:     10890.000000           1          -24.0212   
       364:     10920.000000           1          -24.0224   
       365:     10950.000000           1          -24.0269   
       366:     10980.000000           1          -24.0358   
       367:     11010.000000           1          -45.5485   
       368:     11040.000000           1          -24.0594   
       369:     11070.000000           1          -24.0623   
       370:     11100.000000           1          -45.5662   
       371:     11130.000000           1          -24.0710   
       372:     11160.000000           1          -24.0763   
       373:     11190.000000           1          -24.0784   
       374:     11220.000000           1          -24.0811   
       375:     11250.000000           1          -45.5277   
       376:     11280.000000           1          -24.0249   
       377:     11310.000000           1          -24.0304   
       378:     11340.000000           1          -45.4724   
       379:     11370.000000           1          -45.4673   
       380:     11400.000000           1          -23.9714   
       381:     11430.000000           1          -23.9623   
       382:     11460.000000           1          -23.9563   
       383:     11490.000000           1          -23.9728   
       384:     11520.000000           1          -23.9762   
       385:     11550.000000           1          -23.9629   
       386:     11580.000000           1          -23.9795   
       387:     11610.000000           1          -45.4479   
       388:     11640.000000           1          -24.0185   
       389:     11670.000000           1          -45.4662   
       390:     11700.000000           1          -24.0333   
       391:     11730.000000           1          -24.0307   
       392:     11760.000000           1          -24.0456   
       393:     11790.000000           1          -24.0494   
       394:     11820.000000           1          -24.0411   
       395:     11850.000000           1          -45.4407   
       396:     11880.000000           1          -45.4409   
       397:     11910.000000           1          -45.4505   
       398:     11940.000000           1          -45.4522   
       399:     11970.000000           1          -45.4585   
       400:     12000.000000           1          -45.4539   
       401:     12030.000000           1          -45.4516   
       402:     12060.000000           1          -45.4525   
       403:     12090.000000           1          -45.4508   
       404:     12120.000000           1          -45.4570   
       405:     12150.000000           1          -45.4539   
       423:     12690.000000           1          -45.3097   
       424:     12720.000000           1          -45.3020   
       425:     12750.000000           1          -45.3066   
       426:     12780.000000           1          -45.2947   
       427:     12810.000000           1          -45.2901   
       428:     12840.000000           1          -45.2826   
       429:     12870.000000           1          -45.2766   
       430:     12900.000000           1          -45.2631   
       431:     12930.000000           1          -45.2516   
       432:     12960.000000           1          -45.2501   
       433:     12990.000000           1          -23.8328   
       434:     13020.000000           1          -23.8325   
       435:     13050.000000           1          -23.8324   
       436:     13080.000000           1          112.4387   
       437:     13110.000000           1          -23.8141   
       438:     13140.000000           1          -23.8187   
       439:     13170.000000           1          -23.8126   
       440:     13200.000000           1          -23.7876   
       441:     13230.000000           1          112.4712   
       442:     13260.000000           1          -23.7783   
       443:     13290.000000           1          112.4781   
       444:     13320.000000           1          -23.7874   
       445:     13350.000000           1          -23.7857   
       446:     13380.000000           1          -23.7805   
       447:     13410.000000           1          -23.7935   
       448:     13440.000000           1          -23.7952   
       449:     13470.000000           1          -23.7939   
       450:     13500.000000           1          -23.7925   
       451:     13530.000000           1          -23.7801   
       452:     13560.000000           1          -23.7855   
       453:     13590.000000           1          -23.7981   
       454:     13620.000000           1          -23.7961   
       455:     13650.000000           1          -23.8002   
       456:     13680.000000           1          -23.8068   
       457:     13710.000000           1          -23.8202   
       458:     13740.000000           1          -23.8399   
       459:     13770.000000           1          -23.8445   
       460:     13800.000000           1          -23.8343   
       461:     13830.000000           1          -23.8315   
       462:     13860.000000           1          -23.8246   
       463:     13890.000000           1          -23.8162   
       464:     13920.000000           1          -23.8093   
       465:     13950.000000           1          -23.8104   
       466:     13980.000000           1          -23.8211   
       467:     14010.000000           1          -23.8119   
       468:     14040.000000           1          -23.7964   
       469:     14070.000000           1          -23.8039   
       470:     14100.000000           1          -23.7890   
       471:     14130.000000           1          -23.7526   
       472:     14160.000000           1          -23.7579   
       473:     14190.000000           1          -23.7593   
       474:     14220.000000           1          -23.7607   
       475:     14250.000000           1          -23.7651   
       476:     14280.000000           1          -23.7547   
       477:     14310.000000           1          -23.7576   
       478:     14340.000000           1          -23.7611   
       479:     14370.000000           1          -23.7570   
       480:     14400.000000           1          112.4861   
       481:     14430.000000           1          -23.7904   
       482:     14460.000000           1          112.4818   
       483:     14490.000000           1          -23.8293   
       484:     14520.000000           1          112.4265   
       485:     14550.000000           1          -23.8634   
       486:     14580.000000           1          -23.8662   
       487:     14610.000000           1          -23.8642   
       488:     14640.000000           1          -23.8602   
       489:     14670.000000           1          -45.2580   
       490:     14700.000000           1          -45.2511   
       491:     14730.000000           1          -23.8447   
       492:     14760.000000           1          -23.8533   
       493:     14790.000000           1          -23.8609   
       494:     14820.000000           1          -23.8622   
       495:     14850.000000           1          -23.8741   
       496:     14880.000000           1          -23.8756   
       497:     14910.000000           1          -23.8656   
       498:     14940.000000           1          -23.8708   
       499:     14970.000000           1          -23.8701   
       500:     15000.000000           1          -23.8733   
       501:     15030.000000           1          -23.8787   
       502:     15060.000000           1          -23.8643   
       503:     15090.000000           1          -23.8683   
       504:     15120.000000           1          -45.2524   
       505:     15150.000000           1          -23.8106   
       506:     15180.000000           1          -23.8089   
       507:     15210.000000           1          -23.7966   
       508:     15240.000000           1          -23.8013   
       509:     15270.000000           1          -23.7971   
       510:     15300.000000           1          -23.8133   
       511:     15330.000000           1          -23.8058   
       512:     15360.000000           1          112.4827   
       513:     15390.000000           1          112.4699   
       514:     15420.000000           1          112.4795   
       515:     15450.000000           1          112.4808   
       516:     15480.000000           1          112.4853   
       517:     15510.000000           1          112.4851   
       518:     15540.000000           1          112.4965   
       519:     15570.000000           1          112.4980   
       520:     15600.000000           1          112.5006   
       521:     15630.000000           1          112.5038   
       522:     15660.000000           1          112.5142   
       523:     15690.000000           1          112.5136   
       524:     15720.000000           1          112.5302   
       525:     15750.000000           1          112.5383   
       526:     15780.000000           1          112.5588   
       527:     15810.000000           1          112.5583   
       528:     15840.000000           1          112.5817   
       529:     15870.000000           1          112.5879   
       530:     15900.000000           1          112.6015   
       531:     15930.000000           1          112.6040   
       532:     15960.000000           1          112.5983   
       533:     15990.000000           1          112.6012   
       534:     16020.000000           1          112.5981   
       535:     16050.000000           1          112.6006   
       536:     16080.000000           1          112.6099   
       537:     16110.000000           1          112.5968   
       538:     16140.000000           1          112.6014   
       539:     16170.000000           1          112.5944   
       540:     16200.000000           1          112.6070   
       541:     16230.000000           1          112.6080   
       542:     16260.000000           1          112.6048   
       543:     16290.000000           1          112.5989   
       544:     16320.000000           1          112.5874   
       545:     16350.000000           1          112.5921   
       546:     16380.000000           1          112.5990   
       547:     16410.000000           1          112.6023   
       548:     16440.000000           1          112.6238   
       549:     16470.000000           1          112.6255   
       550:     16500.000000           1          112.6456   
       551:     16530.000000           1          112.6548   
       552:     16560.000000           1          112.6563   
       553:     16590.000000           1          112.6541   
       554:     16620.000000           1          112.6689   
       555:     16650.000000           1          112.6689   
       556:     16680.000000           1          112.6812   
       557:     16710.000000           1          112.6888   
       558:     16740.000000           1          112.6954   
       559:     16770.000000           1          112.6969   
       560:     16800.000000           1          112.6978   
       561:     16830.000000           1          112.7012   
       562:     16860.000000           1          112.7147   
       563:     16890.000000           1          112.7076   
       564:     16920.000000           1          112.7156   
       565:     16950.000000           1          112.7122   
       566:     16980.000000           1          112.7124   
       567:     17010.000000           1          112.7181   
       568:     17040.000000           1          112.7208   
       569:     17070.000000           1          112.7299   
       570:     17100.000000           1          112.7318   
       571:     17130.000000           1          112.7352   
       572:     17160.000000           1          112.7416   
       573:     17190.000000           1          -23.5778   
       574:     17220.000000           1          112.7471   
       575:     17250.000000           1          -23.5730   
       576:     17280.000000           1          -23.5742   
       577:     17310.000000           1          -23.5694   
       578:     17340.000000           1          -23.5661   
       579:     17370.000000           1          -23.5650   
       580:     17400.000000           1          -23.5651   
       581:     17430.000000           1          -23.5712   
       582:     17460.000000           1          -23.5753   
       583:     17490.000000           1          -23.5755   
       584:     17520.000000           1          -23.5680   
       585:     17550.000000           1          -23.5624   
       586:     17580.000000           1          -23.5544   
       587:     17610.000000           1          -23.5390   
       588:     17640.000000           1          -23.5411   
       589:     17670.000000           1          -23.5574   
       590:     17700.000000           1          -23.5622   
       591:     17730.000000           1          -23.5705   
       592:     17760.000000           1          -23.5687   
       593:     17790.000000           1          -23.5697   
       594:     17820.000000           1          -23.5744   
       595:     17850.000000           1          -23.5758   
       596:     17880.000000           1          -23.5645   
       597:     17910.000000           1          -23.5551   
       598:     17940.000000           1          -23.5534   
       599:     17970.000000           1          -23.5332   
       600:     18000.000000           1          112.8237   
       601:     18030.000000           1          112.8336   
       602:     18060.000000           1          112.8454   
       603:     18090.000000           1          112.8517   
       604:     18120.000000           1          112.8520   
       605:     18150.000000           1          112.8598   
       606:     18180.000000           1          112.8605   
       607:     18210.000000           1          112.8638   
       608:     18240.000000           1          112.8616   
       609:     18270.000000           1          112.8570   
       610:     18300.000000           1          112.8621   
       611:     18330.000000           1          112.8563   
       612:     18360.000000           1          112.8539   
       613:     18390.000000           1          112.8555   
       614:     18420.000000           1          112.8532   
       615:     18450.000000           1          112.8580   
       616:     18480.000000           1          112.8708   
       617:     18510.000000           1          112.8785   
       618:     18540.000000           1          112.8640   
       619:     18570.000000           1          112.8764   
       620:     18600.000000           1          112.8853   
       621:     18630.000000           1          112.8967   
       622:     18660.000000           1          112.8933   
       623:     18690.000000           1          112.9027   
       624:     18720.000000           1          112.9100   
       625:     18750.000000           1          112.9398   
       626:     18780.000000           1          -23.3690   
       627:     18810.000000           1          112.9808   
       628:     18840.000000           1          112.9909   
       629:     18870.000000           1          -23.3376   
       630:     18900.000000           1          -23.3370   
       631:     18930.000000           1          -23.3416   
       632:     18960.000000           1          -23.3362   
       633:     18990.000000           1          -23.3192   
       634:     19020.000000           1          -23.3055   
       635:     19050.000000           1          -23.3068   
       636:     19080.000000           1          -23.3006   
       637:     19110.000000           1          -23.2977   
       638:     19140.000000           1          -23.2876   
       639:     19170.000000           1          -23.2877   
       640:     19200.000000           1          -23.2869   
       641:     19230.000000           1          -23.2870   
       642:     19260.000000           1          -23.2921   
       643:     19290.000000           1          -23.2896   
       644:     19320.000000           1          -23.2868   
       645:     19350.000000           1          -23.2785   
       646:     19380.000000           1          -23.2833   
       647:     19410.000000           1          -23.2796   
       648:     19440.000000           1          -23.2757   
       649:     19470.000000           1         -340.5285   
       650:     19500.000000           1          -23.2607   
       651:     19530.000000           1          -23.2570   
       652:     19560.000000           1          -23.2603   
       653:     19590.000000           1          -23.2525   
       654:     19620.000000           1          -23.2368   
       655:     19650.000000           1          -23.2305   
       656:     19680.000000           1         -340.5256   
       657:     19710.000000           1          -23.1973   
       658:     19740.000000           1          -23.1798   
       659:     19770.000000           1          -23.1679   
       660:     19800.000000           1          -23.1688   
       661:     19830.000000           1          -23.1642   
       662:     19860.000000           1          -23.1537   
       663:     19890.000000           1          -23.1436   
       664:     19920.000000           1          -23.1378   
       665:     19950.000000           1          -23.1289   
       666:     19980.000000           1          113.2264   
       667:     20010.000000           1          113.2354   
       668:     20040.000000           1          113.2385   
       669:     20070.000000           1          113.2420   
       670:     20100.000000           1          113.2446   
       671:     20130.000000           1          113.2537   
       672:     20160.000000           1          113.2601   
       673:     20190.000000           1          113.2634   
       674:     20220.000000           1          113.2677   
       675:     20250.000000           1          113.2712   
       676:     20280.000000           1          113.2792   
       677:     20310.000000           1          113.2809   
       678:     20340.000000           1          113.2893   
       679:     20370.000000           1          113.3082   
       680:     20400.000000           1          113.3073   
       681:     20430.000000           1          113.3047   
       682:     20460.000000           1          113.3104   
       683:     20490.000000           1          113.3145   
       684:     20520.000000           1          113.3230   
       685:     20550.000000           1          -23.0087   
       686:     20580.000000           1          -23.0019   
       687:     20610.000000           1          -22.9953   
       688:     20640.000000           1          -22.9991   
       689:     20670.000000           1          -22.9963   
       690:     20700.000000           1          -22.9906   
       691:     20730.000000           1          -22.9927   
       692:     20760.000000           1          -22.9811   
       693:     20790.000000           1          -22.9820   
       694:     20820.000000           1          -22.9833   
       695:     20850.000000           1          -22.9875   
       696:     20880.000000           1         -340.4930   
       697:     20910.000000           1          -22.9840   
       698:     20940.000000           1          -22.9736   
       699:     20970.000000           1          -22.9648   
       700:     21000.000000           1          -22.9570   
       701:     21030.000000           1          -22.9472   
       702:     21060.000000           1          -22.9337   
       703:     21090.000000           1         -340.4575   
       704:     21120.000000           1          -22.8869   
       705:     21150.000000           1          -22.8773   
       706:     21180.000000           1          -22.8735   
       707:     21210.000000           1          -22.8603   
       708:     21240.000000           1          -22.8591   
       709:     21270.000000           1          -22.8512   
       710:     21300.000000           1          -22.8496   
       711:     21330.000000           1          -22.8543   
       712:     21360.000000           1          -22.8456   
       713:     21390.000000           1          -22.8471   
       714:     21420.000000           1          -22.8306   
       715:     21450.000000           1          -22.8202   
       716:     21480.000000           1          113.5433   
       717:     21510.000000           1          113.5609   
       718:     21540.000000           1          113.5609   
       719:     21570.000000           1          113.5702   
       720:     21600.000000           1          113.5768   
       721:     21630.000000           1          113.5863   
       722:     21660.000000           1          113.5958   
       723:     21690.000000           1          113.6027   
       724:     21720.000000           1          113.6106   
       725:     21750.000000           1          113.6160   
       726:     21780.000000           1          113.6217   
       727:     21810.000000           1          -22.7228   
       728:     21840.000000           1          -22.7151   
       729:     21870.000000           1          113.6535   
       730:     21900.000000           1          -22.6733   
       731:     21930.000000           1          -22.6523   
       732:     21960.000000           1          -22.6512   
       733:     21990.000000           1          -22.6522   
       734:     22020.000000           1          -22.6403   
       735:     22050.000000           1          -22.6401   
       736:     22080.000000           1          -22.6343   
       737:     22110.000000           1          -22.6273   
       738:     22140.000000           1          -22.6234   
       739:     22170.000000           1          -22.6073   
       740:     22200.000000           1          -22.5986   
       741:     22230.000000           1          -22.5896   
       742:     22260.000000           1          -22.5825   
       743:     22290.000000           1          -22.5784   
       744:     22320.000000           1          -22.5730   
       745:     22350.000000           1          -22.5640   
       746:     22380.000000           1          -22.5593   
       747:     22410.000000           1          -22.5544   
       748:     22440.000000           1          -22.5446   
       749:     22470.000000           1          -22.5313   
       750:     22500.000000           1          -22.5223   
       751:     22530.000000           1          -22.5127   
       752:     22560.000000           1          -22.5069   
       753:     22590.000000           1          -22.4945   
       754:     22620.000000           1          -22.4832   
       755:     22650.000000           1          -22.4757   
       756:     22680.000000           1          -22.4688   
       757:     22710.000000           1          -22.4559   
       758:     22740.000000           1          -22.4514   
       759:     22770.000000           1          -22.4455   
       760:     22800.000000           1          -22.4421   
       761:     22830.000000           1          113.9158   
       762:     22860.000000           1          113.9077   
       763:     22890.000000           1          -22.4267   
       764:     22920.000000           1          113.9484   
       765:     22950.000000           1          113.9594   
       766:     22980.000000           1          113.9612   
       767:     23010.000000           1          113.9686   
       768:     23040.000000           1          113.9833   
       769:     23070.000000           1          113.9920   
       770:     23100.000000           1          113.9947   
       771:     23130.000000           1          113.9996   
       772:     23160.000000           1          114.0043   
       773:     23190.000000           1          -22.3549   
       774:     23220.000000           1          114.0340   
       775:     23250.000000           1          114.0448   
       776:     23280.000000           1          114.0640   
       777:     23310.000000           1          114.0869   
       778:     23340.000000           1          114.0914   
       779:     23370.000000           1          114.0962   
       780:     23400.000000           1          114.1026   
       781:     23430.000000           1          114.1045   
       782:     23460.000000           1          114.1129   
       783:     23490.000000           1          114.1274   
       784:     23520.000000           1          114.1405   
       785:     23550.000000           1          114.1548   
       786:     23580.000000           1          114.1679   
       787:     23610.000000           1          114.1831   
       788:     23640.000000           1          -22.1406   
       789:     23670.000000           1          -22.1305   
       790:     23700.000000           1          -22.1288   
       791:     23730.000000           1          -22.1248   
       792:     23760.000000           1          -22.1157   
       793:     23790.000000           1          -22.0992   
       794:     23820.000000           1          -22.0921   
       795:     23850.000000           1          -22.0918   
       796:     23880.000000           1          -22.0865   
       797:     23910.000000           1          -22.0811   
       798:     23940.000000           1          -22.0665   
       799:     23970.000000           1          -22.0519   
       800:     24000.000000           1          -22.0488   
       801:     24030.000000           1          -22.0500   
       802:     24060.000000           1          -22.0419   
       803:     24090.000000           1         -339.8030   
       804:     24120.000000           1         -339.7999   
       805:     24150.000000           1         -339.7948   
       806:     24180.000000           1         -339.7886   
       807:     24210.000000           1         -339.7739   
       808:     24240.000000           1         -339.7706   
       809:     24270.000000           1          -21.9978   
       810:     24300.000000           1         -339.7670   
       811:     24330.000000           1         -339.7634   
       812:     24360.000000           1         -339.7528   
       813:     24390.000000           1         -339.7554   
       814:     24420.000000           1          -21.9588   
       815:     24450.000000           1          -21.9452   
       816:     24480.000000           1          -21.9321   
       817:     24510.000000           1          -21.9225   
       818:     24540.000000           1          -21.9097   
       819:     24570.000000           1          -21.8994   
       820:     24600.000000           1          -21.8921   
       821:     24630.000000           1          -21.8850   
       822:     24660.000000           1          -21.8716   
       823:     24690.000000           1          -21.8710   
       824:     24720.000000           1          -21.8692   
       825:     24750.000000           1          -21.8631   
       826:     24780.000000           1          -21.8547   
       827:     24810.000000           1          -21.8502   
       828:     24840.000000           1          -21.8339   
       829:     24870.000000           1          -21.8252   
       830:     24900.000000           1          -21.8225   
       831:     24930.000000           1         -339.5825   
       832:     24960.000000           1         -339.5727   
       833:     24990.000000           1          -21.8009   
       834:     25020.000000           1         -339.5592   
       835:     25050.000000           1         -339.5396   
       836:     25080.000000           1         -339.5341   
       837:     25110.000000           1         -339.5236   
       838:     25140.000000           1         -339.5152   
       839:     25170.000000           1         -339.5132   
       840:     25200.000000           1         -339.5062   
       841:     25230.000000           1         -339.4997   
      1216:     36480.000000           1           33.9409   
      1217:     36510.000000           1           33.9395   
      1219:     36570.000000           1           33.9257   
      1220:     36600.000000           1           33.9331   
      1221:     36630.000000           1           33.9381   
      1222:     36660.000000           1           33.9340   
      1223:     36690.000000           1           33.9487   
      1224:     36720.000000           1           33.9440   
      1225:     36750.000000           1           33.9491   
      1226:     36780.000000           1           33.9537   
      1227:     36810.000000           1           33.9596   
      1228:     36840.000000           1           33.9574   
      1229:     36870.000000           1           33.9536   
      1230:     36900.000000           1           33.9546   
      1231:     36930.000000           1           33.9569   
      1232:     36960.000000           1           33.9586   
      1233:     36990.000000           1           33.9605   
      1234:     37020.000000           1           33.9663   
      1235:     37050.000000           1           33.9637   
      1236:     37080.000000           1           33.9653   
      1237:     37110.000000           1           33.9678   
      1238:     37140.000000           1           33.9670   
      1239:     37170.000000           1           33.9687   
      1240:     37200.000000           1           33.9603   
      1241:     37230.000000           1           33.9631   
      1242:     37260.000000           1           33.9676   
      1243:     37290.000000           1           33.9786   
      1244:     37320.000000           1           33.9845   
      1245:     37350.000000           1           33.9939   
      1246:     37380.000000           1           34.0006   
      1247:     37410.000000           1           34.0049   
      1248:     37440.000000           1           33.9995   
      1249:     37470.000000           1           34.0072   
      1250:     37500.000000           1           34.0136   
      1251:     37530.000000           1           34.0149   
      1252:     37560.000000           1           34.0134   
      1253:     37590.000000           1           34.0225   
      1254:     37620.000000           1           34.0280   
      1255:     37650.000000           1           34.0317   
      1256:     37680.000000           1         -292.7980   
      1257:     37710.000000           1         -292.8826   
      1258:     37740.000000           1         -292.8261   
      1259:     37770.000000           1         -292.8004   
      1260:     37800.000000           1         -292.7379   
      1261:     37830.000000           1         -292.7341   
      1262:     37860.000000           1         -292.7678   
      1263:     37890.000000           1         -292.7709   
      1264:     37920.000000           1         -292.7897   
      1265:     37950.000000           1         -292.7916   
      1266:     37980.000000           1         -292.7812   
      1267:     38010.000000           1         -292.7743   
      1268:     38040.000000           1         -292.7890   
      1269:     38070.000000           1         -292.7941   
      1270:     38100.000000           1         -292.7878   
      1271:     38130.000000           1         -292.7872   
      1272:     38160.000000           1         -292.7919   
      1273:     38190.000000           1         -292.7833   
      1274:     38220.000000           1         -292.7919   
      1275:     38250.000000           1         -292.8085   
      1276:     38280.000000           1         -292.8171   
      1277:     38310.000000           1         -292.8166   
      1278:     38340.000000           1         -292.8092   
      1279:     38370.000000           1         -292.8057   
      1280:     38400.000000           1         -292.8139   
      1281:     38430.000000           1         -292.8047   
      1282:     38460.000000           1         -292.8109   
      1283:     38490.000000           1         -292.7974   
      1284:     38520.000000           1         -292.7937   
      1285:     38550.000000           1         -292.7827   
      1286:     38580.000000           1         -292.7703   
      1287:     38610.000000           1         -292.7773   
      1288:     38640.000000           1         -292.7735   
      1289:     38670.000000           1         -292.7737   
      1290:     38700.000000           1         -292.7799   
      1291:     38730.000000           1         -292.7687   
      1292:     38760.000000           1         -292.7680   
      1293:     38790.000000           1         -292.7685   
      1294:     38820.000000           1         -292.7733   
      1295:     38850.000000           1         -292.7633   
      1296:     38880.000000           1         -292.7595   
      1297:     38910.000000           1         -292.7602   
      1298:     38940.000000           1         -292.7688   
      1299:     38970.000000           1         -292.7751   
      1300:     39000.000000           1         -292.7806   
      1301:     39030.000000           1         -292.7940   
      1302:     39060.000000           1         -292.7932   
      1303:     39090.000000           1         -292.7978   
      1304:     39120.000000           1         -292.7915   
      1305:     39150.000000           1         -292.7839   
      1306:     39180.000000           1         -292.7857   
      1307:     39210.000000           1         -292.7853   
      1308:     39240.000000           1         -292.7798   
      1309:     39270.000000           1         -292.7692   
      1310:     39300.000000           1         -292.7653   
      1311:     39330.000000           1         -292.7611   
      1312:     39360.000000           1         -292.7537   
      1313:     39390.000000           1         -292.7486   
      1314:     39420.000000           1         -292.7403   
      1315:     39450.000000           1         -292.7440   
      1316:     39480.000000           1         -292.7430   
      1317:     39510.000000           1         -292.7361   
      1318:     39540.000000           1         -292.7346   
      1319:     39570.000000           1         -292.7285   
      1320:     39600.000000           1         -292.7259   
      1321:     39630.000000           1         -292.7215   
      1322:     39660.000000           1         -292.7244   
      1323:     39690.000000           1         -292.7228   
      1324:     39720.000000           1         -292.7223   
      1325:     39750.000000           1         -292.7169   
      1326:     39780.000000           1         -292.7100   
      1327:     39810.000000           1         -292.7050   
      1328:     39840.000000           1         -292.6964   
      1329:     39870.000000           1         -292.6952   
      1330:     39900.000000           1         -292.6941   
      1331:     39930.000000           1         -292.6907   
      1332:     39960.000000           1         -292.6834   
      1333:     39990.000000           1         -292.6836   
      1334:     40020.000000           1         -292.6876   
      1335:     40050.000000           1         -292.6816   
      1336:     40080.000000           1         -292.6785   
      1337:     40110.000000           1         -292.6704   
      1338:     40140.000000           1         -292.6748   
      1339:     40170.000000           1         -292.6740   
      1340:     40200.000000           1         -292.6715   
      1341:     40230.000000           1         -292.6685   
      1342:     40260.000000           1         -292.6635   
      1343:     40290.000000           1         -292.6597   
      1344:     40320.000000           1         -292.6523   
      1345:     40350.000000           1         -292.6477   
      1346:     40380.000000           1         -292.6427   
      1347:     40410.000000           1         -292.6346   
      1348:     40440.000000           1         -292.6334   
      1349:     40470.000000           1         -292.6300   
      1350:     40500.000000           1         -292.6256   
      1351:     40530.000000           1         -292.6207   
      1352:     40560.000000           1         -292.6127   
      1353:     40590.000000           1         -292.6108   
      1354:     40620.000000           1         -292.6040   
      1355:     40650.000000           1         -292.5963   
      1356:     40680.000000           1         -292.5907   
      1357:     40710.000000           1         -292.5800   
      1358:     40740.000000           1         -292.5753   
      1359:     40770.000000           1         -292.5726   
      1360:     40800.000000           1         -292.5639   
      1361:     40830.000000           1         -292.5612   
      1362:     40860.000000           1         -292.5588   
      1363:     40890.000000           1         -292.5540   
      1364:     40920.000000           1         -292.5474   
      1365:     40950.000000           1         -292.5427   
      1366:     40980.000000           1         -292.5375   
      1367:     41010.000000           1         -292.5287   
      1368:     41040.000000           1         -292.5230   
      1369:     41070.000000           1         -292.5191   
      1370:     41100.000000           1         -292.5143   
      1371:     41130.000000           1         -292.5083   
      1372:     41160.000000           1         -292.5045   
      1373:     41190.000000           1         -292.5009   
      1374:     41220.000000           1         -292.5025   
      1375:     41250.000000           1         -292.5040   
      1376:     41280.000000           1         -292.5045   
      1377:     41310.000000           1         -292.4909   
      1378:     41340.000000           1         -292.4957   
      1379:     41370.000000           1         -292.5011   
      1380:     41400.000000           1         -292.5038   
      1381:     41430.000000           1         -292.4995   
      1382:     41460.000000           1         -292.4951   
      1383:     41490.000000           1         -292.4873   
      1384:     41520.000000           1         -292.4853   
      1385:     41550.000000           1         -292.4839   
      1386:     41580.000000           1         -292.4864   
      1387:     41610.000000           1         -292.4857   
      1388:     41640.000000           1         -292.4858   
      1389:     41670.000000           1         -292.4836   
      1390:     41700.000000           1         -292.4804   
      1391:     41730.000000           1         -292.4862   
      1392:     41760.000000           1         -292.4883   
      1393:     41790.000000           1         -292.4894   
      1394:     41820.000000           1         -292.4861   
      1395:     41850.000000           1         -292.4906   
      1396:     41880.000000           1         -292.4915   
      1397:     41910.000000           1         -292.4894   
      1398:     41940.000000           1         -292.4858   
      1399:     41970.000000           1         -292.4879   
      1400:     42000.000000           1         -292.4863   
      1401:     42030.000000           1         -292.4843   
      1402:     42060.000000           1         -292.4843   
      1403:     42090.000000           1         -292.4853   
      1404:     42120.000000           1         -292.4871   
      1405:     42150.000000           1         -292.4923   
      1406:     42180.000000           1         -292.4952   
      1407:     42210.000000           1         -292.4982   
      1408:     42240.000000           1         -292.5000   
      1409:     42270.000000           1         -292.5063   
      1410:     42300.000000           1         -292.5086   
      1411:     42330.000000           1         -292.5072   
      1412:     42360.000000           1         -292.5106   
      1413:     42390.000000           1         -292.5189   
      1414:     42420.000000           1         -292.5206   
      1415:     42450.000000           1         -292.5224   
      1416:     42480.000000           1         -292.5252   
      1417:     42510.000000           1         -292.5280   
      1418:     42540.000000           1         -292.5264   
      1419:     42570.000000           1         -292.5253   
      1420:     42600.000000           1         -292.5238   
      1421:     42630.000000           1         -292.5199   
      1422:     42660.000000           1         -292.5146   
      1423:     42690.000000           1         -292.5120   
      1424:     42720.000000           1         -292.5118   
      1425:     42750.000000           1         -292.5072   
      1426:     42780.000000           1         -292.4961   
      1427:     42810.000000           1         -292.4923   
      1428:     42840.000000           1         -292.4904   
      1429:     42870.000000           1         -292.4897   
      1430:     42900.000000           1         -292.4897   
      1431:     42930.000000           1         -292.4865   
      1432:     42960.000000           1         -292.4868   
      1433:     42990.000000           1         -292.4881   
      1434:     43020.000000           1         -292.4857   
      1435:     43050.000000           1         -292.4886   
      1436:     43080.000000           1         -292.4896   
      1437:     43110.000000           1         -292.4885   
      1438:     43140.000000           1         -292.4854   
      1439:     43170.000000           1         -292.4824   
      1440:     43200.000000           1         -292.4796   
      1441:     43230.000000           1         -292.4762   
      1442:     43260.000000           1         -292.4758   
      1443:     43290.000000           1         -292.4737   
      1444:     43320.000000           1         -292.4758   
      1445:     43350.000000           1         -292.4770   
      1446:     43380.000000           1         -292.4748   
      1447:     43410.000000           1         -292.4692   
      1448:     43440.000000           1         -292.4658   
      1449:     43470.000000           1         -292.4663   
      1450:     43500.000000           1         -292.4652   
      1451:     43530.000000           1         -292.4631   
      1452:     43560.000000           1         -292.4581   
      1453:     43590.000000           1         -292.4564   
      1454:     43620.000000           1         -292.4535   
      1455:     43650.000000           1         -292.4482   
      1456:     43680.000000           1         -292.4472   
      1457:     43710.000000           1         -292.4483   
      1458:     43740.000000           1         -292.4567   
      1459:     43770.000000           1         -292.4606   
      1460:     43800.000000           1         -292.4608   
      1461:     43830.000000           1         -292.4582   
      1462:     43860.000000           1         -292.4571   
      1463:     43890.000000           1         -292.4565   
      1464:     43920.000000           1         -292.4553   
      1465:     43950.000000           1         -292.4526   
      1466:     43980.000000           1         -292.4513   
      1467:     44010.000000           1         -292.4447   
      1468:     44040.000000           1         -292.4416   
      1469:     44070.000000           1         -292.4390   
      1470:     44100.000000           1         -292.4308   
      1471:     44130.000000           1         -292.4270   
      1472:     44160.000000           1         -292.4302   
      1473:     44190.000000           1         -292.4346   
      1474:     44220.000000           1         -292.4402   
      1475:     44250.000000           1         -292.4396   
      1476:     44280.000000           1         -292.4381   
      1477:     44310.000000           1         -292.4397   
      1478:     44340.000000           1         -292.4385   
      1479:     44370.000000           1         -292.4378   
      1480:     44400.000000           1         -292.4372   
      1481:     44430.000000           1         -292.4389   
      1482:     44460.000000           1         -292.4427   
      1483:     44490.000000           1         -292.4433   
      1484:     44520.000000           1         -292.4474   
      1485:     44550.000000           1         -292.4507   
      1486:     44580.000000           1         -292.4556   
      1487:     44610.000000           1         -292.4583   
      1488:     44640.000000           1         -292.4561   
      1489:     44670.000000           1         -292.4531   
      1490:     44700.000000           1         -292.4537   
      1491:     44730.000000           1         -292.4574   
      1492:     44760.000000           1         -292.4581   
      1493:     44790.000000           1         -292.4530   
      1494:     44820.000000           1         -292.4470   
      1495:     44850.000000           1         -292.4430   
      1496:     44880.000000           1         -292.4372   
      1497:     44910.000000           1         -292.4330   
      1498:     44940.000000           1         -292.4291   
      1499:     44970.000000           1         -292.4278   
      1500:     45000.000000           1         -292.4227   
      1501:     45030.000000           1         -292.4260   
      1502:     45060.000000           1         -292.4321   
      1503:     45090.000000           1         -292.4372   
      1504:     45120.000000           1         -292.4448   
      1505:     45150.000000           1         -292.4526   
      1506:     45180.000000           1         -292.4548   
      1507:     45210.000000           1         -292.4593   
      1508:     45240.000000           1         -292.4654   
      1509:     45270.000000           1         -292.4642   
      1510:     45300.000000           1         -292.4662   
      1511:     45330.000000           1         -292.4699   
      1512:     45360.000000           1         -292.4682   
      1513:     45390.000000           1         -292.4659   
      1514:     45420.000000           1         -292.4658   
      1515:     45450.000000           1         -292.4637   
      1516:     45480.000000           1         -292.4622   
      1517:     45510.000000           1         -292.4626   
      1518:     45540.000000           1         -292.4623   
      1519:     45570.000000           1         -292.4605   
      1520:     45600.000000           1         -292.4596   
      1521:     45630.000000           1         -292.4579   
      1522:     45660.000000           1         -292.4525   
      1523:     45690.000000           1         -292.4513   
      1524:     45720.000000           1         -292.4525   
      1525:     45750.000000           1         -292.4544   
      1526:     45780.000000           1         -292.4579   
      1527:     45810.000000           1         -292.4607   
      1528:     45840.000000           1         -292.4607   
      1529:     45870.000000           1         -292.4737   
      1530:     45900.000000           1         -292.4704   
      1531:     45930.000000           1         -292.4718   
      1532:     45960.000000           1         -292.4693   
      1533:     45990.000000           1         -292.4712   
      1534:     46020.000000           1         -292.4760   
      1535:     46050.000000           1         -292.4784   
      1536:     46080.000000           1         -292.4809   
      1537:     46110.000000           1         -292.4823   
      1538:     46140.000000           1         -292.4852   
      1539:     46170.000000           1         -292.4856   
      1540:     46200.000000           1         -292.4840   
      1541:     46230.000000           1         -292.4837   
      1542:     46260.000000           1         -292.4802   
      1543:     46290.000000           1         -292.4825   
      1544:     46320.000000           1         -292.4792   
      1545:     46350.000000           1         -292.4863   
      1546:     46380.000000           1         -292.4921   
      1547:     46410.000000           1         -292.4964   
      1548:     46440.000000           1         -292.5025   
      1549:     46470.000000           1         -292.5066   
      1550:     46500.000000           1         -292.5083   
      1551:     46530.000000           1         -292.5105   
      1552:     46560.000000           1         -292.5164   
      1553:     46590.000000           1         -292.5204   
      1554:     46620.000000           1         -292.5265   
      1555:     46650.000000           1         -292.5299   
      1556:     46680.000000           1         -292.5374   
      1557:     46710.000000           1         -292.5378   
      1558:     46740.000000           1         -292.5396   
      1559:     46770.000000           1         -292.5402   
      1560:     46800.000000           1         -292.5492   
      1561:     46830.000000           1         -292.5652   
      1562:     46860.000000           1         -292.5639   
      1563:     46890.000000           1         -292.5708   
      1564:     46920.000000           1         -292.5736   
      1565:     46950.000000           1         -292.5794   
      1566:     46980.000000           1         -292.5826   
      1567:     47010.000000           1         -292.5839   
      1568:     47040.000000           1         -292.5870   
      1569:     47070.000000           1         -292.5875   
      1570:     47100.000000           1         -292.5908   
      1571:     47130.000000           1         -292.5937   
      1572:     47160.000000           1         -292.5954   
      1573:     47190.000000           1         -292.5977   
      1574:     47220.000000           1         -292.5955   
      1575:     47250.000000           1         -292.5910   
      1576:     47280.000000           1         -292.5972   
      1577:     47310.000000           1         -292.5945   
      1578:     47340.000000           1         -292.5945   
      1579:     47370.000000           1         -292.5959   
      1580:     47400.000000           1         -292.5966   
      1581:     47430.000000           1         -292.5973   
      1582:     47460.000000           1         -292.6010   
      1583:     47490.000000           1         -292.6043   
      1584:     47520.000000           1         -292.6067   
      1585:     47550.000000           1         -292.6138   
      1586:     47580.000000           1         -292.6174   
      1587:     47610.000000           1         -292.6201   
      1588:     47640.000000           1         -292.6229   
      1589:     47670.000000           1         -292.6244   
      1590:     47700.000000           1         -292.6231   
      1591:     47730.000000           1         -292.6259   
      1592:     47760.000000           1         -292.6279   
      1593:     47790.000000           1         -292.6281   
      1594:     47820.000000           1         -292.6271   
      1595:     47850.000000           1         -292.6264   
      1596:     47880.000000           1         -292.6279   
      1597:     47910.000000           1         -292.6305   
      1598:     47940.000000           1         -292.6280   
      1599:     47970.000000           1         -292.6292   
      1600:     48000.000000           1         -292.6289   
      1601:     48030.000000           1         -292.6281   
      1602:     48060.000000           1         -292.6272   
      1603:     48090.000000           1         -292.6271   
      1604:     48120.000000           1         -292.6297   
      1605:     48150.000000           1         -292.6300   
      1606:     48180.000000           1         -292.6356   
      1607:     48210.000000           1         -292.6429   
      1608:     48240.000000           1         -292.6476   
      1609:     48270.000000           1         -292.6489   
      1610:     48300.000000           1         -292.6503   
      1611:     48330.000000           1         -292.6532   
      1612:     48360.000000           1         -292.6560   
      1613:     48390.000000           1         -292.6561   
      1614:     48420.000000           1         -292.6532   
      1615:     48450.000000           1         -292.6567   
      1616:     48480.000000           1         -292.6623   
      1617:     48510.000000           1         -292.6649   
      1618:     48540.000000           1         -292.6668   
      1619:     48570.000000           1         -292.6671   
      1620:     48600.000000           1         -292.6694   
      1621:     48630.000000           1         -292.6677   
      1622:     48660.000000           1         -292.6666   
      1623:     48690.000000           1         -292.6700   
      1624:     48720.000000           1         -292.6713   
      1625:     48750.000000           1         -292.6740   
      1626:     48780.000000           1         -292.6791   
      1627:     48810.000000           1         -292.6820   
      1628:     48840.000000           1         -292.6839   
      1629:     48870.000000           1         -292.6828   
      1630:     48900.000000           1         -292.6829   
      1631:     48930.000000           1         -292.6837   
      1632:     48960.000000           1         -292.6823   
      1633:     48990.000000           1         -292.6822   
      1634:     49020.000000           1         -292.6866   
      1635:     49050.000000           1         -292.6938   
      1636:     49080.000000           1         -292.6977   
      1637:     49110.000000           1         -292.7020   
      1638:     49140.000000           1         -292.7021   
      1639:     49170.000000           1         -292.7041   
      1640:     49200.000000           1         -292.6989   
      1641:     49230.000000           1         -292.7010   
      1642:     49260.000000           1         -292.6976   
      1643:     49290.000000           1         -292.6986   
      1644:     49320.000000           1         -292.6973   
      1645:     49350.000000           1         -292.6986   
      1646:     49380.000000           1         -292.7008   
      1647:     49410.000000           1         -292.7040   
      1648:     49440.000000           1         -292.7081   
      1649:     49470.000000           1         -292.7120   
      1650:     49500.000000           1         -292.7114   
      1651:     49530.000000           1         -292.7104   
      1652:     49560.000000           1         -292.7131   
      1653:     49590.000000           1         -292.7183   
      1654:     49620.000000           1         -292.7240   
      1655:     49650.000000           1         -292.7271   
      1656:     49680.000000           1         -292.7303   
      1657:     49710.000000           1         -292.7310   
      1658:     49740.000000           1         -292.7335   
      1659:     49770.000000           1         -292.7353   
      1660:     49800.000000           1         -292.7351   
      1661:     49830.000000           1         -292.7370   
      1662:     49860.000000           1         -292.7360   
      1663:     49890.000000           1         -292.7352   
      1664:     49920.000000           1         -292.7363   
      1665:     49950.000000           1         -292.7411   
      1666:     49980.000000           1         -292.7444   
      1667:     50010.000000           1         -292.7475   
      1668:     50040.000000           1         -292.7484   
      1669:     50070.000000           1         -292.7470   
      1670:     50100.000000           1         -292.7441   
      1671:     50130.000000           1         -292.7386   
      1672:     50160.000000           1         -292.7345   
      1673:     50190.000000           1         -292.7316   
      1674:     50220.000000           1         -292.7334   
      1675:     50250.000000           1         -292.7316   
      1676:     50280.000000           1         -292.7335   
      1677:     50310.000000           1         -292.7292   
      1678:     50340.000000           1         -292.7319   
      1679:     50370.000000           1         -292.7329   
      1680:     50400.000000           1         -292.7246   
      1681:     50430.000000           1         -292.7246   
      1682:     50460.000000           1         -292.7226   
      1683:     50490.000000           1         -292.7210   
      1684:     50520.000000           1         -292.7217   
      1685:     50550.000000           1         -292.7248   
      1686:     50580.000000           1         -292.7220   
      1687:     50610.000000           1         -292.7239   
      1688:     50640.000000           1         -292.7288   
      1689:     50670.000000           1         -292.7307   
      1690:     50700.000000           1         -292.7276   
      1691:     50730.000000           1         -292.7240   
      1692:     50760.000000           1         -292.7252   
      1693:     50790.000000           1         -292.7259   
      1694:     50820.000000           1         -292.7251   
      1695:     50850.000000           1         -292.7245   
      1696:     50880.000000           1         -292.7239   
      1697:     50910.000000           1         -292.7208   
      1698:     50940.000000           1         -292.7188   
      1699:     50970.000000           1         -292.7171   
      1700:     51000.000000           1         -292.7166   
      1701:     51030.000000           1         -292.7180   
      1702:     51060.000000           1         -292.7193   
      1703:     51090.000000           1         -292.7243   
      1704:     51120.000000           1         -292.7254   
      1705:     51150.000000           1         -292.7266   
      1706:     51180.000000           1         -292.7235   
      1707:     51210.000000           1         -292.7224   
      1708:     51240.000000           1         -292.7242   
      1709:     51270.000000           1         -292.7217   
      1710:     51300.000000           1         -292.7202   
      1711:     51330.000000           1         -292.7211   
      1712:     51360.000000           1         -292.7218   
      1713:     51390.000000           1         -292.7210   
      1714:     51420.000000           1         -292.7198   
      1715:     51450.000000           1         -292.7213   
      1716:     51480.000000           1         -292.7233   
      1717:     51510.000000           1         -292.7255   
      1718:     51540.000000           1         -292.7229   
      1719:     51570.000000           1         -292.7217   
      1720:     51600.000000           1         -292.7210   
      1721:     51630.000000           1         -292.7183   
      1722:     51660.000000           1         -292.7179   
      1723:     51690.000000           1         -292.7103   
      1724:     51720.000000           1         -292.7066   
      1725:     51750.000000           1         -292.7090   
      1726:     51780.000000           1         -292.7126   
      1727:     51810.000000           1         -292.7165   
      1728:     51840.000000           1         -292.7194   
      1729:     51870.000000           1         -292.7166   
      1730:     51900.000000           1         -292.7166   
      1731:     51930.000000           1         -292.7161   
      1732:     51960.000000           1         -292.7179   
      1733:     51990.000000           1         -292.7173   
      1734:     52020.000000           1         -292.7191   
      1735:     52050.000000           1         -292.7219   
      1736:     52080.000000           1         -292.7229   
      1737:     52110.000000           1         -292.7221   
      1738:     52140.000000           1         -292.7235   
      1739:     52170.000000           1         -292.7240   
      1740:     52200.000000           1         -292.7258   
      1741:     52230.000000           1         -292.7278   
      1742:     52260.000000           1         -292.7312   
      1743:     52290.000000           1         -292.7325   
      1744:     52320.000000           1         -292.7321   
      1745:     52350.000000           1         -292.7346   
      1746:     52380.000000           1         -292.7414   
      1747:     52410.000000           1         -292.7402   
      1748:     52440.000000           1         -292.7394   
      1749:     52470.000000           1         -292.7407   
      1750:     52500.000000           1         -292.7374   
      1751:     52530.000000           1         -292.7340   
      1752:     52560.000000           1         -292.7340   
      1753:     52590.000000           1         -292.7332   
      1754:     52620.000000           1         -292.7331   
      1755:     52650.000000           1         -292.7316   
      1756:     52680.000000           1         -292.7303   
      1757:     52710.000000           1         -292.7322   
      1758:     52740.000000           1         -292.7364   
      1759:     52770.000000           1         -292.7387   
      1760:     52800.000000           1         -292.7400   
      1761:     52830.000000           1         -292.7391   
      1762:     52860.000000           1         -292.7356   
      1763:     52890.000000           1         -292.7359   
      1764:     52920.000000           1         -292.7402   
      1765:     52950.000000           1         -292.7389   
      1766:     52980.000000           1         -292.7388   
      1767:     53010.000000           1         -292.7409   
      1768:     53040.000000           1         -292.7468   
      1769:     53070.000000           1         -292.7529   
      1770:     53100.000000           1         -292.7553   
      1771:     53130.000000           1         -292.7560   
      1772:     53160.000000           1         -292.7560   
      1773:     53190.000000           1         -292.7557   
      1774:     53220.000000           1         -292.7600   
      1775:     53250.000000           1         -292.7648   
      1776:     53280.000000           1         -292.7649   
      1777:     53310.000000           1         -292.7668   
      1778:     53340.000000           1           34.0811   
      1779:     53370.000000           1           34.0819   
      1780:     53400.000000           1           34.0801   
      1781:     53430.000000           1           34.0792   
      1782:     53460.000000           1           34.0797   
      1783:     53490.000000           1           34.0789   
      1784:     53520.000000           1           34.0771   
      1785:     53550.000000           1           34.0742   
      1786:     53580.000000           1           34.0706   
      1787:     53610.000000           1           34.0708   
      1788:     53640.000000           1           34.0717   
      1789:     53670.000000           1           34.0722   
      1790:     53700.000000           1           34.0745   
      1791:     53730.000000           1           34.0751   
      1792:     53760.000000           1           34.0762   
      1793:     53790.000000           1           34.0804   
      1794:     53820.000000           1           34.0828   
      1795:     53850.000000           1           34.0788   
      1796:     53880.000000           1           34.0795   
      1797:     53910.000000           1           34.0761   
      1798:     53940.000000           1           34.0734   
      1799:     53970.000000           1           34.0706   
      1800:     54000.000000           1           34.0672   
      1802:     54060.000000           1           34.0523   
