       942:     28260.000000           1          160.1311   
       944:     28320.000000           1          160.1471   
       945:     28350.000000           1          160.1538   
       946:     28380.000000           1          160.1608   
       947:     28410.000000           1          160.1612   
       948:     28440.000000           1          160.1685   
       949:     28470.000000           1          160.1770   
       950:     28500.000000           1          160.1848   
       951:     28530.000000           1          160.2074   
       952:     28560.000000           1          160.2093   
       953:     28590.000000           1          160.2238   
       954:     28620.000000           1          160.2238   
       955:     28650.000000           1          160.2335   
       956:     28680.000000           1          160.2359   
       957:     28710.000000           1          160.2420   
       958:     28740.000000           1          160.2467   
       959:     28770.000000           1          160.2538   
       960:     28800.000000           1          160.2636   
       961:     28830.000000           1          160.2706   
       962:     28860.000000           1          160.2801   
       963:     28890.000000           1          160.2938   
       964:     28920.000000           1          160.3037   
       965:     28950.000000           1          160.3209   
       966:     28980.000000           1          160.3230   
       967:     29010.000000           1          160.3340   
       968:     29040.000000           1          160.3433   
       969:     29070.000000           1         -442.9335   
       970:     29100.000000           1         -442.8919   
       971:     29130.000000           1         -442.8803   
       972:     29160.000000           1         -442.8776   
       973:     29190.000000           1         -442.8469   
       974:     29220.000000           1         -442.8509   
       975:     29250.000000           1         -442.8208   
       976:     29280.000000           1         -442.8210   
       977:     29310.000000           1         -442.7905   
       978:     29340.000000           1         -442.7376   
       979:     29370.000000           1         -442.7391   
       980:     29400.000000           1         -442.7282   
       981:     29430.000000           1         -442.6963   
       982:     29460.000000           1         -442.6722   
       983:     29490.000000           1         -442.6653   
       984:     29520.000000           1         -442.6683   
       985:     29550.000000           1         -442.6550   
       986:     29580.000000           1         -442.6639   
       987:     29610.000000           1         -442.6448   
       988:     29640.000000           1         -442.6499   
       989:     29670.000000           1         -442.6393   
       990:     29700.000000           1         -442.6319   
       991:     29730.000000           1         -442.6363   
       992:     29760.000000           1         -442.6231   
       993:     29790.000000           1         -442.6348   
       994:     29820.000000           1         -442.6488   
       995:     29850.000000           1         -442.6678   
       996:     29880.000000           1         -442.6737   
       997:     29910.000000           1         -442.6848   
       998:     29940.000000           1         -442.6982   
       999:     29970.000000           1         -442.6938   
      1000:     30000.000000           1         -442.6944   
      1001:     30030.000000           1         -442.6909   
      1002:     30060.000000           1         -442.6921   
      1003:     30090.000000           1         -442.6918   
      1004:     30120.000000           1         -442.6887   
      1005:     30150.000000           1         -442.6805   
      1006:     30180.000000           1         -442.6805   
      1007:     30210.000000           1         -442.6870   
      1008:     30240.000000           1         -442.6861   
      1009:     30270.000000           1         -442.6786   
      1010:     30300.000000           1         -442.6862   
      1011:     30330.000000           1         -442.6765   
      1012:     30360.000000           1         -442.6757   
      1013:     30390.000000           1         -442.6720   
      1014:     30420.000000           1         -442.6499   
      1015:     30450.000000           1         -442.6402   
      1016:     30480.000000           1         -442.6239   
      1017:     30510.000000           1         -442.6039   
      1018:     30540.000000           1         -442.5840   
      1019:     30570.000000           1         -442.5755   
      1020:     30600.000000           1         -442.5701   
      1021:     30630.000000           1         -442.5574   
      1022:     30660.000000           1         -442.5512   
      1023:     30690.000000           1         -442.5463   
      1024:     30720.000000           1         -442.5340   
      1025:     30750.000000           1         -442.5289   
      1026:     30780.000000           1         -442.5210   
      1027:     30810.000000           1         -442.5062   
      1028:     30840.000000           1         -442.5066   
      1029:     30870.000000           1         -442.5042   
      1030:     30900.000000           1         -442.4915   
      1031:     30930.000000           1         -442.4811   
      1032:     30960.000000           1         -442.4709   
      1033:     30990.000000           1         -442.4747   
      1034:     31020.000000           1         -442.4726   
      1035:     31050.000000           1         -442.4765   
      1036:     31080.000000           1         -442.4710   
      1037:     31110.000000           1         -442.4652   
      1038:     31140.000000           1         -442.4664   
      1039:     31170.000000           1         -442.4665   
      1040:     31200.000000           1         -442.4559   
      1041:     31230.000000           1         -442.4433   
      1042:     31260.000000           1         -442.4301   
      1043:     31290.000000           1         -442.4175   
      1044:     31320.000000           1         -442.4049   
      1045:     31350.000000           1         -442.3965   
      1046:     31380.000000           1         -442.3934   
      1047:     31410.000000           1         -442.3837   
      1048:     31440.000000           1         -442.3778   
      1049:     31470.000000           1         -442.3704   
      1050:     31500.000000           1         -442.3659   
      1051:     31530.000000           1         -442.3581   
      1052:     31560.000000           1         -442.3428   
      1053:     31590.000000           1         -442.3193   
      1054:     31620.000000           1         -442.2994   
      1055:     31650.000000           1         -442.2854   
      1056:     31680.000000           1         -442.2772   
      1057:     31710.000000           1         -442.2713   
      1058:     31740.000000           1         -442.2559   
      1059:     31770.000000           1         -442.2453   
      1060:     31800.000000           1         -442.2331   
      1061:     31830.000000           1         -442.2236   
      1062:     31860.000000           1         -442.2129   
      1063:     31890.000000           1         -442.2042   
      1064:     31920.000000           1         -442.1945   
      1065:     31950.000000           1         -442.1902   
      1066:     31980.000000           1         -442.1840   
      1067:     32010.000000           1         -442.1830   
      1068:     32040.000000           1         -442.1823   
      1069:     32070.000000           1         -442.1853   
      1070:     32100.000000           1         -442.1821   
      1071:     32130.000000           1         -442.1724   
      1072:     32160.000000           1         -442.1657   
      1073:     32190.000000           1         -442.1563   
      1074:     32220.000000           1         -442.1538   
      1075:     32250.000000           1         -442.1474   
      1076:     32280.000000           1         -442.1394   
      1077:     32310.000000           1         -442.1372   
      1078:     32340.000000           1         -442.1213   
      1079:     32370.000000           1         -442.1138   
      1080:     32400.000000           1         -442.1108   
      1081:     32430.000000           1         -442.1203   
      1082:     32460.000000           1         -442.1145   
      1083:     32490.000000           1         -442.1123   
      1084:     32520.000000           1         -442.1073   
      1085:     32550.000000           1         -442.1023   
      1086:     32580.000000           1         -442.0950   
      1087:     32610.000000           1         -442.0951   
      1088:     32640.000000           1         -442.0893   
      1089:     32670.000000           1         -442.0849   
      1090:     32700.000000           1         -442.0752   
      1091:     32730.000000           1         -442.0732   
      1092:     32760.000000           1         -442.0601   
      1093:     32790.000000           1         -442.0607   
      1094:     32820.000000           1         -442.0625   
      1095:     32850.000000           1         -442.0606   
      1096:     32880.000000           1         -442.0503   
      1097:     32910.000000           1         -442.0505   
      1098:     32940.000000           1         -442.0287   
      1099:     32970.000000           1         -442.0225   
      1100:     33000.000000           1         -442.0153   
      1101:     33030.000000           1         -442.0002   
      1102:     33060.000000           1         -441.9975   
      1103:     33090.000000           1         -441.9913   
      1104:     33120.000000           1         -441.9899   
      1105:     33150.000000           1         -441.9857   
      1106:     33180.000000           1         -441.9766   
      1107:     33210.000000           1         -441.9701   
      1108:     33240.000000           1         -441.9624   
      1109:     33270.000000           1         -441.9528   
      1110:     33300.000000           1         -441.9458   
      1111:     33330.000000           1         -441.9284   
      1112:     33360.000000           1         -441.9216   
      1113:     33390.000000           1         -441.9123   
      1114:     33420.000000           1         -441.8983   
      1115:     33450.000000           1         -441.8875   
      1116:     33480.000000           1         -441.8755   
      1117:     33510.000000           1         -441.8628   
      1118:     33540.000000           1         -441.8558   
      1119:     33570.000000           1         -441.8455   
      1120:     33600.000000           1         -441.8367   
      1121:     33630.000000           1         -441.8276   
      1122:     33660.000000           1         -441.8271   
      1123:     33690.000000           1         -441.8299   
      1124:     33720.000000           1         -441.8201   
      1125:     33750.000000           1         -441.8126   
      1126:     33780.000000           1         -441.8022   
      1127:     33810.000000           1         -441.7959   
      1128:     33840.000000           1         -441.7975   
      1129:     33870.000000           1         -441.7817   
      1130:     33900.000000           1         -441.7795   
      1131:     33930.000000           1         -441.7747   
      1132:     33960.000000           1         -441.7627   
      1133:     33990.000000           1         -441.7561   
      1134:     34020.000000           1         -441.7320   
      1135:     34050.000000           1         -441.7161   
      1136:     34080.000000           1         -441.6986   
      1137:     34110.000000           1         -441.6928   
      1138:     34140.000000           1         -441.6876   
      1139:     34170.000000           1         -441.6691   
      1140:     34200.000000           1         -441.6601   
      1141:     34230.000000           1         -441.6604   
      1142:     34260.000000           1         -441.6575   
      1143:     34290.000000           1         -441.6562   
      1144:     34320.000000           1         -441.6465   
      1145:     34350.000000           1         -441.6368   
      1146:     34380.000000           1         -441.6278   
      1147:     34410.000000           1         -441.6274   
      1148:     34440.000000           1         -441.6229   
      1149:     34470.000000           1         -441.6143   
      1150:     34500.000000           1         -441.5970   
      1151:     34530.000000           1         -441.5927   
      1152:     34560.000000           1         -441.5792   
      1153:     34590.000000           1         -441.5629   
      1154:     34620.000000           1         -441.5576   
      1155:     34650.000000           1         -441.5557   
      1156:     34680.000000           1         -441.5496   
      1157:     34710.000000           1         -441.5453   
      1158:     34740.000000           1         -441.5441   
      1159:     34770.000000           1         -441.5419   
      1160:     34800.000000           1         -441.5368   
      1161:     34830.000000           1         -441.5300   
      1162:     34860.000000           1         -441.5262   
      1163:     34890.000000           1         -441.5175   
      1164:     34920.000000           1         -441.5114   
      1165:     34950.000000           1         -441.4965   
      1166:     34980.000000           1         -441.4875   
      1167:     35010.000000           1         -441.4832   
      1168:     35040.000000           1         -441.4788   
      1169:     35070.000000           1         -441.4757   
      1170:     35100.000000           1         -441.4743   
      1171:     35130.000000           1         -441.4540   
      1172:     35160.000000           1         -441.4393   
      1173:     35190.000000           1         -441.4325   
      1174:     35220.000000           1         -441.4246   
      1175:     35250.000000           1         -441.4162   
      1176:     35280.000000           1         -441.4090   
      1177:     35310.000000           1         -441.3985   
      1178:     35340.000000           1         -441.3946   
      1179:     35370.000000           1         -441.3863   
      1180:     35400.000000           1         -441.3748   
      1181:     35430.000000           1         -441.3690   
      1182:     35460.000000           1         -441.3605   
      1183:     35490.000000           1         -441.3515   
      1184:     35520.000000           1         -441.3412   
      1185:     35550.000000           1         -441.3324   
      1186:     35580.000000           1         -441.3245   
      1187:     35610.000000           1         -441.3172   
      1188:     35640.000000           1         -441.3089   
      1189:     35670.000000           1         -441.3016   
      1190:     35700.000000           1         -441.2986   
      1191:     35730.000000           1         -441.2908   
      1192:     35760.000000           1         -441.2828   
      1193:     35790.000000           1         -441.2745   
      1194:     35820.000000           1         -441.2632   
      1195:     35850.000000           1         -441.2497   
      1196:     35880.000000           1         -441.2376   
      1197:     35910.000000           1         -441.2269   
      1198:     35940.000000           1         -441.2154   
      1199:     35970.000000           1         -441.2101   
      1200:     36000.000000           1         -441.1983   
      1201:     36030.000000           1         -441.1952   
      1202:     36060.000000           1         -441.1919   
      1203:     36090.000000           1         -441.1939   
      1204:     36120.000000           1         -441.1933   
      1205:     36150.000000           1         -441.1822   
      1206:     36180.000000           1         -441.1832   
      1207:     36210.000000           1         -441.1866   
      1208:     36240.000000           1         -441.1782   
      1209:     36270.000000           1         -441.1873   
      1210:     36300.000000           1         -441.1778   
      1211:     36330.000000           1         -441.1744   
      1212:     36360.000000           1         -441.1764   
      1213:     36390.000000           1         -441.1720   
      1214:     36420.000000           1         -441.1643   
      1215:     36450.000000           1         -441.1595   
      1216:     36480.000000           1         -441.1584   
      1217:     36510.000000           1         -441.1527   
      1218:     36540.000000           1         -441.1472   
      1219:     36570.000000           1         -441.1468   
      1220:     36600.000000           1         -441.1392   
      1221:     36630.000000           1         -441.1305   
      1222:     36660.000000           1         -441.1290   
      1223:     36690.000000           1         -441.1168   
      1224:     36720.000000           1         -441.1158   
      1225:     36750.000000           1         -441.1083   
      1226:     36780.000000           1         -441.1023   
      1227:     36810.000000           1         -441.0978   
      1228:     36840.000000           1         -441.0954   
      1229:     36870.000000           1         -441.0906   
      1230:     36900.000000           1         -441.0825   
      1231:     36930.000000           1         -441.0809   
      1232:     36960.000000           1         -441.0781   
      1233:     36990.000000           1         -441.0725   
      1234:     37020.000000           1         -441.0670   
      1235:     37050.000000           1         -441.0649   
      1236:     37080.000000           1         -441.0616   
      1237:     37110.000000           1         -441.0557   
      1238:     37140.000000           1         -441.0551   
      1239:     37170.000000           1         -441.0550   
      1240:     37200.000000           1         -441.0606   
      1241:     37230.000000           1         -441.0612   
      1242:     37260.000000           1         -441.0573   
      1243:     37290.000000           1         -441.0488   
      1244:     37320.000000           1         -441.0460   
      1245:     37350.000000           1         -441.0357   
      1246:     37380.000000           1         -441.0296   
      1247:     37410.000000           1         -441.0215   
      1248:     37440.000000           1         -441.0211   
      1249:     37470.000000           1         -441.0130   
      1250:     37500.000000           1         -441.0035   
      1251:     37530.000000           1         -440.9989   
      1252:     37560.000000           1         -440.9998   
      1253:     37590.000000           1         -440.9922   
      1254:     37620.000000           1         -440.9877   
      1255:     37650.000000           1         -440.9827   
      1256:     37680.000000           1         -440.9731   
      1257:     37710.000000           1         -440.9715   
      1258:     37740.000000           1         -440.9624   
      1259:     37770.000000           1         -440.9432   
      1260:     37800.000000           1         -440.9337   
      1261:     37830.000000           1         -440.9274   
      1262:     37860.000000           1         -440.9220   
      1263:     37890.000000           1         -440.9159   
      1264:     37920.000000           1         -440.9122   
      1265:     37950.000000           1         -440.8912   
      1266:     37980.000000           1         -440.8857   
      1267:     38010.000000           1         -440.8847   
      1268:     38040.000000           1         -440.8786   
      1269:     38070.000000           1         -440.8772   
      1270:     38100.000000           1         -440.8667   
      1271:     38130.000000           1         -440.8623   
      1272:     38160.000000           1         -440.8658   
      1273:     38190.000000           1         -440.8590   
      1274:     38220.000000           1         -440.8592   
      1275:     38250.000000           1         -440.8587   
      1276:     38280.000000           1         -440.8548   
      1277:     38310.000000           1         -440.8476   
      1278:     38340.000000           1         -440.8449   
      1279:     38370.000000           1         -440.8429   
      1280:     38400.000000           1         -440.8490   
      1281:     38430.000000           1         -440.8470   
      1282:     38460.000000           1         -440.8477   
      1283:     38490.000000           1         -440.8464   
      1284:     38520.000000           1         -440.8428   
      1285:     38550.000000           1         -440.8317   
      1286:     38580.000000           1         -440.8279   
      1287:     38610.000000           1         -440.8273   
      1288:     38640.000000           1         -440.8216   
      1289:     38670.000000           1         -440.8225   
      1290:     38700.000000           1         -440.8225   
      1291:     38730.000000           1         -440.8146   
      1292:     38760.000000           1         -440.8107   
      1293:     38790.000000           1         -440.8099   
      1294:     38820.000000           1         -440.8158   
      1295:     38850.000000           1         -440.8103   
      1296:     38880.000000           1         -440.8036   
      1297:     38910.000000           1         -440.8005   
      1298:     38940.000000           1         -440.7976   
      1299:     38970.000000           1         -440.7931   
      1300:     39000.000000           1         -440.7893   
      1301:     39030.000000           1         -440.7887   
      1302:     39060.000000           1         -440.7840   
      1303:     39090.000000           1         -440.7819   
      1304:     39120.000000           1         -440.7690   
      1305:     39150.000000           1         -440.7661   
      1306:     39180.000000           1         -440.7682   
      1307:     39210.000000           1         -440.7686   
      1308:     39240.000000           1         -440.7629   
      1309:     39270.000000           1         -440.7656   
      1310:     39300.000000           1         -440.7654   
      1311:     39330.000000           1         -440.7635   
      1312:     39360.000000           1         -440.7604   
      1313:     39390.000000           1         -440.7610   
      1314:     39420.000000           1         -440.7612   
      1315:     39450.000000           1         -440.7593   
      1316:     39480.000000           1         -440.7599   
      1317:     39510.000000           1         -440.7527   
      1318:     39540.000000           1         -440.7520   
      1319:     39570.000000           1         -440.7461   
      1320:     39600.000000           1         -440.7434   
      1321:     39630.000000           1         -440.7362   
      1322:     39660.000000           1         -440.7343   
      1323:     39690.000000           1         -440.7332   
      1324:     39720.000000           1         -440.7344   
      1325:     39750.000000           1         -440.7320   
      1326:     39780.000000           1         -440.7298   
      1327:     39810.000000           1         -440.7249   
      1328:     39840.000000           1         -440.7207   
      1329:     39870.000000           1         -440.7194   
      1330:     39900.000000           1         -440.7183   
      1331:     39930.000000           1         -440.7151   
      1332:     39960.000000           1         -440.7109   
      1333:     39990.000000           1         -440.7138   
      1334:     40020.000000           1         -440.7186   
      1335:     40050.000000           1         -440.7141   
      1336:     40080.000000           1         -440.7133   
      1337:     40110.000000           1         -440.7057   
      1338:     40140.000000           1         -440.7087   
      1339:     40170.000000           1         -440.7086   
      1340:     40200.000000           1         -440.7051   
      1341:     40230.000000           1         -440.7013   
      1342:     40260.000000           1         -440.6957   
      1343:     40290.000000           1         -440.6947   
      1344:     40320.000000           1         -440.6894   
      1345:     40350.000000           1         -440.6871   
      1346:     40380.000000           1         -440.6843   
      1347:     40410.000000           1         -440.6774   
      1348:     40440.000000           1         -440.6782   
      1349:     40470.000000           1         -440.6743   
      1350:     40500.000000           1         -440.6694   
      1351:     40530.000000           1         -440.6640   
      1352:     40560.000000           1         -440.6598   
      1353:     40590.000000           1         -440.6595   
      1354:     40620.000000           1         -440.6557   
      1355:     40650.000000           1         -440.6508   
      1356:     40680.000000           1         -440.6477   
      1357:     40710.000000           1         -440.6420   
      1358:     40740.000000           1         -440.6394   
      1359:     40770.000000           1         -440.6430   
      1360:     40800.000000           1         -440.6368   
      1361:     40830.000000           1         -440.6374   
      1362:     40860.000000           1         -440.6369   
      1363:     40890.000000           1         -440.6346   
      1364:     40920.000000           1         -440.6329   
      1365:     40950.000000           1         -440.6299   
      1366:     40980.000000           1         -440.6279   
      1367:     41010.000000           1         -440.6229   
      1368:     41040.000000           1         -440.6205   
      1369:     41070.000000           1         -440.6180   
      1370:     41100.000000           1         -440.6165   
      1371:     41130.000000           1         -440.6117   
      1372:     41160.000000           1         -440.6100   
      1373:     41190.000000           1         -440.6068   
      1374:     41220.000000           1         -440.6099   
      1375:     41250.000000           1         -440.6105   
      1376:     41280.000000           1         -440.6112   
      1377:     41310.000000           1         -440.6027   
      1378:     41340.000000           1         -440.6033   
      1379:     41370.000000           1         -440.6071   
      1380:     41400.000000           1         -440.6090   
      1381:     41430.000000           1         -440.6064   
      1382:     41460.000000           1         -440.6049   
      1383:     41490.000000           1         -440.5988   
      1384:     41520.000000           1         -440.5989   
      1385:     41550.000000           1         -440.5985   
      1386:     41580.000000           1         -440.6000   
      1387:     41610.000000           1         -440.6006   
      1388:     41640.000000           1         -440.6001   
      1389:     41670.000000           1         -440.5985   
      1390:     41700.000000           1         -440.5967   
      1391:     41730.000000           1         -440.6022   
      1392:     41760.000000           1         -440.6064   
      1393:     41790.000000           1         -440.6096   
      1394:     41820.000000           1         -440.6081   
      1395:     41850.000000           1         -440.6117   
      1396:     41880.000000           1         -440.6131   
      1397:     41910.000000           1         -440.6110   
      1398:     41940.000000           1         -440.6091   
      1399:     41970.000000           1         -440.6119   
      1400:     42000.000000           1         -440.6102   
      1401:     42030.000000           1         -440.6080   
      1402:     42060.000000           1         -440.6080   
      1403:     42090.000000           1         -440.6086   
      1404:     42120.000000           1         -440.6097   
      1405:     42150.000000           1         -440.6142   
      1406:     42180.000000           1         -440.6150   
      1407:     42210.000000           1         -440.6161   
      1408:     42240.000000           1         -440.6169   
      1409:     42270.000000           1         -440.6218   
      1410:     42300.000000           1         -440.6235   
      1411:     42330.000000           1         -440.6214   
      1412:     42360.000000           1         -440.6233   
      1413:     42390.000000           1         -440.6310   
      1414:     42420.000000           1         -440.6328   
      1415:     42450.000000           1         -440.6352   
      1416:     42480.000000           1         -440.6372   
      1417:     42510.000000           1         -440.6402   
      1418:     42540.000000           1         -440.6387   
      1419:     42570.000000           1         -440.6375   
      1420:     42600.000000           1         -440.6371   
      1421:     42630.000000           1         -440.6334   
      1422:     42660.000000           1         -440.6285   
      1423:     42690.000000           1         -440.6265   
      1424:     42720.000000           1         -440.6284   
      1425:     42750.000000           1         -440.6228   
      1426:     42780.000000           1         -440.6134   
      1427:     42810.000000           1         -440.6096   
      1428:     42840.000000           1         -440.6084   
      1429:     42870.000000           1         -440.6084   
      1430:     42900.000000           1         -440.6084   
      1431:     42930.000000           1         -440.6048   
      1432:     42960.000000           1         -440.6055   
      1433:     42990.000000           1         -440.6068   
      1434:     43020.000000           1         -440.6040   
      1435:     43050.000000           1         -440.6053   
      1436:     43080.000000           1         -440.6047   
      1437:     43110.000000           1         -440.6015   
      1438:     43140.000000           1         -440.5958   
      1439:     43170.000000           1         -440.5904   
      1440:     43200.000000           1         -440.5851   
      1441:     43230.000000           1         -440.5793   
      1442:     43260.000000           1         -440.5778   
      1443:     43290.000000           1         -440.5743   
      1444:     43320.000000           1         -440.5745   
      1445:     43350.000000           1         -440.5743   
      1446:     43380.000000           1         -440.5721   
      1447:     43410.000000           1         -440.5671   
      1448:     43440.000000           1         -440.5643   
      1449:     43470.000000           1         -440.5657   
      1450:     43500.000000           1         -440.5656   
      1451:     43530.000000           1         -440.5644   
      1452:     43560.000000           1         -440.5606   
      1453:     43590.000000           1         -440.5598   
      1454:     43620.000000           1         -440.5578   
      1455:     43650.000000           1         -440.5536   
      1456:     43680.000000           1         -440.5540   
      1457:     43710.000000           1         -440.5563   
      1458:     43740.000000           1         -440.5659   
      1459:     43770.000000           1         -440.5743   
      1460:     43800.000000           1         -440.5762   
      1461:     43830.000000           1         -440.5756   
      1462:     43860.000000           1         -440.5765   
      1463:     43890.000000           1         -440.5763   
      1464:     43920.000000           1         -440.5771   
      1465:     43950.000000           1         -440.5750   
      1466:     43980.000000           1         -440.5741   
      1467:     44010.000000           1         -440.5665   
      1468:     44040.000000           1         -440.5631   
      1469:     44070.000000           1         -440.5607   
      1470:     44100.000000           1         -440.5529   
      1471:     44130.000000           1         -440.5504   
      1472:     44160.000000           1         -440.5543   
      1473:     44190.000000           1         -440.5590   
      1474:     44220.000000           1         -440.5648   
      1475:     44250.000000           1         -440.5647   
      1476:     44280.000000           1         -440.5637   
      1477:     44310.000000           1         -440.5657   
      1478:     44340.000000           1         -440.5649   
      1479:     44370.000000           1         -440.5651   
      1480:     44400.000000           1         -440.5652   
      1481:     44430.000000           1         -440.5676   
      1482:     44460.000000           1         -440.5726   
      1483:     44490.000000           1         -440.5744   
      1484:     44520.000000           1         -440.5792   
      1485:     44550.000000           1         -440.5836   
      1486:     44580.000000           1         -440.5906   
      1487:     44610.000000           1         -440.5944   
      1488:     44640.000000           1         -440.5929   
      1489:     44670.000000           1         -440.5906   
      1490:     44700.000000           1         -440.5918   
      1491:     44730.000000           1         -440.5964   
      1492:     44760.000000           1         -440.5976   
      1493:     44790.000000           1         -440.5928   
      1494:     44820.000000           1         -440.5874   
      1495:     44850.000000           1         -440.5835   
      1496:     44880.000000           1         -440.5776   
      1497:     44910.000000           1         -440.5734   
      1498:     44940.000000           1         -440.5698   
      1499:     44970.000000           1         -440.5681   
      1500:     45000.000000           1         -440.5629   
      1501:     45030.000000           1         -440.5659   
      1502:     45060.000000           1         -440.5718   
      1503:     45090.000000           1         -440.5767   
      1504:     45120.000000           1         -440.5848   
      1505:     45150.000000           1         -440.5929   
      1506:     45180.000000           1         -440.5950   
      1507:     45210.000000           1         -440.6001   
      1508:     45240.000000           1         -440.6068   
      1509:     45270.000000           1         -440.6064   
      1510:     45300.000000           1         -440.6096   
      1511:     45330.000000           1         -440.6145   
      1512:     45360.000000           1         -440.6153   
      1513:     45390.000000           1         -440.6152   
      1514:     45420.000000           1         -440.6164   
      1515:     45450.000000           1         -440.6155   
      1516:     45480.000000           1         -440.6150   
      1517:     45510.000000           1         -440.6163   
      1518:     45540.000000           1         -440.6165   
      1519:     45570.000000           1         -440.6158   
      1520:     45600.000000           1         -440.6153   
      1521:     45630.000000           1         -440.6139   
      1522:     45660.000000           1         -440.6086   
      1523:     45690.000000           1         -440.6078   
      1524:     45720.000000           1         -440.6090   
      1525:     45750.000000           1         -440.6107   
      1526:     45780.000000           1         -440.6139   
      1527:     45810.000000           1         -440.6157   
      1528:     45840.000000           1         -440.6142   
      1529:     45870.000000           1         -440.6266   
      1530:     45900.000000           1         -440.6219   
      1531:     45930.000000           1         -440.6234   
      1532:     45960.000000           1         -440.6208   
      1533:     45990.000000           1         -440.6228   
      1534:     46020.000000           1         -440.6277   
      1535:     46050.000000           1         -440.6299   
      1536:     46080.000000           1         -440.6327   
      1537:     46110.000000           1         -440.6342   
      1538:     46140.000000           1         -440.6376   
      1539:     46170.000000           1         -440.6382   
      1540:     46200.000000           1         -440.6365   
      1541:     46230.000000           1         -440.6370   
      1542:     46260.000000           1         -440.6339   
      1543:     46290.000000           1         -440.6368   
      1544:     46320.000000           1         -440.6342   
      1545:     46350.000000           1         -440.6423   
      1546:     46380.000000           1         -440.6499   
      1547:     46410.000000           1         -440.6552   
      1548:     46440.000000           1         -440.6624   
      1549:     46470.000000           1         -440.6674   
      1550:     46500.000000           1         -440.6698   
      1551:     46530.000000           1         -440.6727   
      1552:     46560.000000           1         -440.6787   
      1553:     46590.000000           1         -440.6826   
      1554:     46620.000000           1         -440.6886   
      1555:     46650.000000           1         -440.6919   
      1556:     46680.000000           1         -440.6994   
      1557:     46710.000000           1         -440.6995   
      1558:     46740.000000           1         -440.7012   
      1559:     46770.000000           1         -440.7011   
      1560:     46800.000000           1         -440.7100   
      1561:     46830.000000           1         -440.7258   
      1562:     46860.000000           1         -440.7241   
      1563:     46890.000000           1         -440.7312   
      1564:     46920.000000           1         -440.7338   
      1565:     46950.000000           1         -440.7393   
      1566:     46980.000000           1         -440.7419   
      1567:     47010.000000           1         -440.7426   
      1568:     47040.000000           1         -440.7457   
      1569:     47070.000000           1         -440.7456   
      1570:     47100.000000           1         -440.7486   
      1571:     47130.000000           1         -440.7512   
      1572:     47160.000000           1         -440.7528   
      1573:     47190.000000           1         -440.7552   
      1574:     47220.000000           1         -440.7532   
      1575:     47250.000000           1         -440.7492   
      1576:     47280.000000           1         -440.7557   
      1577:     47310.000000           1         -440.7530   
      1578:     47340.000000           1         -440.7533   
      1579:     47370.000000           1         -440.7549   
      1580:     47400.000000           1         -440.7559   
      1581:     47430.000000           1         -440.7575   
      1582:     47460.000000           1         -440.7614   
      1583:     47490.000000           1         -440.7646   
      1584:     47520.000000           1         -440.7674   
      1585:     47550.000000           1         -440.7744   
      1586:     47580.000000           1         -440.7781   
      1587:     47610.000000           1         -440.7806   
      1588:     47640.000000           1         -440.7832   
      1589:     47670.000000           1         -440.7843   
      1590:     47700.000000           1         -440.7829   
      1591:     47730.000000           1         -440.7855   
      1592:     47760.000000           1         -440.7873   
      1593:     47790.000000           1         -440.7868   
      1594:     47820.000000           1         -440.7850   
      1595:     47850.000000           1         -440.7837   
      1596:     47880.000000           1         -440.7850   
      1597:     47910.000000           1         -440.7873   
      1598:     47940.000000           1         -440.7850   
      1599:     47970.000000           1         -440.7860   
      1600:     48000.000000           1         -440.7854   
      1601:     48030.000000           1         -440.7845   
      1602:     48060.000000           1         -440.7831   
      1603:     48090.000000           1         -440.7827   
      1604:     48120.000000           1         -440.7851   
      1605:     48150.000000           1         -440.7851   
      1606:     48180.000000           1         -440.7908   
      1607:     48210.000000           1         -440.7980   
      1608:     48240.000000           1         -440.8025   
      1609:     48270.000000           1         -440.8039   
      1610:     48300.000000           1         -440.8053   
      1611:     48330.000000           1         -440.8083   
      1612:     48360.000000           1         -440.8108   
      1613:     48390.000000           1         -440.8105   
      1614:     48420.000000           1         -440.8072   
      1615:     48450.000000           1         -440.8107   
      1616:     48480.000000           1         -440.8163   
      1617:     48510.000000           1         -440.8184   
      1618:     48540.000000           1         -440.8202   
      1619:     48570.000000           1         -440.8203   
      1620:     48600.000000           1         -440.8229   
      1621:     48630.000000           1         -440.8210   
      1622:     48660.000000           1         -440.8199   
      1623:     48690.000000           1         -440.8233   
      1624:     48720.000000           1         -440.8246   
      1625:     48750.000000           1         -440.8278   
      1626:     48780.000000           1         -440.8331   
      1627:     48810.000000           1         -440.8359   
      1628:     48840.000000           1         -440.8382   
      1629:     48870.000000           1         -440.8371   
      1630:     48900.000000           1         -440.8375   
      1631:     48930.000000           1         -440.8386   
      1632:     48960.000000           1         -440.8373   
      1633:     48990.000000           1         -440.8374   
      1634:     49020.000000           1         -440.8422   
      1635:     49050.000000           1         -440.8497   
      1636:     49080.000000           1         -440.8544   
      1637:     49110.000000           1         -440.8589   
      1638:     49140.000000           1         -440.8590   
      1639:     49170.000000           1         -440.8610   
      1640:     49200.000000           1         -440.8557   
      1641:     49230.000000           1         -440.8576   
      1642:     49260.000000           1         -440.8541   
      1643:     49290.000000           1         -440.8550   
      1644:     49320.000000           1         -440.8532   
      1645:     49350.000000           1         -440.8542   
      1646:     49380.000000           1         -440.8565   
      1647:     49410.000000           1         -440.8596   
      1648:     49440.000000           1         -440.8640   
      1649:     49470.000000           1         -440.8680   
      1650:     49500.000000           1         -440.8680   
      1651:     49530.000000           1         -440.8674   
      1652:     49560.000000           1         -440.8703   
      1653:     49590.000000           1         -440.8755   
      1654:     49620.000000           1         -440.8814   
      1655:     49650.000000           1         -440.8843   
      1656:     49680.000000           1         -440.8875   
      1657:     49710.000000           1         -440.8881   
      1658:     49740.000000           1         -440.8905   
      1659:     49770.000000           1         -440.8922   
      1660:     49800.000000           1         -440.8918   
      1661:     49830.000000           1         -440.8934   
      1662:     49860.000000           1         -440.8920   
      1663:     49890.000000           1         -440.8912   
      1664:     49920.000000           1         -440.8924   
      1665:     49950.000000           1         -440.8972   
      1666:     49980.000000           1         -440.9002   
      1667:     50010.000000           1         -440.9030   
      1668:     50040.000000           1         -440.9034   
      1669:     50070.000000           1         -440.9017   
      1670:     50100.000000           1         -440.8983   
      1671:     50130.000000           1         -440.8924   
      1672:     50160.000000           1         -440.8880   
      1673:     50190.000000           1         -440.8849   
      1674:     50220.000000           1         -440.8865   
      1675:     50250.000000           1         -440.8845   
      1676:     50280.000000           1         -440.8863   
      1677:     50310.000000           1         -440.8822   
      1678:     50340.000000           1         -440.8854   
      1679:     50370.000000           1         -440.8869   
      1680:     50400.000000           1         -440.8790   
      1681:     50430.000000           1         -440.8795   
      1682:     50460.000000           1         -440.8776   
      1683:     50490.000000           1         -440.8759   
      1684:     50520.000000           1         -440.8764   
      1685:     50550.000000           1         -440.8794   
      1686:     50580.000000           1         -440.8761   
      1687:     50610.000000           1         -440.8774   
      1688:     50640.000000           1         -440.8818   
      1689:     50670.000000           1         -440.8831   
      1690:     50700.000000           1         -440.8795   
      1691:     50730.000000           1         -440.8754   
      1692:     50760.000000           1         -440.8760   
      1693:     50790.000000           1         -440.8762   
      1694:     50820.000000           1         -440.8750   
      1695:     50850.000000           1         -440.8740   
      1696:     50880.000000           1         -440.8732   
      1697:     50910.000000           1         -440.8693   
      1698:     50940.000000           1         -440.8670   
      1699:     50970.000000           1         -440.8651   
      1700:     51000.000000           1         -440.8644   
      1701:     51030.000000           1         -440.8654   
      1702:     51060.000000           1         -440.8663   
      1703:     51090.000000           1         -440.8712   
      1704:     51120.000000           1         -440.8724   
      1705:     51150.000000           1         -440.8737   
      1706:     51180.000000           1         -440.8706   
      1707:     51210.000000           1         -440.8694   
      1708:     51240.000000           1         -440.8712   
      1709:     51270.000000           1         -440.8689   
      1710:     51300.000000           1         -440.8676   
      1711:     51330.000000           1         -440.8686   
      1712:     51360.000000           1         -440.8695   
      1713:     51390.000000           1         -440.8685   
      1714:     51420.000000           1         -440.8668   
      1715:     51450.000000           1         -440.8680   
      1716:     51480.000000           1         -440.8699   
      1717:     51510.000000           1         -440.8720   
      1718:     51540.000000           1         -440.8693   
      1719:     51570.000000           1         -440.8680   
      1720:     51600.000000           1         -440.8670   
      1721:     51630.000000           1         -440.8640   
      1722:     51660.000000           1         -440.8630   
      1723:     51690.000000           1         -440.8548   
      1724:     51720.000000           1         -440.8502   
      1725:     51750.000000           1         -440.8523   
      1726:     51780.000000           1         -440.8559   
      1727:     51810.000000           1         -440.8596   
      1728:     51840.000000           1         -440.8625   
      1729:     51870.000000           1         -440.8596   
      1730:     51900.000000           1         -440.8596   
      1731:     51930.000000           1         -440.8589   
      1732:     51960.000000           1         -440.8608   
      1733:     51990.000000           1         -440.8602   
      1734:     52020.000000           1         -440.8619   
      1735:     52050.000000           1         -440.8646   
      1736:     52080.000000           1         -440.8655   
      1737:     52110.000000           1         -440.8648   
      1738:     52140.000000           1         -440.8666   
      1739:     52170.000000           1         -440.8673   
      1740:     52200.000000           1         -440.8694   
      1741:     52230.000000           1         -440.8716   
      1742:     52260.000000           1         -440.8751   
      1743:     52290.000000           1         -440.8764   
      1744:     52320.000000           1         -440.8760   
      1745:     52350.000000           1         -440.8785   
      1746:     52380.000000           1         -440.8852   
      1747:     52410.000000           1         -440.8840   
      1748:     52440.000000           1         -440.8830   
      1749:     52470.000000           1         -440.8841   
      1750:     52500.000000           1         -440.8807   
      1751:     52530.000000           1         -440.8770   
      1752:     52560.000000           1         -440.8770   
      1753:     52590.000000           1         -440.8759   
      1754:     52620.000000           1         -440.8759   
      1755:     52650.000000           1         -440.8740   
      1756:     52680.000000           1         -440.8725   
      1757:     52710.000000           1         -440.8744   
      1758:     52740.000000           1         -440.8786   
      1759:     52770.000000           1         -440.8809   
      1760:     52800.000000           1         -440.8824   
      1761:     52830.000000           1         -440.8816   
      1762:     52860.000000           1         -440.8779   
      1763:     52890.000000           1         -440.8780   
      1764:     52920.000000           1         -440.8823   
      1765:     52950.000000           1         -440.8810   
      1766:     52980.000000           1         -440.8810   
      1767:     53010.000000           1         -440.8830   
      1768:     53040.000000           1         -440.8892   
      1769:     53070.000000           1         -440.8957   
      1770:     53100.000000           1         -440.8985   
      1771:     53130.000000           1         -440.8996   
      1772:     53160.000000           1         -440.8998   
      1773:     53190.000000           1         -440.8995   
      1774:     53220.000000           1         -440.9038   
      1775:     53250.000000           1         -440.9088   
      1776:     53280.000000           1         -440.9089   
      1777:     53310.000000           1         -440.9109   
      1778:     53340.000000           1         -440.9142   
      1779:     53370.000000           1         -440.9135   
      1780:     53400.000000           1         -440.9153   
      1781:     53430.000000           1         -440.9162   
      1782:     53460.000000           1         -440.9157   
      1783:     53490.000000           1         -440.9164   
      1784:     53520.000000           1         -440.9183   
      1785:     53550.000000           1         -440.9211   
      1786:     53580.000000           1         -440.9248   
      1787:     53610.000000           1         -440.9245   
      1788:     53640.000000           1         -440.9237   
      1789:     53670.000000           1         -440.9233   
      1790:     53700.000000           1         -440.9210   
      1791:     53730.000000           1         -440.9204   
      1792:     53760.000000           1         -440.9193   
      1793:     53790.000000           1         -440.9151   
      1794:     53820.000000           1         -440.9127   
      1795:     53850.000000           1         -440.9165   
      1796:     53880.000000           1         -440.9158   
      1797:     53910.000000           1         -440.9191   
      1798:     53940.000000           1         -440.9219   
      1799:     53970.000000           1         -440.9246   
      1800:     54000.000000           1         -440.9278   
      1801:     54030.000000           1         -440.9372   
      1802:     54060.000000           1         -440.9424   
      1803:     54090.000000           1         -440.9453   
      1804:     54120.000000           1         -440.9436   
      1805:     54150.000000           1         -440.9408   
      1806:     54180.000000           1         -440.9386   
      1807:     54210.000000           1         -440.9362   
      1808:     54240.000000           1         -440.9370   
      1809:     54270.000000           1         -440.9369   
      1810:     54300.000000           1         -440.9374   
      1811:     54330.000000           1         -440.9378   
      1812:     54360.000000           1         -440.9375   
      1813:     54390.000000           1         -440.9376   
      1814:     54420.000000           1         -440.9450   
      1815:     54450.000000           1         -440.9515   
      1816:     54480.000000           1         -440.9545   
      1817:     54510.000000           1         -440.9583   
      1818:     54540.000000           1         -440.9635   
      1819:     54570.000000           1         -440.9637   
      1820:     54600.000000           1         -440.9636   
      1821:     54630.000000           1         -440.9621   
      1822:     54660.000000           1         -440.9594   
      1823:     54690.000000           1         -440.9553   
      1824:     54720.000000           1         -440.9551   
      1825:     54750.000000           1         -440.9543   
      1826:     54780.000000           1         -440.9577   
      1827:     54810.000000           1         -440.9602   
      1828:     54840.000000           1         -440.9613   
      1829:     54870.000000           1         -440.9669   
      1830:     54900.000000           1         -440.9720   
      1831:     54930.000000           1         -440.9714   
      1832:     54960.000000           1         -440.9724   
      1833:     54990.000000           1         -440.9733   
      1834:     55020.000000           1         -440.9694   
      1835:     55050.000000           1         -440.9709   
      1836:     55080.000000           1         -440.9700   
      1837:     55110.000000           1         -440.9683   
      1838:     55140.000000           1         -440.9689   
      1839:     55170.000000           1         -440.9703   
      1840:     55200.000000           1         -440.9739   
      1841:     55230.000000           1         -440.9781   
      1842:     55260.000000           1         -440.9819   
      1843:     55290.000000           1         -440.9821   
      1844:     55320.000000           1         -440.9843   
      1845:     55350.000000           1         -440.9868   
      1846:     55380.000000           1         -440.9910   
      1847:     55410.000000           1         -441.0001   
      1848:     55440.000000           1         -441.0016   
      1849:     55470.000000           1         -441.0011   
      1850:     55500.000000           1         -441.0004   
      1851:     55530.000000           1         -441.0024   
      1852:     55560.000000           1         -441.0048   
      1853:     55590.000000           1         -441.0067   
      1854:     55620.000000           1         -441.0104   
      1855:     55650.000000           1         -441.0112   
      1856:     55680.000000           1         -441.0155   
      1857:     55710.000000           1         -441.0183   
      1858:     55740.000000           1         -441.0175   
      1859:     55770.000000           1           71.0846   
      1860:     55800.000000           1         -442.0448   
      1861:     55830.000000           1         -442.1254   
      1862:     55860.000000           1         -442.1036   
      1863:     55890.000000           1         -442.1088   
      1864:     55920.000000           1         -442.0974   
      1865:     55950.000000           1         -442.0955   
      1866:     55980.000000           1         -442.0765   
      1867:     56010.000000           1         -442.0781   
      1868:     56040.000000           1         -442.0635   
      1869:     56070.000000           1         -442.0601   
      1870:     56100.000000           1         -442.0557   
      1871:     56130.000000           1         -442.0440   
      1872:     56160.000000           1         -442.0355   
      1873:     56190.000000           1         -442.0207   
      1874:     56220.000000           1         -442.0128   
      1875:     56250.000000           1         -442.0133   
      1876:     56280.000000           1         -442.0160   
      1877:     56310.000000           1         -442.0091   
      1878:     56340.000000           1         -442.0058   
      1879:     56370.000000           1         -442.0030   
      1880:     56400.000000           1         -442.0065   
      1881:     56430.000000           1         -442.0004   
      1882:     56460.000000           1         -442.0044   
      1883:     56490.000000           1         -442.0042   
      1884:     56520.000000           1         -442.0104   
      1885:     56550.000000           1         -442.0186   
      1886:     56580.000000           1         -442.0255   
      1887:     56610.000000           1         -442.0253   
      1888:     56640.000000           1         -442.0244   
      1889:     56670.000000           1         -442.0241   
      1890:     56700.000000           1         -442.0269   
      1891:     56730.000000           1         -442.0350   
      1892:     56760.000000           1         -442.0509   
      1893:     56790.000000           1         -442.0579   
      1894:     56820.000000           1         -442.0644   
      1895:     56850.000000           1         -442.0726   
      1896:     56880.000000           1         -442.0774   
      1897:     56910.000000           1         -442.0809   
      1898:     56940.000000           1         -442.0858   
      1899:     56970.000000           1           70.9699   
      1900:     57000.000000           1           70.9630   
      1901:     57030.000000           1           70.9597   
      1902:     57060.000000           1           70.9563   
      1903:     57090.000000           1           70.9537   
      1904:     57120.000000           1           70.9490   
      1905:     57150.000000           1           70.9398   
      1906:     57180.000000           1           70.9381   
      1907:     57210.000000           1           70.9262   
      1908:     57240.000000           1           70.9098   
      1909:     57270.000000           1           70.9036   
      1910:     57300.000000           1           70.8971   
      1911:     57330.000000           1           70.8889   
      1912:     57360.000000           1           70.8847   
      1913:     57390.000000           1           70.8820   
      1914:     57420.000000           1           70.8777   
      1915:     57450.000000           1           70.8766   
      1916:     57480.000000           1           70.8708   
      1917:     57510.000000           1           70.8752   
      1918:     57540.000000           1           70.8725   
      1919:     57570.000000           1           70.8705   
      1920:     57600.000000           1           70.8664   
      1921:     57630.000000           1           70.8625   
      1922:     57660.000000           1           70.8615   
      1924:     57720.000000           1           70.8495   
      1925:     57750.000000           1           70.8468   
      1927:     57810.000000           1           70.8494   
